key,date,current_hospitalized,current_intensive_care,total_recovered,total_deceased,current_hospitalized_female,current_hospitalized_male,current_intensive_care_female,current_intensive_care_male,total_recovered_female,total_recovered_male,total_deceased_female,total_deceased_male,new_recovered,new_deceased,new_recovered_female,new_recovered_male,new_deceased_female,new_deceased_male
FR,2020-03-18,2933,764,811,217,1248,1685,239,525,379,432,96,121,,,,,,
FR,2020-03-19,3888,973,1142,315,1632,2256,284,689,562,580,136,179,331,98,183,148,40,58
FR,2020-03-20,5046,1267,1541,440,2134,2912,362,905,764,777,190,250,399,125,202,197,54,71
FR,2020-03-21,5699,1419,1769,516,2401,3298,401,1018,888,881,219,297,228,76,124,104,29,47
FR,2020-03-22,6721,1637,2071,619,2815,3906,461,1176,1040,1031,263,356,302,103,152,150,44,59
FR,2020-03-23,8414,2034,2517,847,3532,4882,569,1465,1247,1270,350,497,446,228,207,239,87,141
FR,2020-03-24,9992,2467,3233,1086,4149,5843,694,1773,1624,1609,425,661,716,239,377,339,75,164
FR,2020-03-25,11920,2912,4028,1375,4856,7064,785,2127,2028,2000,557,818,795,289,404,391,132,157
FR,2020-03-26,13722,3325,4880,1683,5570,8152,888,2437,2456,2424,681,1002,852,308,428,424,124,184
FR,2020-03-27,15536,3726,5626,1984,6248,9288,991,2735,2806,2820,809,1175,746,301,350,396,128,173
FR,2020-03-28,17395,4202,6540,2301,6995,10400,1097,3105,3251,3289,927,1374,914,317,445,469,118,199
FR,2020-03-29,19113,4559,7044,2593,7643,11470,1162,3397,3516,3528,1032,1561,504,292,265,239,105,187
FR,2020-03-30,20736,5024,7825,3009,8279,12457,1268,3756,3885,3940,1191,1818,781,416,369,412,159,257
FR,2020-03-31,22443,5460,9333,3504,8984,13459,1391,4069,4599,4734,1361,2143,1508,495,714,794,170,325
FR,2020-04-01,24306,5901,10807,4009,9738,14568,1506,4395,5268,5539,1537,2472,1474,505,669,805,176,329
FR,2020-04-02,25868,6256,12288,4477,10391,15477,1610,4646,5961,6327,1710,2767,1481,468,693,788,173,295
FR,2020-04-03,27026,6500,13858,5059,10922,16104,1651,4849,6681,7177,1954,3105,1570,582,720,850,244,338
FR,2020-04-04,27713,6663,15277,5495,11353,16360,1711,4952,7257,8020,2125,3370,1419,436,576,843,171,265
FR,2020-04-05,28428,6795,16022,5850,11713,16715,1757,5038,7597,8425,2256,3594,745,355,340,405,131,224
FR,2020-04-06,29244,6884,17086,6445,12135,17109,1776,5108,8064,9022,2496,3949,1064,595,467,597,240,355
FR,2020-04-07,29559,6939,19149,7036,12370,17189,1797,5142,8992,10157,2734,4302,2063,591,928,1135,238,353
FR,2020-04-08,29904,6954,21053,7571,12657,17247,1815,5139,9841,11212,2947,4624,1904,535,849,1055,213,322
FR,2020-04-09,30289,6874,22992,7981,12988,17301,1794,5080,10716,12276,3099,4882,1939,410,875,1064,152,258
FR,2020-04-10,30803,6810,24705,8527,13429,17374,1796,5014,11428,13277,3319,5208,1713,546,712,1001,220,326
FR,2020-04-11,30850,6685,26149,8871,13587,17263,1758,4927,12038,14111,3469,5402,1444,344,610,834,150,194
FR,2020-04-12,31344,6646,26932,9180,13938,17406,1744,4902,12376,14556,3592,5588,783,309,338,445,123,186
FR,2020-04-13,31620,6624,27460,9511,14133,17487,1747,4877,12575,14885,3725,5786,528,331,199,329,133,198
FR,2020-04-14,31811,6535,28536,10045,14351,17460,1744,4791,13046,15490,3953,6092,1076,534,471,605,228,306
FR,2020-04-15,31323,6266,30667,10558,14244,17079,1682,4584,14028,16639,4194,6364,2131,513,982,1149,241,272
FR,2020-04-16,30873,6074,32517,10962,14098,16775,1622,4452,14868,17649,4377,6585,1850,404,840,1010,183,221
FR,2020-04-17,30765,5859,34105,11373,14162,16603,1557,4302,15591,18514,4546,6827,1588,411,723,865,169,242
FR,2020-04-18,30226,5672,35652,11739,14016,16210,1498,4174,16305,19347,4711,7028,1547,366,714,833,165,201
FR,2020-04-19,30200,5585,36238,11964,14040,16160,1470,4115,16582,19656,4811,7153,586,225,277,309,100,125
FR,2020-04-20,30163,5523,37062,12405,14095,16068,1463,4060,16992,20070,4998,7407,824,441,410,414,187,254
FR,2020-04-21,29689,5278,38824,12790,14042,15647,1388,3890,17832,20992,5154,7636,1762,385,840,922,156,229
FR,2020-04-22,29336,5072,40287,13121,13930,15406,1333,3739,18546,21741,5296,7825,1463,331,714,749,142,189
FR,2020-04-23,28840,4921,41701,13426,13797,15043,1282,3639,19226,22475,5423,8003,1414,305,680,734,127,178
FR,2020-04-24,28290,4740,43092,13732,13559,14731,1236,3504,19917,23175,5553,8179,1391,306,691,700,130,176
FR,2020-04-25,27857,4597,44186,13931,13427,14430,1199,3398,20419,23767,5637,8294,1094,199,502,592,84,115
FR,2020-04-26,27848,4556,44490,14083,13443,14405,1187,3369,20566,23924,5697,8386,304,152,147,157,60,92
FR,2020-04-27,27686,4486,45094,14378,13371,14315,1182,3304,20846,24248,5819,8559,604,295,280,324,122,173
FR,2020-04-28,27344,4356,45906,14567,13239,14105,1148,3208,21256,24650,5890,8677,812,189,410,402,71,118
FR,2020-04-29,26656,4115,48000,14995,12965,13691,1072,3043,22283,25717,6062,8933,2094,428,1027,1067,172,256
FR,2020-04-30,26119,3936,49241,15183,12761,13358,1027,2909,22885,26356,6149,9034,1241,188,602,639,87,101
FR,2020-05-01,25724,3808,49975,15301,12613,13111,995,2813,23212,26763,6196,9105,734,118,327,407,47,71
FR,2020-05-02,25668,3760,50322,15419,12605,13063,993,2767,23380,26942,6242,9177,347,118,168,179,46,72
FR,2020-05-03,25656,3752,50541,15517,12600,13056,983,2769,23500,27041,6285,9232,219,98,120,99,43,55
FR,2020-05-04,25387,3628,51126,15759,12463,12924,940,2688,23798,27328,6401,9358,585,242,298,287,116,126
FR,2020-05-05,24616,3366,52488,15993,12050,12566,843,2523,24535,27953,6522,9471,1362,234,737,625,121,113
FR,2020-05-06,23825,3088,53714,16169,11662,12163,753,2335,25169,28545,6587,9582,1226,176,634,592,65,111
FR,2020-05-07,23045,2906,54766,16316,11329,11716,728,2178,25667,29099,6645,9671,1052,147,498,554,58,89
FR,2020-05-08,22563,2813,55515,16426,11099,11464,694,2119,26063,29452,6671,9755,749,110,396,353,26,84
FR,2020-05-09,22454,2757,55770,16502,11072,11382,686,2071,26183,29587,6695,9807,255,76,120,135,24,52
FR,2020-05-10,22404,2722,55978,16569,11071,11333,679,2043,26290,29688,6725,9844,208,67,107,101,30,37
FR,2020-05-11,22124,2661,56477,16747,10919,11205,662,1999,26551,29926,6810,9937,499,178,261,238,85,93
FR,2020-05-12,21441,2492,57532,16927,10581,10860,645,1847,27090,30442,6886,10041,1055,180,539,516,76,104
FR,2020-05-13,20925,2380,58414,17025,10285,10640,607,1773,27556,30858,6932,10093,882,98,466,416,46,52
FR,2020-05-14,20322,2252,59338,17148,9997,10325,563,1689,28014,31324,6988,10160,924,123,458,466,56,67
FR,2020-05-15,19721,2159,60180,17267,9688,10033,547,1612,28454,31726,7046,10221,842,119,440,402,58,61
FR,2020-05-16,19294,2088,60795,17337,9483,9811,531,1557,28769,32026,7074,10263,615,70,315,300,28,42
FR,2020-05-17,19225,2044,60942,17391,9447,9778,523,1521,28840,32102,7096,10295,147,54,71,76,22,32
FR,2020-05-18,18877,1955,61455,17513,9296,9581,501,1454,29087,32368,7143,10370,513,122,247,266,47,75
FR,2020-05-19,18331,1852,62288,17637,9023,9308,469,1383,29532,32756,7198,10439,833,124,445,388,55,69
FR,2020-05-20,17811,1751,63076,17732,8760,9051,439,1312,29938,33138,7247,10485,788,95,406,382,49,46
FR,2020-05-21,17458,1705,63577,17789,8576,8882,421,1284,30205,33372,7273,10516,501,57,267,234,26,31
FR,2020-05-22,17259,1661,63926,17864,8499,8760,415,1246,30365,33561,7299,10565,349,75,160,189,26,49
FR,2020-05-23,17053,1625,64263,17906,8400,8653,408,1217,30526,33737,7316,10590,337,42,161,176,17,25
FR,2020-05-24,17061,1615,64333,17940,8414,8647,408,1207,30554,33779,7327,10613,70,34,28,42,11,23
FR,2020-05-25,16672,1568,64911,18030,8217,8455,403,1165,30870,34041,7354,10676,578,90,316,262,27,63
FR,2020-05-26,16138,1514,65587,18112,7956,8182,387,1127,31223,34364,7392,10720,676,82,353,323,38,44
FR,2020-05-27,15559,1462,66291,18176,7661,7898,370,1092,31596,34695,7423,10753,704,64,373,331,31,33
FR,2020-05-28,15090,1390,66893,18241,7422,7668,349,1041,31923,34970,7446,10795,602,65,327,275,23,42
FR,2020-05-29,14580,1324,67501,18301,7162,7418,335,989,32243,35258,7472,10829,608,60,320,288,26,34
FR,2020-05-30,14265,1288,67964,18358,7009,7256,333,955,32475,35489,7497,10861,463,57,232,231,25,32
FR,2020-05-31,14206,1282,68051,18389,6986,7220,327,955,32509,35542,7509,10880,87,31,34,53,12,19
FR,2020-06-01,14172,1265,68136,18420,6976,7196,326,939,32543,35593,7523,10897,85,31,34,51,14,17
FR,2020-06-02,13912,1217,68506,18504,6865,7047,315,902,32706,35800,7566,10938,370,84,163,207,43,41
FR,2020-06-03,13396,1175,69149,18585,6571,6825,307,868,33070,36079,7607,10978,643,81,364,279,41,40
FR,2020-06-04,12985,1130,69665,18629,6374,6611,298,832,33315,36350,7628,11001,516,44,245,271,21,23
FR,2020-06-05,12571,1060,70192,18674,6174,6397,279,781,33573,36619,7647,11027,527,45,258,269,19,26
FR,2020-06-06,12355,1026,70493,18705,6068,6287,264,762,33720,36773,7667,11038,301,31,147,154,20,11
FR,2020-06-07,12338,1020,70529,18718,6058,6280,262,758,33742,36787,7672,11046,36,13,22,14,5,8
FR,2020-06-08,12192,991,70747,18772,5990,6202,256,735,33857,36890,7692,11080,218,54,115,103,20,34
FR,2020-06-09,11839,922,71187,18825,5821,6018,239,683,34077,37110,7715,11110,440,53,220,220,23,30
FR,2020-06-10,11556,900,71510,18848,5667,5889,244,656,34252,37258,7728,11120,323,23,175,148,13,10
FR,2020-06-11,11344,871,71824,18876,5559,5785,239,632,34411,37413,7744,11132,314,28,159,155,16,12
FR,2020-06-12,11004,846,72246,18904,5390,5614,235,611,34629,37617,7757,11147,422,28,218,204,13,15
FR,2020-06-13,10789,838,72481,18928,5283,5506,234,604,34748,37733,7767,11161,235,24,119,116,10,14
FR,2020-06-14,10760,836,72532,18937,5269,5491,236,600,34773,37759,7772,11165,51,9,25,26,5,4
FR,2020-06-15,10631,813,72717,18966,5206,5425,229,584,34879,37838,7781,11185,185,29,106,79,9,20
FR,2020-06-16,10413,788,73008,19003,5095,5318,221,567,35036,37972,7794,11209,291,37,157,134,13,24
FR,2020-06-17,10150,740,73334,19031,4971,5179,204,536,35197,38137,7804,11227,326,28,161,165,10,18
FR,2020-06-18,10009,720,73553,19059,4907,5102,199,521,35315,38238,7814,11245,219,28,118,101,10,18
FR,2020-06-19,9858,695,73779,19071,4821,5037,188,507,35440,38339,7820,11251,226,12,125,101,6,6
FR,2020-06-20,9727,683,73975,19087,4766,4961,183,500,35532,38443,7824,11263,196,16,92,104,4,12
FR,2020-06-21,9712,684,74035,19094,4761,4951,184,500,35561,38474,7829,11265,60,7,29,31,5,2
FR_ARA,2020-03-18,153,30,68,7,62,91,8,22,31,37,3,4,,,,,,
FR_ARA,2020-03-19,226,53,99,11,85,141,11,42,49,50,5,6,31,4,18,13,2,2
FR_ARA,2020-03-20,325,64,143,26,123,202,13,51,73,70,12,14,44,15,24,20,7,8
FR_ARA,2020-03-21,388,64,157,31,156,232,12,52,79,78,13,18,14,5,6,8,1,4
FR_ARA,2020-03-22,512,80,176,40,212,300,17,63,88,88,18,22,19,9,9,10,5,4
FR_ARA,2020-03-23,723,127,216,62,315,408,31,96,105,111,29,33,40,22,17,23,11,11
FR_ARA,2020-03-24,910,168,281,79,386,524,42,126,142,139,37,42,65,17,37,28,8,9
FR_ARA,2020-03-25,1190,246,371,100,504,686,58,188,194,177,46,54,90,21,52,38,9,12
FR_ARA,2020-03-26,1396,281,462,127,601,795,67,214,241,221,55,72,91,27,47,44,9,18
FR_ARA,2020-03-27,1613,333,573,158,671,942,73,260,293,280,69,89,111,31,52,59,14,17
FR_ARA,2020-03-28,1872,421,664,187,781,1091,97,324,333,331,81,106,91,29,40,51,12,17
FR_ARA,2020-03-29,2076,486,718,219,861,1215,110,376,359,359,89,130,54,32,26,28,8,24
FR_ARA,2020-03-30,2288,572,803,255,934,1354,129,443,407,396,105,150,85,36,48,37,16,20
FR_ARA,2020-03-31,2442,613,942,287,1002,1440,145,468,476,466,117,170,139,32,69,70,12,20
FR_ARA,2020-04-01,2584,661,1147,341,1063,1521,156,505,570,577,134,207,205,54,94,111,17,37
FR_ARA,2020-04-02,2658,689,1326,395,1082,1576,161,528,665,661,162,233,179,54,95,84,28,26
FR_ARA,2020-04-03,2794,714,1486,439,1147,1647,168,546,742,744,180,259,160,44,77,83,18,26
FR_ARA,2020-04-04,2831,739,1642,469,1183,1648,174,565,804,838,188,281,156,30,62,94,8,22
FR_ARA,2020-04-05,2938,769,1705,499,1236,1702,184,585,833,872,197,302,63,30,29,34,9,21
FR_ARA,2020-04-06,2986,775,1815,544,1258,1728,188,587,891,924,216,328,110,45,58,52,19,26
FR_ARA,2020-04-07,2925,748,2067,586,1246,1679,177,571,1010,1057,233,353,252,42,119,133,17,25
FR_ARA,2020-04-08,2879,729,2268,640,1237,1642,172,557,1108,1160,250,390,201,54,98,103,17,37
FR_ARA,2020-04-09,2932,711,2443,671,1292,1640,168,543,1191,1252,259,412,175,31,83,92,9,22
FR_ARA,2020-04-10,2927,689,2622,706,1306,1621,163,526,1277,1345,272,434,179,35,86,93,13,22
FR_ARA,2020-04-11,2962,673,2785,740,1360,1602,157,516,1338,1447,289,451,163,34,61,102,17,17
FR_ARA,2020-04-12,3002,665,2863,758,1388,1614,152,513,1375,1488,295,463,78,18,37,41,6,12
FR_ARA,2020-04-13,3030,662,2897,779,1414,1616,153,509,1385,1512,300,479,34,21,10,24,5,16
FR_ARA,2020-04-14,3019,651,3007,821,1415,1604,151,500,1434,1573,320,501,110,42,49,61,20,22
FR_ARA,2020-04-15,2980,631,3241,870,1387,1593,151,480,1558,1683,341,529,234,49,124,110,21,28
FR_ARA,2020-04-16,2944,620,3384,912,1368,1576,148,472,1639,1745,356,556,143,42,81,62,15,27
FR_ARA,2020-04-17,2940,594,3561,938,1375,1565,139,455,1725,1836,367,571,177,26,86,91,11,15
FR_ARA,2020-04-18,2919,571,3718,976,1381,1538,128,443,1795,1923,390,586,157,38,70,87,23,15
FR_ARA,2020-04-19,2959,565,3754,995,1408,1551,130,435,1814,1940,398,597,36,19,19,17,8,11
FR_ARA,2020-04-20,2912,568,3825,1046,1386,1526,128,440,1847,1978,423,623,71,51,33,38,25,26
FR_ARA,2020-04-21,2847,544,4010,1087,1349,1498,121,423,1947,2063,437,650,185,41,100,85,14,27
FR_ARA,2020-04-22,2789,509,4174,1116,1334,1455,114,395,2025,2149,448,668,164,29,78,86,11,18
FR_ARA,2020-04-23,2735,476,4311,1150,1317,1418,101,375,2092,2219,462,688,137,34,67,70,14,20
FR_ARA,2020-04-24,2687,458,4445,1175,1299,1388,98,360,2160,2285,475,700,134,25,68,66,13,12
FR_ARA,2020-04-25,2658,438,4561,1195,1296,1362,95,343,2219,2342,481,714,116,20,59,57,6,14
FR_ARA,2020-04-26,2669,433,4589,1209,1305,1364,95,338,2236,2353,485,724,28,14,17,11,4,10
FR_ARA,2020-04-27,2639,427,4578,1238,1286,1353,97,330,2221,2357,494,744,-11,29,-15,4,9,20
FR_ARA,2020-04-28,2584,400,4667,1258,1266,1318,89,311,2272,2395,502,756,89,20,51,38,8,12
FR_ARA,2020-04-29,2532,382,4875,1302,1233,1299,81,301,2394,2481,516,786,208,44,122,86,14,30
FR_ARA,2020-04-30,2486,371,5006,1321,1202,1284,83,288,2471,2535,529,792,131,19,77,54,13,6
FR_ARA,2020-05-01,2467,359,5092,1336,1195,1272,82,277,2511,2581,534,802,86,15,40,46,5,10
FR_ARA,2020-05-02,2470,359,5117,1345,1197,1273,81,278,2522,2595,535,810,25,9,11,14,1,8
FR_ARA,2020-05-03,2478,358,5125,1356,1205,1273,80,278,2527,2598,537,819,8,11,5,3,2,9
FR_ARA,2020-05-04,2435,345,5179,1378,1190,1245,76,269,2553,2626,545,833,54,22,26,28,8,14
FR_ARA,2020-05-05,2392,314,5288,1411,1164,1228,64,250,2615,2673,555,856,109,33,62,47,10,23
FR_ARA,2020-05-06,2292,296,5422,1428,1110,1182,60,236,2687,2735,563,865,134,17,72,62,8,9
FR_ARA,2020-05-07,2199,276,5558,1452,1073,1126,59,217,2758,2800,572,880,136,24,71,65,9,15
FR_ARA,2020-05-08,2122,262,5642,1459,1036,1086,54,208,2804,2838,574,885,84,7,46,38,2,5
FR_ARA,2020-05-09,2116,255,5660,1464,1033,1083,54,201,2812,2848,575,889,18,5,8,10,1,4
FR_ARA,2020-05-10,2110,253,5673,1473,1036,1074,55,198,2820,2853,578,895,13,9,8,5,3,6
FR_ARA,2020-05-11,2079,245,5725,1489,1022,1057,52,193,2846,2879,584,905,52,16,26,26,6,10
FR_ARA,2020-05-12,2017,236,5829,1506,986,1031,53,183,2907,2922,590,916,104,17,61,43,6,11
FR_ARA,2020-05-13,1911,224,5966,1515,917,994,49,175,2990,2976,595,920,137,9,83,54,5,4
FR_ARA,2020-05-14,1870,211,6054,1526,898,972,44,167,3037,3017,601,925,88,11,47,41,6,5
FR_ARA,2020-05-15,1825,205,6108,1538,882,943,47,158,3065,3043,607,931,54,12,28,26,6,6
FR_ARA,2020-05-16,1761,189,6194,1552,855,906,42,147,3104,3090,611,941,86,14,39,47,4,10
FR_ARA,2020-05-17,1773,189,6198,1554,861,912,43,146,3107,3091,612,942,4,2,3,1,1,1
FR_ARA,2020-05-18,1732,183,6246,1561,844,888,40,143,3129,3117,612,949,48,7,22,26,0,7
FR_ARA,2020-05-19,1662,171,6337,1581,801,861,36,135,3186,3151,622,959,91,20,57,34,10,10
FR_ARA,2020-05-20,1572,164,6443,1593,757,815,35,129,3237,3206,627,966,106,12,51,55,5,7
FR_ARA,2020-05-21,1534,159,6508,1598,734,800,34,125,3273,3235,629,969,65,5,36,29,2,3
FR_ARA,2020-05-22,1524,152,6529,1605,730,794,33,119,3287,3242,630,975,21,7,14,7,1,6
FR_ARA,2020-05-23,1506,148,6556,1612,723,783,32,116,3299,3257,633,979,27,7,12,15,3,4
FR_ARA,2020-05-24,1517,149,6558,1612,729,788,33,116,3299,3259,633,979,2,0,0,2,0,0
FR_ARA,2020-05-25,1457,144,6636,1622,705,752,34,110,3334,3302,635,987,78,10,35,43,2,8
FR_ARA,2020-05-26,1397,138,6693,1634,683,714,32,106,3358,3335,639,995,57,12,24,33,4,8
FR_ARA,2020-05-27,1327,133,6762,1641,642,685,30,103,3400,3362,645,996,69,7,42,27,6,1
FR_ARA,2020-05-28,1235,116,6855,1649,583,652,25,91,3462,3393,648,1001,93,8,62,31,3,5
FR_ARA,2020-05-29,1156,110,6931,1657,538,618,23,87,3503,3428,653,1004,76,8,41,35,5,3
FR_ARA,2020-05-30,1153,118,6959,1658,529,624,25,93,3521,3438,653,1005,28,1,18,10,0,1
FR_ARA,2020-05-31,1158,126,6975,1661,530,628,26,100,3526,3449,653,1008,16,3,5,11,0,3
FR_ARA,2020-06-01,1160,122,6976,1663,530,630,25,97,3527,3449,654,1009,1,2,1,0,1,1
FR_ARA,2020-06-02,1126,116,7011,1673,520,606,25,91,3541,3470,658,1015,35,10,14,21,4,6
FR_ARA,2020-06-03,1067,100,7068,1680,498,569,23,77,3564,3504,662,1018,57,7,23,34,4,3
FR_ARA,2020-06-04,995,94,7148,1682,459,536,23,71,3606,3542,663,1019,80,2,42,38,1,1
FR_ARA,2020-06-05,942,85,7211,1682,428,514,19,66,3641,3570,663,1019,63,0,35,28,0,0
FR_ARA,2020-06-06,921,83,7233,1684,419,502,19,64,3651,3582,664,1020,22,2,10,12,1,1
FR_ARA,2020-06-07,920,83,7234,1685,420,500,19,64,3651,3583,664,1021,1,1,0,1,0,1
FR_ARA,2020-06-08,904,81,7258,1692,416,488,17,64,3661,3597,666,1026,24,7,10,14,2,5
FR_ARA,2020-06-09,861,67,7292,1695,398,463,14,53,3678,3614,666,1029,34,3,17,17,0,3
FR_ARA,2020-06-10,831,64,7330,1700,381,450,16,48,3699,3631,668,1032,38,5,21,17,2,3
FR_ARA,2020-06-11,808,50,7360,1704,371,437,14,36,3713,3647,672,1032,30,4,14,16,4,0
FR_ARA,2020-06-12,763,45,7402,1705,350,413,12,33,3732,3670,673,1032,42,1,19,23,1,0
FR_ARA,2020-06-13,754,41,7415,1706,347,407,9,32,3737,3678,673,1033,13,1,5,8,0,1
FR_ARA,2020-06-14,752,41,7417,1706,347,405,9,32,3737,3680,673,1033,2,0,0,2,0,0
FR_ARA,2020-06-15,706,39,7447,1708,325,381,8,31,3757,3690,673,1035,30,2,20,10,0,2
FR_ARA,2020-06-16,696,38,7462,1709,326,370,8,30,3764,3698,674,1035,15,1,7,8,1,0
FR_ARA,2020-06-17,657,37,7510,1709,304,353,8,29,3790,3720,674,1035,48,0,26,22,0,0
FR_ARA,2020-06-18,639,34,7522,1710,298,341,8,26,3798,3724,674,1036,12,1,8,4,0,1
FR_ARA,2020-06-19,635,35,7523,1710,296,339,8,27,3801,3722,674,1036,1,0,3,-2,0,0
FR_ARA,2020-06-20,613,35,7548,1711,283,330,8,27,3813,3735,675,1036,25,1,12,13,1,0
FR_ARA,2020-06-21,599,35,7563,1711,278,321,8,27,3819,3744,675,1036,15,0,6,9,0,0
FR_ARA_01,2020-03-18,2,0,1,0,1,1,0,0,0,1,0,0,,,,,,
FR_ARA_01,2020-03-19,2,0,1,0,1,1,0,0,0,1,0,0,0,0,0,0,0,0
FR_ARA_01,2020-03-20,2,0,1,0,1,1,0,0,0,1,0,0,0,0,0,0,0,0
FR_ARA_01,2020-03-21,4,0,1,0,3,1,0,0,0,1,0,0,0,0,0,0,0,0
FR_ARA_01,2020-03-22,8,1,2,0,4,4,0,1,1,1,0,0,1,0,1,0,0,0
FR_ARA_01,2020-03-23,17,3,7,0,5,12,0,3,2,5,0,0,5,0,1,4,0,0
FR_ARA_01,2020-03-24,22,3,11,0,5,17,0,3,5,6,0,0,4,0,3,1,0,0
FR_ARA_01,2020-03-25,29,6,15,0,9,20,1,5,6,9,0,0,4,0,1,3,0,0
FR_ARA_01,2020-03-26,33,6,17,2,11,22,1,5,7,10,2,0,2,2,1,1,2,0
FR_ARA_01,2020-03-27,49,9,17,2,16,33,1,8,7,10,2,0,0,0,0,0,0,0
FR_ARA_01,2020-03-28,53,12,20,3,18,35,3,9,8,12,2,1,3,1,1,2,0,1
FR_ARA_01,2020-03-29,53,13,23,6,18,35,3,10,9,14,2,4,3,3,1,2,0,3
FR_ARA_01,2020-03-30,63,18,24,9,24,39,4,14,9,15,4,5,1,3,0,1,2,1
FR_ARA_01,2020-03-31,71,15,32,10,30,41,4,11,12,20,4,6,8,1,3,5,0,1
FR_ARA_01,2020-04-01,90,27,39,12,42,48,12,15,13,26,5,7,7,2,1,6,1,1
FR_ARA_01,2020-04-02,102,32,58,14,42,60,11,21,22,36,6,8,19,2,9,10,1,1
FR_ARA_01,2020-04-03,97,30,70,17,38,59,11,19,27,43,8,9,12,3,5,7,2,1
FR_ARA_01,2020-04-04,106,31,79,22,43,63,9,22,30,49,9,13,9,5,3,6,1,4
FR_ARA_01,2020-04-05,109,29,82,24,45,64,9,20,31,51,10,14,3,2,1,2,1,1
FR_ARA_01,2020-04-06,112,29,88,25,47,65,9,20,35,53,10,15,6,1,4,2,0,1
FR_ARA_01,2020-04-07,116,31,93,27,52,64,10,21,35,58,10,17,5,2,0,5,0,2
FR_ARA_01,2020-04-08,121,33,101,31,54,67,12,21,39,62,12,19,8,4,4,4,2,2
FR_ARA_01,2020-04-09,121,31,108,35,49,72,10,21,44,64,15,20,7,4,5,2,3,1
FR_ARA_01,2020-04-10,125,26,114,40,52,73,7,19,46,68,16,24,6,5,2,4,1,4
FR_ARA_01,2020-04-11,115,28,127,42,47,68,7,21,51,76,18,24,13,2,5,8,2,0
FR_ARA_01,2020-04-12,115,28,131,42,47,68,6,22,53,78,18,24,4,0,2,2,0,0
FR_ARA_01,2020-04-13,117,28,134,44,50,67,7,21,54,80,19,25,3,2,1,2,1,1
FR_ARA_01,2020-04-14,129,27,139,46,61,68,7,20,57,82,20,26,5,2,3,2,1,1
FR_ARA_01,2020-04-15,134,21,165,52,65,69,6,15,67,98,20,32,26,6,10,16,0,6
FR_ARA_01,2020-04-16,147,22,164,52,74,73,5,17,65,99,20,32,-1,0,-2,1,0,0
FR_ARA_01,2020-04-17,146,23,172,54,71,75,6,17,69,103,21,33,8,2,4,4,1,1
FR_ARA_01,2020-04-18,169,24,175,59,87,82,7,17,70,105,24,35,3,5,1,2,3,2
FR_ARA_01,2020-04-19,168,23,177,59,86,82,6,17,71,106,24,35,2,0,1,1,0,0
FR_ARA_01,2020-04-20,167,21,180,61,86,81,4,17,74,106,25,36,3,2,3,0,1,1
FR_ARA_01,2020-04-21,166,23,190,63,85,81,4,19,79,111,25,38,10,2,5,5,0,2
FR_ARA_01,2020-04-22,163,19,205,67,82,81,3,16,88,117,28,39,15,4,9,6,3,1
FR_ARA_01,2020-04-23,161,20,214,71,82,79,4,16,92,122,29,42,9,4,4,5,1,3
FR_ARA_01,2020-04-24,163,20,218,72,84,79,4,16,95,123,29,43,4,1,3,1,0,1
FR_ARA_01,2020-04-25,160,19,222,74,80,80,3,16,98,124,30,44,4,2,3,1,1,1
FR_ARA_01,2020-04-26,162,19,223,74,81,81,3,16,99,124,30,44,1,0,1,0,0,0
FR_ARA_01,2020-04-27,159,18,230,74,77,82,3,15,105,125,30,44,7,0,6,1,0,0
FR_ARA_01,2020-04-28,154,17,232,76,76,78,3,14,106,126,31,45,2,2,1,1,1,1
FR_ARA_01,2020-04-29,159,15,250,79,79,80,3,12,116,134,33,46,18,3,10,8,2,1
FR_ARA_01,2020-04-30,159,16,257,80,76,83,4,12,123,134,34,46,7,1,7,0,1,0
FR_ARA_01,2020-05-01,157,13,262,81,74,83,3,10,126,136,35,46,5,1,3,2,1,0
FR_ARA_01,2020-05-02,158,14,262,81,74,84,3,11,126,136,35,46,0,0,0,0,0,0
FR_ARA_01,2020-05-03,158,14,262,81,74,84,3,11,126,136,35,46,0,0,0,0,0,0
FR_ARA_01,2020-05-04,156,11,265,81,74,82,2,9,127,138,35,46,3,0,1,2,0,0
FR_ARA_01,2020-05-05,147,11,276,85,68,79,1,10,135,141,35,50,11,4,8,3,0,4
FR_ARA_01,2020-05-06,141,10,290,85,66,75,1,9,143,147,35,50,14,0,8,6,0,0
FR_ARA_01,2020-05-07,134,9,296,85,62,72,1,8,147,149,35,50,6,0,4,2,0,0
FR_ARA_01,2020-05-08,133,8,298,85,61,72,1,7,148,150,35,50,2,0,1,1,0,0
FR_ARA_01,2020-05-09,131,6,300,86,61,70,1,5,149,151,35,51,2,1,1,1,0,1
FR_ARA_01,2020-05-10,133,6,302,86,64,69,1,5,150,152,35,51,2,0,1,1,0,0
FR_ARA_01,2020-05-11,132,8,308,88,63,69,1,7,154,154,35,53,6,2,4,2,0,2
FR_ARA_01,2020-05-12,135,8,309,88,66,69,2,6,154,155,35,53,1,0,0,1,0,0
FR_ARA_01,2020-05-13,139,8,313,88,68,71,2,6,155,158,35,53,4,0,1,3,0,0
FR_ARA_01,2020-05-14,137,8,316,88,67,70,2,6,157,159,35,53,3,0,2,1,0,0
FR_ARA_01,2020-05-15,135,7,321,89,67,68,1,6,160,161,36,53,5,1,3,2,1,0
FR_ARA_01,2020-05-16,134,6,323,90,66,68,1,5,162,161,36,54,2,1,2,0,0,1
FR_ARA_01,2020-05-17,133,6,324,90,65,68,1,5,163,161,36,54,1,0,1,0,0,0
FR_ARA_01,2020-05-18,132,6,329,90,65,67,1,5,165,164,36,54,5,0,2,3,0,0
FR_ARA_01,2020-05-19,124,5,340,92,59,65,1,4,170,170,38,54,11,2,5,6,2,0
FR_ARA_01,2020-05-20,119,5,346,92,59,60,1,4,172,174,38,54,6,0,2,4,0,0
FR_ARA_01,2020-05-21,115,3,349,93,57,58,1,2,173,176,39,54,3,1,1,2,1,0
FR_ARA_01,2020-05-22,113,2,350,94,57,56,1,1,173,177,39,55,1,1,0,1,0,1
FR_ARA_01,2020-05-23,112,2,355,95,58,54,1,1,174,181,40,55,5,1,1,4,1,0
FR_ARA_01,2020-05-24,111,2,355,95,58,53,1,1,174,181,40,55,0,0,0,0,0,0
FR_ARA_01,2020-05-25,111,2,355,95,59,52,1,1,174,181,40,55,0,0,0,0,0,0
FR_ARA_01,2020-05-26,105,2,364,95,57,48,1,1,177,187,40,55,9,0,3,6,0,0
FR_ARA_01,2020-05-27,104,2,364,95,56,48,1,1,177,187,40,55,0,0,0,0,0,0
FR_ARA_01,2020-05-28,98,3,370,95,52,46,1,2,181,189,40,55,6,0,4,2,0,0
FR_ARA_01,2020-05-29,98,3,370,95,52,46,1,2,181,189,40,55,0,0,0,0,0,0
FR_ARA_01,2020-05-30,91,2,379,95,47,44,1,1,188,191,40,55,9,0,7,2,0,0
FR_ARA_01,2020-05-31,91,2,379,95,47,44,1,1,188,191,40,55,0,0,0,0,0,0
FR_ARA_01,2020-06-01,91,2,379,95,47,44,1,1,188,191,40,55,0,0,0,0,0,0
FR_ARA_01,2020-06-02,90,1,381,95,47,43,1,0,189,192,40,55,2,0,1,1,0,0
FR_ARA_01,2020-06-03,82,1,388,96,44,38,1,0,191,197,40,56,7,1,2,5,0,1
FR_ARA_01,2020-06-04,84,0,389,97,45,39,0,0,191,198,41,56,1,1,0,1,1,0
FR_ARA_01,2020-06-05,81,0,390,97,44,37,0,0,191,199,41,56,1,0,0,1,0,0
FR_ARA_01,2020-06-06,74,0,396,98,39,35,0,0,195,201,42,56,6,1,4,2,1,0
FR_ARA_01,2020-06-07,74,0,396,98,39,35,0,0,195,201,42,56,0,0,0,0,0,0
FR_ARA_01,2020-06-08,73,0,397,100,39,34,0,0,195,202,42,58,1,2,0,1,0,2
FR_ARA_01,2020-06-09,71,0,399,100,39,32,0,0,195,204,42,58,2,0,0,2,0,0
FR_ARA_01,2020-06-10,72,0,400,100,39,33,0,0,195,205,42,58,1,0,0,1,0,0
FR_ARA_01,2020-06-11,67,0,405,100,37,30,0,0,197,208,42,58,5,0,2,3,0,0
FR_ARA_01,2020-06-12,64,0,407,101,36,28,0,0,198,209,42,59,2,1,1,1,0,1
FR_ARA_01,2020-06-13,64,0,407,101,36,28,0,0,198,209,42,59,0,0,0,0,0,0
FR_ARA_01,2020-06-14,64,0,407,101,36,28,0,0,198,209,42,59,0,0,0,0,0,0
FR_ARA_01,2020-06-15,64,0,408,101,35,29,0,0,199,209,42,59,1,0,1,0,0,0
FR_ARA_01,2020-06-16,65,0,408,101,35,30,0,0,199,209,42,59,0,0,0,0,0,0
FR_ARA_01,2020-06-17,63,0,410,102,33,30,0,0,201,209,42,60,2,1,2,0,0,1
FR_ARA_01,2020-06-18,63,0,410,102,33,30,0,0,201,209,42,60,0,0,0,0,0,0
FR_ARA_01,2020-06-19,63,0,409,102,33,30,0,0,200,209,42,60,-1,0,-1,0,0,0
FR_ARA_01,2020-06-20,61,0,411,102,32,29,0,0,201,210,42,60,2,0,1,1,0,0
FR_ARA_01,2020-06-21,61,0,411,102,32,29,0,0,201,210,42,60,0,0,0,0,0,0
FR_ARA_03,2020-03-18,4,0,1,0,3,1,0,0,1,0,0,0,,,,,,
FR_ARA_03,2020-03-19,0,0,7,0,0,0,0,0,5,2,0,0,6,0,4,2,0,0
FR_ARA_03,2020-03-20,1,0,10,0,0,1,0,0,6,4,0,0,3,0,1,2,0,0
FR_ARA_03,2020-03-21,5,0,10,0,2,3,0,0,6,4,0,0,0,0,0,0,0,0
FR_ARA_03,2020-03-22,5,0,10,0,2,3,0,0,6,4,0,0,0,0,0,0,0,0
FR_ARA_03,2020-03-23,9,0,16,1,7,2,0,0,10,6,1,0,6,1,4,2,1,0
FR_ARA_03,2020-03-24,9,0,16,1,6,3,0,0,10,6,1,0,0,0,0,0,0,0
FR_ARA_03,2020-03-25,12,0,20,1,9,3,0,0,12,8,1,0,4,0,2,2,0,0
FR_ARA_03,2020-03-26,14,0,26,2,10,4,0,0,15,11,2,0,6,1,3,3,1,0
FR_ARA_03,2020-03-27,17,1,27,4,12,5,1,0,16,11,2,2,1,2,1,0,0,2
FR_ARA_03,2020-03-28,21,1,31,4,13,8,1,0,17,14,2,2,4,0,1,3,0,0
FR_ARA_03,2020-03-29,22,4,32,4,14,8,3,1,17,15,2,2,1,0,0,1,0,0
FR_ARA_03,2020-03-30,29,7,38,4,18,11,4,3,23,15,2,2,6,0,6,0,0,0
FR_ARA_03,2020-03-31,34,12,41,5,19,15,5,7,25,16,3,2,3,1,2,1,1,0
FR_ARA_03,2020-04-01,36,12,48,5,20,16,5,7,29,19,3,2,7,0,4,3,0,0
FR_ARA_03,2020-04-02,34,13,54,6,17,17,6,7,32,22,4,2,6,1,3,3,1,0
FR_ARA_03,2020-04-03,38,12,54,7,21,17,6,6,32,22,4,3,0,1,0,0,0,1
FR_ARA_03,2020-04-04,42,12,56,7,23,19,6,6,33,23,4,3,2,0,1,1,0,0
FR_ARA_03,2020-04-05,43,16,59,8,21,22,6,10,35,24,5,3,3,1,2,1,1,0
FR_ARA_03,2020-04-06,48,18,61,8,24,24,8,10,36,25,5,3,2,0,1,1,0,0
FR_ARA_03,2020-04-07,50,19,65,8,27,23,8,11,37,28,5,3,4,0,1,3,0,0
FR_ARA_03,2020-04-08,51,21,67,10,25,26,9,12,39,28,5,5,2,2,2,0,0,2
FR_ARA_03,2020-04-09,55,22,66,10,28,27,9,13,38,28,5,5,-1,0,-1,0,0,0
FR_ARA_03,2020-04-10,54,22,72,10,28,26,9,13,40,32,5,5,6,0,2,4,0,0
FR_ARA_03,2020-04-11,59,22,73,12,31,28,8,14,41,32,5,7,1,2,1,0,0,2
FR_ARA_03,2020-04-12,57,20,78,13,30,27,7,13,44,34,5,8,5,1,3,2,0,1
FR_ARA_03,2020-04-13,57,20,81,13,31,26,7,13,45,36,5,8,3,0,1,2,0,0
FR_ARA_03,2020-04-14,61,21,80,16,33,28,7,14,45,35,7,9,-1,3,0,-1,2,1
FR_ARA_03,2020-04-15,58,20,84,17,30,28,6,14,48,36,8,9,4,1,3,1,1,0
FR_ARA_03,2020-04-16,59,20,85,19,32,27,6,14,48,37,8,11,1,2,0,1,0,2
FR_ARA_03,2020-04-17,60,19,86,19,32,28,6,13,48,38,8,11,1,0,0,1,0,0
FR_ARA_03,2020-04-18,56,17,89,22,29,27,5,12,49,40,11,11,3,3,1,2,3,0
FR_ARA_03,2020-04-19,56,18,89,22,29,27,5,13,49,40,11,11,0,0,0,0,0,0
FR_ARA_03,2020-04-20,61,18,89,22,32,29,5,13,49,40,11,11,0,0,0,0,0,0
FR_ARA_03,2020-04-21,55,18,98,22,27,28,5,13,54,44,11,11,9,0,5,4,0,0
FR_ARA_03,2020-04-22,54,18,102,22,27,27,5,13,57,45,11,11,4,0,3,1,0,0
FR_ARA_03,2020-04-23,53,16,106,22,25,28,4,12,61,45,11,11,4,0,4,0,0,0
FR_ARA_03,2020-04-24,52,14,108,23,25,27,4,10,62,46,12,11,2,1,1,1,1,0
FR_ARA_03,2020-04-25,53,14,111,23,27,26,4,10,64,47,12,11,3,0,2,1,0,0
FR_ARA_03,2020-04-26,55,14,112,23,27,28,4,10,65,47,12,11,1,0,1,0,0,0
FR_ARA_03,2020-04-27,54,14,113,23,27,27,4,10,65,48,12,11,1,0,0,1,0,0
FR_ARA_03,2020-04-28,51,12,116,23,25,26,3,9,67,49,12,11,3,0,2,1,0,0
FR_ARA_03,2020-04-29,45,14,123,26,22,23,4,10,71,52,14,12,7,3,4,3,2,1
FR_ARA_03,2020-04-30,44,14,124,26,22,22,4,10,71,53,14,12,1,0,0,1,0,0
FR_ARA_03,2020-05-01,43,14,125,27,19,24,4,10,72,53,15,12,1,1,1,0,1,0
FR_ARA_03,2020-05-02,44,14,126,27,19,25,4,10,73,53,15,12,1,0,1,0,0,0
FR_ARA_03,2020-05-03,44,14,126,27,19,25,4,10,73,53,15,12,0,0,0,0,0,0
FR_ARA_03,2020-05-04,46,14,125,27,19,27,4,10,73,52,15,12,-1,0,0,-1,0,0
FR_ARA_03,2020-05-05,40,11,131,29,16,24,3,8,78,53,15,14,6,2,5,1,0,2
FR_ARA_03,2020-05-06,36,11,133,29,14,22,3,8,78,55,15,14,2,0,0,2,0,0
FR_ARA_03,2020-05-07,36,11,135,29,15,21,3,8,79,56,15,14,2,0,1,1,0,0
FR_ARA_03,2020-05-08,34,9,137,30,14,20,3,6,80,57,15,15,2,1,1,1,0,1
FR_ARA_03,2020-05-09,35,10,136,30,14,21,3,7,80,56,15,15,-1,0,0,-1,0,0
FR_ARA_03,2020-05-10,36,10,136,30,15,21,3,7,80,56,15,15,0,0,0,0,0,0
FR_ARA_03,2020-05-11,35,10,136,30,15,20,3,7,80,56,15,15,0,0,0,0,0,0
FR_ARA_03,2020-05-12,25,7,146,31,10,15,3,4,87,59,15,16,10,1,7,3,0,1
FR_ARA_03,2020-05-13,22,5,148,32,9,13,2,3,87,61,16,16,2,1,0,2,1,0
FR_ARA_03,2020-05-14,21,3,149,32,8,13,1,2,88,61,16,16,1,0,1,0,0,0
FR_ARA_03,2020-05-15,20,3,150,32,8,12,1,2,88,62,16,16,1,0,0,1,0,0
FR_ARA_03,2020-05-16,18,2,152,32,7,11,0,2,89,63,16,16,2,0,1,1,0,0
FR_ARA_03,2020-05-17,18,2,152,32,7,11,0,2,89,63,16,16,0,0,0,0,0,0
FR_ARA_03,2020-05-18,18,2,152,32,7,11,0,2,89,63,16,16,0,0,0,0,0,0
FR_ARA_03,2020-05-19,17,0,157,34,7,10,0,0,93,64,16,18,5,2,4,1,0,2
FR_ARA_03,2020-05-20,17,0,158,37,7,10,0,0,93,65,18,19,1,3,0,1,2,1
FR_ARA_03,2020-05-21,17,0,158,37,7,10,0,0,93,65,18,19,0,0,0,0,0,0
FR_ARA_03,2020-05-22,16,0,159,37,6,10,0,0,94,65,18,19,1,0,1,0,0,0
FR_ARA_03,2020-05-23,18,0,162,37,7,11,0,0,95,67,18,19,3,0,1,2,0,0
FR_ARA_03,2020-05-24,22,1,163,37,9,13,0,1,95,68,18,19,1,0,0,1,0,0
FR_ARA_03,2020-05-25,19,0,164,37,6,13,0,0,96,68,18,19,1,0,1,0,0,0
FR_ARA_03,2020-05-26,20,0,164,37,7,13,0,0,96,68,18,19,0,0,0,0,0,0
FR_ARA_03,2020-05-27,16,0,171,37,5,11,0,0,100,71,18,19,7,0,4,3,0,0
FR_ARA_03,2020-05-28,15,0,171,38,5,10,0,0,100,71,18,20,0,1,0,0,0,1
FR_ARA_03,2020-05-29,13,0,173,38,3,10,0,0,102,71,18,20,2,0,2,0,0,0
FR_ARA_03,2020-05-30,11,0,175,38,2,9,0,0,103,72,18,20,2,0,1,1,0,0
FR_ARA_03,2020-05-31,10,0,178,38,1,9,0,0,105,73,18,20,3,0,2,1,0,0
FR_ARA_03,2020-06-01,11,0,178,38,1,10,0,0,105,73,18,20,0,0,0,0,0,0
FR_ARA_03,2020-06-02,14,0,178,39,6,8,0,0,104,74,18,21,0,1,-1,1,0,1
FR_ARA_03,2020-06-03,13,0,178,39,6,7,0,0,104,74,18,21,0,0,0,0,0,0
FR_ARA_03,2020-06-04,13,0,178,39,6,7,0,0,104,74,18,21,0,0,0,0,0,0
FR_ARA_03,2020-06-05,15,0,180,39,8,7,0,0,106,74,18,21,2,0,2,0,0,0
FR_ARA_03,2020-06-06,14,0,180,39,7,7,0,0,106,74,18,21,0,0,0,0,0,0
FR_ARA_03,2020-06-07,14,0,180,39,7,7,0,0,106,74,18,21,0,0,0,0,0,0
FR_ARA_03,2020-06-08,17,1,181,39,7,10,0,1,107,74,18,21,1,0,1,0,0,0
FR_ARA_03,2020-06-09,14,1,183,39,4,10,0,1,109,74,18,21,2,0,2,0,0,0
FR_ARA_03,2020-06-10,12,1,186,39,3,9,0,1,110,76,18,21,3,0,1,2,0,0
FR_ARA_03,2020-06-11,12,0,189,39,4,8,0,0,112,77,18,21,3,0,2,1,0,0
FR_ARA_03,2020-06-12,13,0,190,39,5,8,0,0,112,78,18,21,1,0,0,1,0,0
FR_ARA_03,2020-06-13,13,0,190,39,5,8,0,0,112,78,18,21,0,0,0,0,0,0
FR_ARA_03,2020-06-14,13,0,190,39,5,8,0,0,112,78,18,21,0,0,0,0,0,0
FR_ARA_03,2020-06-15,13,0,190,39,5,8,0,0,112,78,18,21,0,0,0,0,0,0
FR_ARA_03,2020-06-16,14,0,190,39,5,9,0,0,112,78,18,21,0,0,0,0,0,0
FR_ARA_03,2020-06-17,15,1,190,39,5,10,0,1,112,78,18,21,0,0,0,0,0,0
FR_ARA_03,2020-06-18,15,1,190,39,5,10,0,1,112,78,18,21,0,0,0,0,0,0
FR_ARA_03,2020-06-19,10,1,194,39,4,6,0,1,113,81,18,21,4,0,1,3,0,0
FR_ARA_03,2020-06-20,10,1,194,39,4,6,0,1,113,81,18,21,0,0,0,0,0,0
FR_ARA_03,2020-06-21,10,1,194,39,4,6,0,1,113,81,18,21,0,0,0,0,0,0
FR_ARA_07,2020-03-18,10,1,0,0,3,7,0,1,0,0,0,0,,,,,,
FR_ARA_07,2020-03-19,9,1,0,0,3,6,0,1,0,0,0,0,0,0,0,0,0,0
FR_ARA_07,2020-03-20,13,2,3,1,5,8,0,2,3,0,0,1,3,1,3,0,0,1
FR_ARA_07,2020-03-21,12,2,3,1,3,9,0,2,3,0,0,1,0,0,0,0,0,0
FR_ARA_07,2020-03-22,17,2,3,1,6,11,0,2,3,0,0,1,0,0,0,0,0,0
FR_ARA_07,2020-03-23,23,2,3,2,11,12,0,2,3,0,0,2,0,1,0,0,0,1
FR_ARA_07,2020-03-24,30,3,0,3,13,17,1,2,0,0,0,3,-3,1,-3,0,0,1
FR_ARA_07,2020-03-25,35,4,33,4,14,21,1,3,21,12,1,3,33,1,21,12,1,0
FR_ARA_07,2020-03-26,39,4,38,5,16,23,1,3,24,14,1,4,5,1,3,2,0,1
FR_ARA_07,2020-03-27,40,5,44,8,18,22,1,4,26,18,2,6,6,3,2,4,1,2
FR_ARA_07,2020-03-28,44,5,62,8,18,26,1,4,36,26,2,6,18,0,10,8,0,0
FR_ARA_07,2020-03-29,45,4,62,9,18,27,1,3,36,26,2,7,0,1,0,0,0,1
FR_ARA_07,2020-03-30,50,4,74,10,18,32,1,3,44,30,3,7,12,1,8,4,1,0
FR_ARA_07,2020-03-31,64,7,93,11,22,42,2,5,53,40,3,8,19,1,9,10,0,1
FR_ARA_07,2020-04-01,64,7,101,15,21,43,1,6,58,43,5,10,8,4,5,3,2,2
FR_ARA_07,2020-04-02,65,9,109,20,22,43,0,9,62,47,6,14,8,5,4,4,1,4
FR_ARA_07,2020-04-03,78,12,113,21,28,50,2,10,66,47,6,15,4,1,4,0,0,1
FR_ARA_07,2020-04-04,70,11,120,23,25,45,2,9,69,51,6,17,7,2,3,4,0,2
FR_ARA_07,2020-04-05,76,11,119,23,27,49,2,9,68,51,6,17,-1,0,-1,0,0,0
FR_ARA_07,2020-04-06,85,13,128,26,32,53,2,11,74,54,8,18,9,3,6,3,2,1
FR_ARA_07,2020-04-07,94,16,135,27,35,59,3,13,78,57,8,19,7,1,4,3,0,1
FR_ARA_07,2020-04-08,96,16,140,30,34,62,2,14,80,60,9,21,5,3,2,3,1,2
FR_ARA_07,2020-04-09,96,19,150,33,36,60,4,15,83,67,9,24,10,3,3,7,0,3
FR_ARA_07,2020-04-10,97,20,157,35,36,61,5,15,88,69,9,26,7,2,5,2,0,2
FR_ARA_07,2020-04-11,94,22,163,35,35,59,6,16,91,72,9,26,6,0,3,3,0,0
FR_ARA_07,2020-04-12,95,21,164,35,35,60,5,16,92,72,9,26,1,0,1,0,0,0
FR_ARA_07,2020-04-13,99,20,165,38,36,63,4,16,92,73,9,29,1,3,0,1,0,3
FR_ARA_07,2020-04-14,100,21,172,40,33,67,2,19,96,76,11,29,7,2,4,3,2,0
FR_ARA_07,2020-04-15,97,21,182,40,34,63,3,18,101,81,11,29,10,0,5,5,0,0
FR_ARA_07,2020-04-16,98,20,185,40,33,65,3,17,103,82,11,29,3,0,2,1,0,0
FR_ARA_07,2020-04-17,100,20,194,43,37,63,2,18,107,87,12,31,9,3,4,5,1,2
FR_ARA_07,2020-04-18,106,21,200,44,37,69,2,19,110,90,13,31,6,1,3,3,1,0
FR_ARA_07,2020-04-19,107,21,200,44,37,70,2,19,110,90,13,31,0,0,0,0,0,0
FR_ARA_07,2020-04-20,99,21,209,46,30,69,0,21,115,94,14,32,9,2,5,4,1,1
FR_ARA_07,2020-04-21,100,24,214,47,32,68,1,23,117,97,14,33,5,1,2,3,0,1
FR_ARA_07,2020-04-22,98,23,219,48,34,64,1,22,118,101,14,34,5,1,1,4,0,1
FR_ARA_07,2020-04-23,94,22,227,50,31,63,1,21,123,104,15,35,8,2,5,3,1,1
FR_ARA_07,2020-04-24,96,23,228,50,31,65,1,22,124,104,15,35,1,0,1,0,0,0
FR_ARA_07,2020-04-25,92,23,235,52,27,65,1,22,127,108,16,36,7,2,3,4,1,1
FR_ARA_07,2020-04-26,98,22,236,53,31,67,1,21,127,109,16,37,1,1,0,1,0,1
FR_ARA_07,2020-04-27,100,21,169,59,34,66,1,20,80,89,17,42,-67,6,-47,-20,1,5
FR_ARA_07,2020-04-28,128,19,139,60,52,76,1,18,63,76,17,43,-30,1,-17,-13,0,1
FR_ARA_07,2020-04-29,143,15,169,67,65,78,0,15,73,96,18,49,30,7,10,20,1,6
FR_ARA_07,2020-04-30,145,14,193,67,72,73,0,14,82,111,17,50,24,0,9,15,-1,1
FR_ARA_07,2020-05-01,146,11,201,68,76,70,0,11,85,116,17,51,8,1,3,5,0,1
FR_ARA_07,2020-05-02,145,11,204,68,76,69,0,11,85,119,17,51,3,0,0,3,0,0
FR_ARA_07,2020-05-03,143,11,204,70,76,67,0,11,85,119,17,53,0,2,0,0,0,2
FR_ARA_07,2020-05-04,140,12,210,72,74,66,0,12,89,121,18,54,6,2,4,2,1,1
FR_ARA_07,2020-05-05,154,11,224,77,81,73,0,11,99,125,18,59,14,5,10,4,0,5
FR_ARA_07,2020-05-06,137,12,254,79,71,66,0,12,115,139,19,60,30,2,16,14,1,1
FR_ARA_07,2020-05-07,136,9,259,82,70,66,0,9,119,140,20,62,5,3,4,1,1,2
FR_ARA_07,2020-05-08,133,9,264,84,72,61,0,9,120,144,21,63,5,2,1,4,1,1
FR_ARA_07,2020-05-09,132,9,265,85,71,61,0,9,121,144,22,63,1,1,1,0,1,0
FR_ARA_07,2020-05-10,132,10,271,86,69,63,1,9,126,145,23,63,6,1,5,1,1,0
FR_ARA_07,2020-05-11,128,7,276,86,67,61,0,7,129,147,23,63,5,0,3,2,0,0
FR_ARA_07,2020-05-12,125,6,284,86,63,62,0,6,135,149,23,63,8,0,6,2,0,0
FR_ARA_07,2020-05-13,119,6,295,91,59,60,0,6,142,153,26,65,11,5,7,4,3,2
FR_ARA_07,2020-05-14,119,6,300,92,61,58,0,6,145,155,26,66,5,1,3,2,0,1
FR_ARA_07,2020-05-15,111,6,304,95,60,51,1,5,146,158,27,68,4,3,1,3,1,2
FR_ARA_07,2020-05-16,96,6,319,96,52,44,1,5,154,165,28,68,15,1,8,7,1,0
FR_ARA_07,2020-05-17,96,6,319,96,52,44,1,5,154,165,28,68,0,0,0,0,0,0
FR_ARA_07,2020-05-18,99,5,321,97,56,43,1,4,155,166,28,69,2,1,1,1,0,1
FR_ARA_07,2020-05-19,96,5,327,98,52,44,1,4,162,165,28,70,6,1,7,-1,0,1
FR_ARA_07,2020-05-20,87,5,340,100,51,36,1,4,166,174,28,72,13,2,4,9,0,2
FR_ARA_07,2020-05-21,75,5,350,100,42,33,1,4,173,177,28,72,10,0,7,3,0,0
FR_ARA_07,2020-05-22,77,6,351,100,44,33,2,4,173,178,28,72,1,0,0,1,0,0
FR_ARA_07,2020-05-23,76,6,352,100,44,32,2,4,173,179,28,72,1,0,0,1,0,0
FR_ARA_07,2020-05-24,78,6,352,100,44,34,2,4,173,179,28,72,0,0,0,0,0,0
FR_ARA_07,2020-05-25,77,7,354,101,44,33,2,5,174,180,28,73,2,1,1,1,0,1
FR_ARA_07,2020-05-26,75,6,359,101,42,33,1,5,179,180,28,73,5,0,5,0,0,0
FR_ARA_07,2020-05-27,69,6,367,103,38,31,1,5,185,182,29,74,8,2,6,2,1,1
FR_ARA_07,2020-05-28,53,6,382,104,27,26,1,5,196,186,29,75,15,1,11,4,0,1
FR_ARA_07,2020-05-29,42,6,393,104,22,20,1,5,201,192,29,75,11,0,5,6,0,0
FR_ARA_07,2020-05-30,39,6,397,104,19,20,1,5,204,193,29,75,4,0,3,1,0,0
FR_ARA_07,2020-05-31,40,6,397,104,20,20,1,5,204,193,29,75,0,0,0,0,0,0
FR_ARA_07,2020-06-01,42,6,397,104,21,21,1,5,204,193,29,75,0,0,0,0,0,0
FR_ARA_07,2020-06-02,43,7,398,105,19,24,1,6,205,193,30,75,1,1,1,0,1,0
FR_ARA_07,2020-06-03,35,6,406,105,15,20,1,5,209,197,30,75,8,0,4,4,0,0
FR_ARA_07,2020-06-04,30,6,409,106,12,18,1,5,211,198,30,76,3,1,2,1,0,1
FR_ARA_07,2020-06-05,30,6,409,106,12,18,1,5,211,198,30,76,0,0,0,0,0,0
FR_ARA_07,2020-06-06,29,6,410,106,12,17,1,5,211,199,30,76,1,0,0,1,0,0
FR_ARA_07,2020-06-07,29,6,410,106,12,17,1,5,211,199,30,76,0,0,0,0,0,0
FR_ARA_07,2020-06-08,27,5,412,107,12,15,0,5,211,201,31,76,2,1,0,2,1,0
FR_ARA_07,2020-06-09,24,5,415,107,10,14,0,5,213,202,31,76,3,0,2,1,0,0
FR_ARA_07,2020-06-10,24,5,416,107,10,14,0,5,213,203,31,76,1,0,0,1,0,0
FR_ARA_07,2020-06-11,22,4,419,107,9,13,0,4,215,204,31,76,3,0,2,1,0,0
FR_ARA_07,2020-06-12,20,4,422,107,8,12,0,4,217,205,31,76,3,0,2,1,0,0
FR_ARA_07,2020-06-13,20,4,422,107,8,12,0,4,217,205,31,76,0,0,0,0,0,0
FR_ARA_07,2020-06-14,20,4,422,107,8,12,0,4,217,205,31,76,0,0,0,0,0,0
FR_ARA_07,2020-06-15,18,4,424,107,6,12,0,4,219,205,31,76,2,0,2,0,0,0
FR_ARA_07,2020-06-16,18,4,423,107,6,12,0,4,219,204,31,76,-1,0,0,-1,0,0
FR_ARA_07,2020-06-17,13,3,426,107,5,8,0,3,220,206,31,76,3,0,1,2,0,0
FR_ARA_07,2020-06-18,11,1,428,107,5,6,0,1,220,208,31,76,2,0,0,2,0,0
FR_ARA_07,2020-06-19,10,1,428,107,5,5,0,1,220,208,31,76,0,0,0,0,0,0
FR_ARA_07,2020-06-20,3,1,435,107,1,2,0,1,224,211,31,76,7,0,4,3,0,0
FR_ARA_07,2020-06-21,2,1,436,107,1,1,0,1,224,212,31,76,1,0,0,1,0,0
FR_ARA_15,2020-03-18,2,1,0,0,0,2,0,1,0,0,0,0,,,,,,
FR_ARA_15,2020-03-19,3,1,0,0,0,3,0,1,0,0,0,0,0,0,0,0,0,0
FR_ARA_15,2020-03-20,4,1,0,0,1,3,0,1,0,0,0,0,0,0,0,0,0,0
FR_ARA_15,2020-03-21,5,1,0,0,2,3,0,1,0,0,0,0,0,0,0,0,0,0
FR_ARA_15,2020-03-22,5,1,0,0,2,3,0,1,0,0,0,0,0,0,0,0,0,0
FR_ARA_15,2020-03-23,5,2,0,0,2,3,1,1,0,0,0,0,0,0,0,0,0,0
FR_ARA_15,2020-03-24,7,3,0,0,3,4,2,1,0,0,0,0,0,0,0,0,0,0
FR_ARA_15,2020-03-25,7,4,1,0,3,4,2,2,0,1,0,0,1,0,0,1,0,0
FR_ARA_15,2020-03-26,6,4,2,0,3,3,2,2,0,2,0,0,1,0,0,1,0,0
FR_ARA_15,2020-03-27,7,4,2,0,3,4,2,2,0,2,0,0,0,0,0,0,0,0
FR_ARA_15,2020-03-28,8,4,2,0,3,5,2,2,0,2,0,0,0,0,0,0,0,0
FR_ARA_15,2020-03-29,8,4,2,0,3,5,2,2,0,2,0,0,0,0,0,0,0,0
FR_ARA_15,2020-03-30,10,4,2,0,3,7,2,2,0,2,0,0,0,0,0,0,0,0
FR_ARA_15,2020-03-31,12,5,2,0,3,9,2,3,0,2,0,0,0,0,0,0,0,0
FR_ARA_15,2020-04-01,12,6,3,0,3,9,2,4,0,3,0,0,1,0,0,1,0,0
FR_ARA_15,2020-04-02,21,7,3,0,7,14,2,5,0,3,0,0,0,0,0,0,0,0
FR_ARA_15,2020-04-03,24,7,3,0,9,15,2,5,0,3,0,0,0,0,0,0,0,0
FR_ARA_15,2020-04-04,25,7,3,0,10,15,2,5,0,3,0,0,0,0,0,0,0,0
FR_ARA_15,2020-04-05,26,7,3,0,11,15,2,5,0,3,0,0,0,0,0,0,0,0
FR_ARA_15,2020-04-06,28,7,3,0,12,16,2,5,0,3,0,0,0,0,0,0,0,0
FR_ARA_15,2020-04-07,26,9,6,0,10,16,3,6,3,3,0,0,3,0,3,0,0,0
FR_ARA_15,2020-04-08,26,9,8,0,10,16,3,6,4,4,0,0,2,0,1,1,0,0
FR_ARA_15,2020-04-09,27,9,9,0,10,17,3,6,4,5,0,0,1,0,0,1,0,0
FR_ARA_15,2020-04-10,27,8,9,0,10,17,3,5,4,5,0,0,0,0,0,0,0,0
FR_ARA_15,2020-04-11,27,7,9,0,10,17,2,5,4,5,0,0,0,0,0,0,0,0
FR_ARA_15,2020-04-12,28,7,9,0,10,18,2,5,4,5,0,0,0,0,0,0,0,0
FR_ARA_15,2020-04-13,29,7,9,0,11,18,2,5,4,5,0,0,0,0,0,0,0,0
FR_ARA_15,2020-04-14,29,9,10,0,10,19,2,7,5,5,0,0,1,0,1,0,0,0
FR_ARA_15,2020-04-15,28,8,12,0,11,17,1,7,5,7,0,0,2,0,0,2,0,0
FR_ARA_15,2020-04-16,28,8,13,0,11,17,1,7,5,8,0,0,1,0,0,1,0,0
FR_ARA_15,2020-04-17,23,7,19,0,9,14,1,6,8,11,0,0,6,0,3,3,0,0
FR_ARA_15,2020-04-18,22,7,20,0,9,13,1,6,8,12,0,0,1,0,0,1,0,0
FR_ARA_15,2020-04-19,27,6,20,0,11,16,1,5,8,12,0,0,0,0,0,0,0,0
FR_ARA_15,2020-04-20,28,7,20,0,12,16,1,6,8,12,0,0,0,0,0,0,0,0
FR_ARA_15,2020-04-21,30,7,20,1,13,17,1,6,8,12,1,0,0,1,0,0,1,0
FR_ARA_15,2020-04-22,28,6,22,1,11,17,1,5,9,13,1,0,2,0,1,1,0,0
FR_ARA_15,2020-04-23,25,5,23,3,9,16,1,4,10,13,1,2,1,2,1,0,0,2
FR_ARA_15,2020-04-24,21,4,26,4,8,13,1,3,11,15,1,3,3,1,1,2,0,1
FR_ARA_15,2020-04-25,21,3,26,4,8,13,1,2,11,15,1,3,0,0,0,0,0,0
FR_ARA_15,2020-04-26,21,3,26,4,8,13,1,2,11,15,1,3,0,0,0,0,0,0
FR_ARA_15,2020-04-27,26,3,26,5,10,16,1,2,11,15,2,3,0,1,0,0,1,0
FR_ARA_15,2020-04-28,29,3,26,5,10,19,1,2,11,15,2,3,0,0,0,0,0,0
FR_ARA_15,2020-04-29,27,3,28,5,8,19,1,2,13,15,2,3,2,0,2,0,0,0
FR_ARA_15,2020-04-30,27,4,28,5,8,19,1,3,13,15,2,3,0,0,0,0,0,0
FR_ARA_15,2020-05-01,27,4,28,5,8,19,1,3,13,15,2,3,0,0,0,0,0,0
FR_ARA_15,2020-05-02,28,4,28,5,8,20,1,3,13,15,2,3,0,0,0,0,0,0
FR_ARA_15,2020-05-03,28,4,28,5,8,20,1,3,13,15,2,3,0,0,0,0,0,0
FR_ARA_15,2020-05-04,25,3,30,7,8,17,1,2,13,17,3,4,2,2,0,2,1,1
FR_ARA_15,2020-05-05,27,3,29,8,9,18,1,2,13,16,3,5,-1,1,0,-1,0,1
FR_ARA_15,2020-05-06,23,1,32,8,9,14,1,0,13,19,3,5,3,0,0,3,0,0
FR_ARA_15,2020-05-07,22,2,33,9,8,14,1,1,14,19,3,6,1,1,1,0,0,1
FR_ARA_15,2020-05-08,19,1,35,9,7,12,1,0,15,20,3,6,2,0,1,1,0,0
FR_ARA_15,2020-05-09,20,2,35,9,7,13,1,1,15,20,3,6,0,0,0,0,0,0
FR_ARA_15,2020-05-10,20,2,35,9,7,13,1,1,15,20,3,6,0,0,0,0,0,0
FR_ARA_15,2020-05-11,20,2,35,9,7,13,1,1,15,20,3,6,0,0,0,0,0,0
FR_ARA_15,2020-05-12,21,2,36,9,8,13,1,1,16,20,3,6,1,0,1,0,0,0
FR_ARA_15,2020-05-13,21,3,37,9,8,13,1,2,16,21,3,6,1,0,0,1,0,0
FR_ARA_15,2020-05-14,21,3,37,9,8,13,1,2,16,21,3,6,0,0,0,0,0,0
FR_ARA_15,2020-05-15,19,2,39,9,7,12,1,1,17,22,3,6,2,0,1,1,0,0
FR_ARA_15,2020-05-16,20,1,39,9,7,13,1,0,17,22,3,6,0,0,0,0,0,0
FR_ARA_15,2020-05-17,20,1,39,9,7,13,1,0,17,22,3,6,0,0,0,0,0,0
FR_ARA_15,2020-05-18,20,1,39,9,7,13,1,0,17,22,3,6,0,0,0,0,0,0
FR_ARA_15,2020-05-19,20,1,39,9,7,13,1,0,17,22,3,6,0,0,0,0,0,0
FR_ARA_15,2020-05-20,19,1,40,9,6,13,1,0,18,22,3,6,1,0,1,0,0,0
FR_ARA_15,2020-05-21,19,1,40,9,6,13,1,0,18,22,3,6,0,0,0,0,0,0
FR_ARA_15,2020-05-22,19,1,40,9,6,13,1,0,18,22,3,6,0,0,0,0,0,0
FR_ARA_15,2020-05-23,19,1,40,9,6,13,1,0,18,22,3,6,0,0,0,0,0,0
FR_ARA_15,2020-05-24,19,1,40,9,6,13,1,0,18,22,3,6,0,0,0,0,0,0
FR_ARA_15,2020-05-25,19,1,40,9,6,13,1,0,18,22,3,6,0,0,0,0,0,0
FR_ARA_15,2020-05-26,15,1,42,9,5,10,1,0,19,23,3,6,2,0,1,1,0,0
FR_ARA_15,2020-05-27,15,1,42,9,5,10,1,0,19,23,3,6,0,0,0,0,0,0
FR_ARA_15,2020-05-28,15,1,42,9,5,10,1,0,19,23,3,6,0,0,0,0,0,0
FR_ARA_15,2020-05-29,15,1,42,9,5,10,1,0,19,23,3,6,0,0,0,0,0,0
FR_ARA_15,2020-05-30,14,1,43,9,5,9,1,0,19,24,3,6,1,0,0,1,0,0
FR_ARA_15,2020-05-31,14,1,43,9,5,9,1,0,19,24,3,6,0,0,0,0,0,0
FR_ARA_15,2020-06-01,14,1,43,9,5,9,1,0,19,24,3,6,0,0,0,0,0,0
FR_ARA_15,2020-06-02,14,1,43,9,5,9,1,0,19,24,3,6,0,0,0,0,0,0
FR_ARA_15,2020-06-03,14,1,43,9,5,9,1,0,19,24,3,6,0,0,0,0,0,0
FR_ARA_15,2020-06-04,13,1,44,9,4,9,1,0,20,24,3,6,1,0,1,0,0,0
FR_ARA_15,2020-06-05,13,1,44,9,4,9,1,0,20,24,3,6,0,0,0,0,0,0
FR_ARA_15,2020-06-06,13,1,44,9,4,9,1,0,20,24,3,6,0,0,0,0,0,0
FR_ARA_15,2020-06-07,13,1,44,9,4,9,1,0,20,24,3,6,0,0,0,0,0,0
FR_ARA_15,2020-06-08,13,1,44,9,4,9,1,0,20,24,3,6,0,0,0,0,0,0
FR_ARA_15,2020-06-09,13,1,44,9,4,9,1,0,20,24,3,6,0,0,0,0,0,0
FR_ARA_15,2020-06-10,7,1,50,9,3,4,1,0,21,29,3,6,6,0,1,5,0,0
FR_ARA_15,2020-06-11,7,1,50,9,3,4,1,0,21,29,3,6,0,0,0,0,0,0
FR_ARA_15,2020-06-12,8,1,50,9,4,4,1,0,21,29,3,6,0,0,0,0,0,0
FR_ARA_15,2020-06-13,9,1,50,9,4,5,1,0,21,29,3,6,0,0,0,0,0,0
FR_ARA_15,2020-06-14,9,1,50,9,4,5,1,0,21,29,3,6,0,0,0,0,0,0
FR_ARA_15,2020-06-15,9,1,50,9,4,5,1,0,21,29,3,6,0,0,0,0,0,0
FR_ARA_15,2020-06-16,9,0,50,9,4,5,0,0,21,29,3,6,0,0,0,0,0,0
FR_ARA_15,2020-06-17,9,0,50,9,4,5,0,0,21,29,3,6,0,0,0,0,0,0
FR_ARA_15,2020-06-18,9,0,50,9,4,5,0,0,21,29,3,6,0,0,0,0,0,0
FR_ARA_15,2020-06-19,9,0,50,9,4,5,0,0,21,29,3,6,0,0,0,0,0,0
FR_ARA_15,2020-06-20,9,0,50,9,4,5,0,0,21,29,3,6,0,0,0,0,0,0
FR_ARA_15,2020-06-21,9,0,50,9,4,5,0,0,21,29,3,6,0,0,0,0,0,0
FR_ARA_26,2020-03-18,17,2,0,0,7,10,1,1,0,0,0,0,,,,,,
FR_ARA_26,2020-03-19,32,8,2,0,14,18,3,5,1,1,0,0,2,0,1,1,0,0
FR_ARA_26,2020-03-20,38,9,2,2,16,22,3,6,1,1,1,1,0,2,0,0,1,1
FR_ARA_26,2020-03-21,43,9,2,2,19,24,3,6,1,1,1,1,0,0,0,0,0,0
FR_ARA_26,2020-03-22,46,11,3,4,21,25,4,7,2,1,2,2,1,2,1,0,1,1
FR_ARA_26,2020-03-23,58,16,5,7,23,35,4,12,3,2,4,3,2,3,1,1,2,1
FR_ARA_26,2020-03-24,67,21,10,9,26,41,5,16,6,4,6,3,5,2,3,2,2,0
FR_ARA_26,2020-03-25,90,25,13,14,39,51,7,18,8,5,6,8,3,5,2,1,0,5
FR_ARA_26,2020-03-26,115,29,26,18,43,72,7,22,15,11,7,11,13,4,7,6,1,3
FR_ARA_26,2020-03-27,126,33,39,21,39,87,6,27,24,15,9,12,13,3,9,4,2,1
FR_ARA_26,2020-03-28,162,44,41,21,53,109,8,36,24,17,9,12,2,0,0,2,0,0
FR_ARA_26,2020-03-29,180,50,41,22,61,119,9,41,24,17,9,13,0,1,0,0,0,1
FR_ARA_26,2020-03-30,205,59,53,32,75,130,11,48,31,22,11,21,12,10,7,5,2,8
FR_ARA_26,2020-03-31,212,59,64,39,79,133,12,47,35,29,14,25,11,7,4,7,3,4
FR_ARA_26,2020-04-01,237,60,76,40,89,148,12,48,41,35,14,26,12,1,6,6,0,1
FR_ARA_26,2020-04-02,227,60,92,44,81,146,11,49,49,43,18,26,16,4,8,8,4,0
FR_ARA_26,2020-04-03,248,65,105,52,93,155,13,52,53,52,19,33,13,8,4,9,1,7
FR_ARA_26,2020-04-04,252,67,119,55,98,154,15,52,57,62,21,34,14,3,4,10,2,1
FR_ARA_26,2020-04-05,249,63,125,57,97,152,14,49,60,65,22,35,6,2,3,3,1,1
FR_ARA_26,2020-04-06,258,69,133,63,104,154,16,53,63,70,25,38,8,6,3,5,3,3
FR_ARA_26,2020-04-07,242,66,159,64,96,146,15,51,77,82,25,39,26,1,14,12,0,1
FR_ARA_26,2020-04-08,245,64,168,69,92,153,14,50,81,87,28,41,9,5,4,5,3,2
FR_ARA_26,2020-04-09,239,64,182,71,93,146,15,49,88,94,28,43,14,2,7,7,0,2
FR_ARA_26,2020-04-10,228,59,193,73,94,134,15,44,90,103,29,44,11,2,2,9,1,1
FR_ARA_26,2020-04-11,225,58,205,77,94,131,15,43,95,110,31,46,12,4,5,7,2,2
FR_ARA_26,2020-04-12,234,56,207,79,98,136,15,41,96,111,32,47,2,2,1,1,1,1
FR_ARA_26,2020-04-13,232,54,213,80,98,134,14,40,99,114,32,48,6,1,3,3,0,1
FR_ARA_26,2020-04-14,224,56,223,85,98,126,16,40,102,121,34,51,10,5,3,7,2,3
FR_ARA_26,2020-04-15,205,54,244,89,82,123,14,40,112,132,36,53,21,4,10,11,2,2
FR_ARA_26,2020-04-16,200,53,258,92,79,121,14,39,120,138,37,55,14,3,8,6,1,2
FR_ARA_26,2020-04-17,187,52,272,97,73,114,14,38,127,145,39,58,14,5,7,7,2,3
FR_ARA_26,2020-04-18,171,48,286,100,66,105,12,36,132,154,42,58,14,3,5,9,3,0
FR_ARA_26,2020-04-19,172,46,289,101,70,102,12,34,132,157,42,59,3,1,0,3,0,1
FR_ARA_26,2020-04-20,172,45,289,105,72,100,13,32,132,157,43,62,0,4,0,0,1,3
FR_ARA_26,2020-04-21,161,44,307,108,62,99,13,31,142,165,44,64,18,3,10,8,1,2
FR_ARA_26,2020-04-22,149,42,340,108,58,91,12,30,155,185,44,64,33,0,13,20,0,0
FR_ARA_26,2020-04-23,142,35,347,110,57,85,10,25,159,188,45,65,7,2,4,3,1,1
FR_ARA_26,2020-04-24,137,32,357,112,54,83,9,23,163,194,47,65,10,2,4,6,2,0
FR_ARA_26,2020-04-25,138,31,363,112,61,77,10,21,164,199,47,65,6,0,1,5,0,0
FR_ARA_26,2020-04-26,142,32,363,112,62,80,11,21,164,199,47,65,0,0,0,0,0,0
FR_ARA_26,2020-04-27,142,31,368,113,60,82,11,20,167,201,47,66,5,1,3,2,0,1
FR_ARA_26,2020-04-28,137,27,375,113,61,76,9,18,169,206,46,67,7,0,2,5,-1,1
FR_ARA_26,2020-04-29,123,23,386,118,52,71,7,16,179,207,47,71,11,5,10,1,1,4
FR_ARA_26,2020-04-30,109,22,398,121,45,64,7,15,185,213,50,71,12,3,6,6,3,0
FR_ARA_26,2020-05-01,103,21,403,119,42,61,7,14,187,216,49,70,5,-2,2,3,-1,-1
FR_ARA_26,2020-05-02,103,21,404,119,42,61,7,14,187,217,49,70,1,0,0,1,0,0
FR_ARA_26,2020-05-03,102,21,405,119,42,60,7,14,187,218,49,70,1,0,0,1,0,0
FR_ARA_26,2020-05-04,102,22,405,120,42,60,7,15,187,218,49,71,0,1,0,0,0,1
FR_ARA_26,2020-05-05,96,21,413,121,39,57,6,15,191,222,50,71,8,1,4,4,1,0
FR_ARA_26,2020-05-06,96,19,415,123,40,56,5,14,190,225,50,73,2,2,-1,3,0,2
FR_ARA_26,2020-05-07,89,17,428,124,37,52,5,12,197,231,50,74,13,1,7,6,0,1
FR_ARA_26,2020-05-08,82,15,432,126,33,49,5,10,202,230,50,76,4,2,5,-1,0,2
FR_ARA_26,2020-05-09,82,14,432,126,33,49,5,9,202,230,50,76,0,0,0,0,0,0
FR_ARA_26,2020-05-10,81,13,433,127,33,48,5,8,203,230,50,77,1,1,1,0,0,1
FR_ARA_26,2020-05-11,81,12,433,127,33,48,5,7,203,230,50,77,0,0,0,0,0,0
FR_ARA_26,2020-05-12,77,9,437,127,30,47,4,5,206,231,50,77,4,0,3,1,0,0
FR_ARA_26,2020-05-13,73,8,441,127,28,45,3,5,208,233,50,77,4,0,2,2,0,0
FR_ARA_26,2020-05-14,76,7,446,127,29,47,2,5,211,235,50,77,5,0,3,2,0,0
FR_ARA_26,2020-05-15,72,5,451,127,28,44,2,3,212,239,50,77,5,0,1,4,0,0
FR_ARA_26,2020-05-16,72,5,452,128,28,44,2,3,213,239,50,78,1,1,1,0,0,1
FR_ARA_26,2020-05-17,72,5,452,128,28,44,2,3,213,239,50,78,0,0,0,0,0,0
FR_ARA_26,2020-05-18,67,5,457,128,27,40,2,3,214,243,50,78,5,0,1,4,0,0
FR_ARA_26,2020-05-19,67,5,457,128,27,40,2,3,214,243,50,78,0,0,0,0,0,0
FR_ARA_26,2020-05-20,61,5,462,128,24,37,2,3,216,246,50,78,5,0,2,3,0,0
FR_ARA_26,2020-05-21,60,6,464,128,24,36,2,4,216,248,50,78,2,0,0,2,0,0
FR_ARA_26,2020-05-22,59,6,465,128,23,36,2,4,217,248,50,78,1,0,1,0,0,0
FR_ARA_26,2020-05-23,56,4,468,128,22,34,2,2,218,250,50,78,3,0,1,2,0,0
FR_ARA_26,2020-05-24,56,4,468,128,22,34,2,2,218,250,50,78,0,0,0,0,0,0
FR_ARA_26,2020-05-25,56,4,469,128,21,35,2,2,219,250,50,78,1,0,1,0,0,0
FR_ARA_26,2020-05-26,56,4,470,128,21,35,2,2,219,251,50,78,1,0,0,1,0,0
FR_ARA_26,2020-05-27,55,4,471,128,20,35,2,2,220,251,50,78,1,0,1,0,0,0
FR_ARA_26,2020-05-28,55,3,472,128,20,35,1,2,221,251,50,78,1,0,1,0,0,0
FR_ARA_26,2020-05-29,52,2,475,128,19,33,0,2,222,253,50,78,3,0,1,2,0,0
FR_ARA_26,2020-05-30,48,2,478,129,18,30,0,2,223,255,50,79,3,1,1,2,0,1
FR_ARA_26,2020-05-31,48,2,478,129,18,30,0,2,223,255,50,79,0,0,0,0,0,0
FR_ARA_26,2020-06-01,48,2,478,129,18,30,0,2,223,255,50,79,0,0,0,0,0,0
FR_ARA_26,2020-06-02,47,2,479,129,17,30,0,2,224,255,50,79,1,0,1,0,0,0
FR_ARA_26,2020-06-03,47,2,479,129,17,30,0,2,224,255,50,79,0,0,0,0,0,0
FR_ARA_26,2020-06-04,45,2,481,129,17,28,0,2,224,257,50,79,2,0,0,2,0,0
FR_ARA_26,2020-06-05,44,1,482,129,17,27,0,1,224,258,50,79,1,0,0,1,0,0
FR_ARA_26,2020-06-06,42,1,484,129,16,26,0,1,225,259,50,79,2,0,1,1,0,0
FR_ARA_26,2020-06-07,42,1,484,129,16,26,0,1,225,259,50,79,0,0,0,0,0,0
FR_ARA_26,2020-06-08,38,2,488,129,15,23,0,2,226,262,50,79,4,0,1,3,0,0
FR_ARA_26,2020-06-09,38,2,488,129,15,23,0,2,226,262,50,79,0,0,0,0,0,0
FR_ARA_26,2020-06-10,39,2,488,129,16,23,0,2,226,262,50,79,0,0,0,0,0,0
FR_ARA_26,2020-06-11,37,2,490,129,14,23,0,2,228,262,50,79,2,0,2,0,0,0
FR_ARA_26,2020-06-12,36,2,491,129,13,23,0,2,229,262,50,79,1,0,1,0,0,0
FR_ARA_26,2020-06-13,36,2,491,129,13,23,0,2,229,262,50,79,0,0,0,0,0,0
FR_ARA_26,2020-06-14,36,2,491,129,13,23,0,2,229,262,50,79,0,0,0,0,0,0
FR_ARA_26,2020-06-15,35,2,492,129,13,22,0,2,229,263,50,79,1,0,0,1,0,0
FR_ARA_26,2020-06-16,37,2,492,129,14,23,0,2,229,263,50,79,0,0,0,0,0,0
FR_ARA_26,2020-06-17,37,2,493,129,14,23,0,2,229,264,50,79,1,0,0,1,0,0
FR_ARA_26,2020-06-18,33,1,497,129,12,21,0,1,231,266,50,79,4,0,2,2,0,0
FR_ARA_26,2020-06-19,33,1,497,129,12,21,0,1,231,266,50,79,0,0,0,0,0,0
FR_ARA_26,2020-06-20,25,1,504,129,9,16,0,1,234,270,50,79,7,0,3,4,0,0
FR_ARA_26,2020-06-21,25,1,504,129,9,16,0,1,234,270,50,79,0,0,0,0,0,0
FR_ARA_38,2020-03-18,18,2,0,1,8,10,1,1,0,0,0,1,,,,,,
FR_ARA_38,2020-03-19,22,2,3,1,10,12,1,1,2,1,0,1,3,0,2,1,0,0
FR_ARA_38,2020-03-20,27,2,10,1,14,13,1,1,5,5,0,1,7,0,3,4,0,0
FR_ARA_38,2020-03-21,30,2,13,1,15,15,1,1,6,7,0,1,3,0,1,2,0,0
FR_ARA_38,2020-03-22,36,2,14,1,19,17,1,1,6,8,0,1,1,0,0,1,0,0
FR_ARA_38,2020-03-23,51,7,19,3,24,27,2,5,7,12,1,2,5,2,1,4,1,1
FR_ARA_38,2020-03-24,59,7,31,3,26,33,2,5,15,16,1,2,12,0,8,4,0,0
FR_ARA_38,2020-03-25,79,16,38,3,31,48,2,14,19,19,1,2,7,0,4,3,0,0
FR_ARA_38,2020-03-26,88,18,46,4,35,53,3,15,23,23,1,3,8,1,4,4,0,1
FR_ARA_38,2020-03-27,114,29,52,4,48,66,6,23,24,28,1,3,6,0,1,5,0,0
FR_ARA_38,2020-03-28,120,30,57,6,52,68,6,24,26,31,3,3,5,2,2,3,2,0
FR_ARA_38,2020-03-29,139,38,61,8,61,78,8,30,27,34,4,4,4,2,1,3,1,1
FR_ARA_38,2020-03-30,163,46,64,11,65,98,10,36,29,35,5,6,3,3,2,1,1,2
FR_ARA_38,2020-03-31,173,54,74,13,67,106,13,41,36,38,5,8,10,2,7,3,0,2
FR_ARA_38,2020-04-01,183,58,91,15,72,111,14,44,45,46,6,9,17,2,9,8,1,1
FR_ARA_38,2020-04-02,196,58,96,16,81,115,15,43,47,49,7,9,5,1,2,3,1,0
FR_ARA_38,2020-04-03,199,62,108,21,84,115,16,46,53,55,8,13,12,5,6,6,1,4
FR_ARA_38,2020-04-04,201,62,124,23,88,113,15,47,60,64,9,14,16,2,7,9,1,1
FR_ARA_38,2020-04-05,219,65,128,25,96,123,15,50,62,66,9,16,4,2,2,2,0,2
FR_ARA_38,2020-04-06,238,65,137,27,111,127,16,49,65,72,9,18,9,2,3,6,0,2
FR_ARA_38,2020-04-07,247,66,144,30,117,130,15,51,67,77,11,19,7,3,2,5,2,1
FR_ARA_38,2020-04-08,226,55,170,35,103,123,10,45,85,85,12,23,26,5,18,8,1,4
FR_ARA_38,2020-04-09,234,60,188,38,105,129,11,49,93,95,13,25,18,3,8,10,1,2
FR_ARA_38,2020-04-10,248,56,199,41,113,135,9,47,99,100,15,26,11,3,6,5,2,1
FR_ARA_38,2020-04-11,245,54,206,45,115,130,10,44,103,103,16,29,7,4,4,3,1,3
FR_ARA_38,2020-04-12,246,52,215,47,120,126,12,40,107,108,16,31,9,2,4,5,0,2
FR_ARA_38,2020-04-13,252,49,218,48,122,130,12,37,108,110,16,32,3,1,1,2,0,1
FR_ARA_38,2020-04-14,246,47,225,52,118,128,13,34,112,113,19,33,7,4,4,3,3,1
FR_ARA_38,2020-04-15,252,50,242,59,119,133,18,32,125,117,23,36,17,7,13,4,4,3
FR_ARA_38,2020-04-16,243,45,260,62,114,129,15,30,137,123,25,37,18,3,12,6,2,1
FR_ARA_38,2020-04-17,252,43,268,63,119,133,12,31,141,127,26,37,8,1,4,4,1,0
FR_ARA_38,2020-04-18,244,39,289,65,118,126,12,27,147,142,27,38,21,2,6,15,1,1
FR_ARA_38,2020-04-19,242,35,294,68,118,124,13,22,150,144,28,40,5,3,3,2,1,2
FR_ARA_38,2020-04-20,234,36,306,74,119,115,14,22,154,152,30,44,12,6,4,8,2,4
FR_ARA_38,2020-04-21,220,31,337,81,112,108,8,23,173,164,33,48,31,7,19,12,3,4
FR_ARA_38,2020-04-22,222,33,348,84,116,106,8,25,175,173,34,50,11,3,2,9,1,2
FR_ARA_38,2020-04-23,221,36,363,89,112,109,9,27,183,180,37,52,15,5,8,7,3,2
FR_ARA_38,2020-04-24,215,34,378,95,105,110,9,25,194,184,41,54,15,6,11,4,4,2
FR_ARA_38,2020-04-25,211,34,383,95,101,110,8,26,197,186,41,54,5,0,3,2,0,0
FR_ARA_38,2020-04-26,209,34,384,96,100,109,8,26,198,186,41,55,1,1,1,0,0,1
FR_ARA_38,2020-04-27,215,33,382,98,103,112,8,25,197,185,42,56,-2,2,-1,-1,1,1
FR_ARA_38,2020-04-28,206,32,396,101,97,109,8,24,208,188,42,59,14,3,11,3,0,3
FR_ARA_38,2020-04-29,190,29,419,103,89,101,8,21,219,200,42,61,23,2,11,12,0,2
FR_ARA_38,2020-04-30,164,27,447,107,75,89,8,19,234,213,44,63,28,4,15,13,2,2
FR_ARA_38,2020-05-01,163,26,454,107,76,87,7,19,236,218,44,63,7,0,2,5,0,0
FR_ARA_38,2020-05-02,162,26,455,107,75,87,7,19,236,219,44,63,1,0,0,1,0,0
FR_ARA_38,2020-05-03,165,25,455,108,78,87,7,18,236,219,45,63,0,1,0,0,1,0
FR_ARA_38,2020-05-04,166,24,460,110,79,87,7,17,238,222,47,63,5,2,2,3,2,0
FR_ARA_38,2020-05-05,165,23,465,113,77,88,6,17,240,225,48,65,5,3,2,3,1,2
FR_ARA_38,2020-05-06,156,22,480,114,73,83,5,17,246,234,49,65,15,1,6,9,1,0
FR_ARA_38,2020-05-07,153,22,489,116,73,80,5,17,250,239,49,67,9,2,4,5,0,2
FR_ARA_38,2020-05-08,152,23,493,116,73,79,5,18,252,241,49,67,4,0,2,2,0,0
FR_ARA_38,2020-05-09,149,22,494,118,72,77,5,17,253,241,49,69,1,2,1,0,0,2
FR_ARA_38,2020-05-10,149,22,494,118,72,77,5,17,253,241,49,69,0,0,0,0,0,0
FR_ARA_38,2020-05-11,151,21,507,121,75,76,5,16,259,248,50,71,13,3,6,7,1,2
FR_ARA_38,2020-05-12,146,21,515,123,71,75,6,15,264,251,52,71,8,2,5,3,2,0
FR_ARA_38,2020-05-13,147,20,518,123,71,76,5,15,266,252,52,71,3,0,2,1,0,0
FR_ARA_38,2020-05-14,143,18,531,124,70,73,5,13,272,259,53,71,13,1,6,7,1,0
FR_ARA_38,2020-05-15,134,20,538,127,63,71,6,14,276,262,55,72,7,3,4,3,2,1
FR_ARA_38,2020-05-16,124,20,548,127,60,64,6,14,279,269,55,72,10,0,3,7,0,0
FR_ARA_38,2020-05-17,123,17,549,127,60,63,5,12,279,270,55,72,1,0,0,1,0,0
FR_ARA_38,2020-05-18,123,18,549,127,59,64,5,13,279,270,55,72,0,0,0,0,0,0
FR_ARA_38,2020-05-19,112,16,558,133,52,60,3,13,283,275,60,73,9,6,4,5,5,1
FR_ARA_38,2020-05-20,108,15,564,133,52,56,2,13,285,279,60,73,6,0,2,4,0,0
FR_ARA_38,2020-05-21,109,15,584,135,51,58,2,13,297,287,61,74,20,2,12,8,1,1
FR_ARA_38,2020-05-22,108,15,587,135,50,58,2,13,300,287,61,74,3,0,3,0,0,0
FR_ARA_38,2020-05-23,102,15,591,137,46,56,1,14,304,287,61,76,4,2,4,0,0,2
FR_ARA_38,2020-05-24,102,15,591,137,46,56,1,14,304,287,61,76,0,0,0,0,0,0
FR_ARA_38,2020-05-25,96,14,598,141,45,51,2,12,308,290,61,80,7,4,4,3,0,4
FR_ARA_38,2020-05-26,94,14,599,142,45,49,2,12,308,291,62,80,1,1,0,1,1,0
FR_ARA_38,2020-05-27,94,14,601,143,45,49,1,13,309,292,63,80,2,1,1,1,1,0
FR_ARA_38,2020-05-28,88,12,607,143,40,48,0,12,314,293,63,80,6,0,5,1,0,0
FR_ARA_38,2020-05-29,84,11,611,144,38,46,0,11,316,295,63,81,4,1,2,2,0,1
FR_ARA_38,2020-05-30,87,11,611,144,39,48,0,11,316,295,63,81,0,0,0,0,0,0
FR_ARA_38,2020-05-31,81,10,615,146,39,42,0,10,316,299,63,83,4,2,0,4,0,2
FR_ARA_38,2020-06-01,81,10,615,146,39,42,0,10,316,299,63,83,0,0,0,0,0,0
FR_ARA_38,2020-06-02,77,10,618,148,37,40,0,10,318,300,63,85,3,2,2,1,0,2
FR_ARA_38,2020-06-03,77,10,621,149,38,39,1,9,318,303,63,86,3,1,0,3,0,1
FR_ARA_38,2020-06-04,74,10,625,147,35,39,1,9,321,304,63,84,4,-2,3,1,0,-2
FR_ARA_38,2020-06-05,69,6,629,147,32,37,0,6,323,306,63,84,4,0,2,2,0,0
FR_ARA_38,2020-06-06,70,6,630,147,34,36,0,6,323,307,63,84,1,0,0,1,0,0
FR_ARA_38,2020-06-07,70,6,630,147,34,36,0,6,323,307,63,84,0,0,0,0,0,0
FR_ARA_38,2020-06-08,69,5,630,149,34,35,0,5,324,306,63,86,0,2,1,-1,0,2
FR_ARA_38,2020-06-09,62,5,637,149,30,32,0,5,328,309,63,86,7,0,4,3,0,0
FR_ARA_38,2020-06-10,59,6,641,151,29,30,2,4,330,311,64,87,4,2,2,2,1,1
FR_ARA_38,2020-06-11,58,5,642,151,27,31,2,3,331,311,64,87,1,0,1,0,0,0
FR_ARA_38,2020-06-12,59,4,641,151,28,31,1,3,330,311,64,87,-1,0,-1,0,0,0
FR_ARA_38,2020-06-13,58,4,642,151,28,30,1,3,330,312,64,87,1,0,0,1,0,0
FR_ARA_38,2020-06-14,58,4,642,151,28,30,1,3,330,312,64,87,0,0,0,0,0,0
FR_ARA_38,2020-06-15,59,4,643,151,30,29,1,3,330,313,64,87,1,0,0,1,0,0
FR_ARA_38,2020-06-16,57,4,646,151,29,28,1,3,331,315,64,87,3,0,1,2,0,0
FR_ARA_38,2020-06-17,59,4,654,151,28,31,0,4,333,321,64,87,8,0,2,6,0,0
FR_ARA_38,2020-06-18,58,4,656,152,28,30,0,4,334,322,64,88,2,1,1,1,0,1
FR_ARA_38,2020-06-19,60,4,657,152,29,31,0,4,334,323,64,88,1,0,0,1,0,0
FR_ARA_38,2020-06-20,57,4,660,152,27,30,0,4,336,324,64,88,3,0,2,1,0,0
FR_ARA_38,2020-06-21,57,4,660,152,27,30,0,4,336,324,64,88,0,0,0,0,0,0
FR_ARA_42,2020-03-18,31,10,3,1,10,21,1,9,1,2,0,1,,,,,,
FR_ARA_42,2020-03-19,48,18,8,3,15,33,2,16,2,6,0,3,5,2,1,4,0,2
FR_ARA_42,2020-03-20,63,17,9,4,18,45,2,15,3,6,1,3,1,1,1,0,1,0
FR_ARA_42,2020-03-21,71,18,12,6,21,50,2,16,5,7,2,4,3,2,2,1,1,1
FR_ARA_42,2020-03-22,98,23,16,8,30,68,3,20,7,9,3,5,4,2,2,2,1,1
FR_ARA_42,2020-03-23,123,25,20,10,37,86,4,21,8,12,4,6,4,2,1,3,1,1
FR_ARA_42,2020-03-24,160,29,26,13,47,113,4,25,13,13,5,8,6,3,5,1,1,2
FR_ARA_42,2020-03-25,210,40,29,16,69,141,8,32,14,15,6,10,3,3,1,2,1,2
FR_ARA_42,2020-03-26,246,50,32,19,87,159,12,38,15,17,6,13,3,3,1,2,0,3
FR_ARA_42,2020-03-27,261,51,44,20,92,169,11,40,19,25,7,13,12,1,4,8,1,0
FR_ARA_42,2020-03-28,319,66,47,27,118,201,13,53,19,28,9,18,3,7,0,3,2,5
FR_ARA_42,2020-03-29,372,72,60,33,137,235,12,60,25,35,10,23,13,6,6,7,1,5
FR_ARA_42,2020-03-30,390,82,70,36,145,245,14,68,29,41,11,25,10,3,4,6,1,2
FR_ARA_42,2020-03-31,412,83,77,44,157,255,15,68,32,45,13,31,7,8,3,4,2,6
FR_ARA_42,2020-04-01,409,87,106,57,160,249,15,72,43,63,15,42,29,13,11,18,2,11
FR_ARA_42,2020-04-02,430,94,120,62,168,262,17,77,50,70,16,46,14,5,7,7,1,4
FR_ARA_42,2020-04-03,445,97,152,69,175,270,19,78,68,84,18,51,32,7,18,14,2,5
FR_ARA_42,2020-04-04,462,102,163,70,182,280,20,82,73,90,18,52,11,1,5,6,0,1
FR_ARA_42,2020-04-05,463,101,175,74,182,281,19,82,79,96,19,55,12,4,6,6,1,3
FR_ARA_42,2020-04-06,483,107,186,77,190,293,21,86,87,99,20,57,11,3,8,3,1,2
FR_ARA_42,2020-04-07,474,103,216,88,192,282,22,81,100,116,22,66,30,11,13,17,2,9
FR_ARA_42,2020-04-08,472,104,241,90,193,279,22,82,113,128,22,68,25,2,13,12,0,2
FR_ARA_42,2020-04-09,471,95,262,95,198,273,19,76,122,140,23,72,21,5,9,12,1,4
FR_ARA_42,2020-04-10,463,101,295,101,194,269,21,80,138,157,24,77,33,6,16,17,1,5
FR_ARA_42,2020-04-11,469,98,311,104,203,266,20,78,142,169,27,77,16,3,4,12,3,0
FR_ARA_42,2020-04-12,492,101,326,109,215,277,19,82,149,177,29,80,15,5,7,8,2,3
FR_ARA_42,2020-04-13,489,103,330,110,216,273,19,84,150,180,29,81,4,1,1,3,0,1
FR_ARA_42,2020-04-14,488,99,347,116,215,273,19,80,158,189,32,84,17,6,8,9,3,3
FR_ARA_42,2020-04-15,489,98,375,126,218,271,19,79,172,203,36,90,28,10,14,14,4,6
FR_ARA_42,2020-04-16,483,96,392,132,212,271,20,76,182,210,39,93,17,6,10,7,3,3
FR_ARA_42,2020-04-17,488,90,416,134,218,270,16,74,190,226,39,95,24,2,8,16,0,2
FR_ARA_42,2020-04-18,468,92,439,139,208,260,16,76,201,238,42,97,23,5,11,12,3,2
FR_ARA_42,2020-04-19,476,94,446,140,213,263,18,76,206,240,42,98,7,1,5,2,0,1
FR_ARA_42,2020-04-20,470,97,451,145,204,266,18,79,210,241,46,99,5,5,4,1,4,1
FR_ARA_42,2020-04-21,460,94,477,151,197,263,17,77,225,252,49,102,26,6,15,11,3,3
FR_ARA_42,2020-04-22,442,86,495,161,193,249,16,70,234,261,51,110,18,10,9,9,2,8
FR_ARA_42,2020-04-23,441,83,510,166,199,242,14,69,240,270,54,112,15,5,6,9,3,2
FR_ARA_42,2020-04-24,435,78,521,168,194,241,12,66,247,274,55,113,11,2,7,4,1,1
FR_ARA_42,2020-04-25,409,76,554,173,188,221,13,63,261,293,56,117,33,5,14,19,1,4
FR_ARA_42,2020-04-26,411,76,558,176,190,221,14,62,264,294,57,119,4,3,3,1,1,2
FR_ARA_42,2020-04-27,414,75,561,178,192,222,14,61,265,296,57,121,3,2,1,2,0,2
FR_ARA_42,2020-04-28,403,71,570,182,188,215,14,57,269,301,59,123,9,4,4,5,2,2
FR_ARA_42,2020-04-29,397,63,594,186,189,208,9,54,281,313,60,126,24,4,12,12,1,3
FR_ARA_42,2020-04-30,392,61,611,187,189,203,9,52,290,321,60,127,17,1,9,8,0,1
FR_ARA_42,2020-05-01,390,60,625,189,186,204,9,51,296,329,61,128,14,2,6,8,1,1
FR_ARA_42,2020-05-02,390,60,626,191,186,204,9,51,297,329,61,130,1,2,1,0,0,2
FR_ARA_42,2020-05-03,394,60,625,192,188,206,9,51,296,329,61,131,-1,1,-1,0,0,1
FR_ARA_42,2020-05-04,386,58,636,195,184,202,9,49,303,333,61,134,11,3,7,4,0,3
FR_ARA_42,2020-05-05,377,58,648,198,172,205,9,49,311,337,63,135,12,3,8,4,2,1
FR_ARA_42,2020-05-06,363,55,664,200,159,204,8,47,323,341,64,136,16,2,12,4,1,1
FR_ARA_42,2020-05-07,351,55,670,201,156,195,8,47,324,346,65,136,6,1,1,5,1,0
FR_ARA_42,2020-05-08,345,54,678,201,153,192,8,46,327,351,65,136,8,0,3,5,0,0
FR_ARA_42,2020-05-09,343,53,682,201,152,191,8,45,328,354,65,136,4,0,1,3,0,0
FR_ARA_42,2020-05-10,342,53,683,202,153,189,8,45,328,355,65,137,1,1,0,1,0,1
FR_ARA_42,2020-05-11,336,49,691,208,153,183,6,43,330,361,66,142,8,6,2,6,1,5
FR_ARA_42,2020-05-12,337,48,701,215,156,181,6,42,334,367,67,148,10,7,4,6,1,6
FR_ARA_42,2020-05-13,294,46,746,215,131,163,6,40,362,384,67,148,45,0,28,17,0,0
FR_ARA_42,2020-05-14,290,44,756,216,127,163,5,39,369,387,67,149,10,1,7,3,0,1
FR_ARA_42,2020-05-15,289,44,761,217,128,161,5,39,372,389,67,150,5,1,3,2,0,1
FR_ARA_42,2020-05-16,282,41,767,218,127,155,5,36,374,393,67,151,6,1,2,4,0,1
FR_ARA_42,2020-05-17,282,41,767,218,127,155,5,36,374,393,67,151,0,0,0,0,0,0
FR_ARA_42,2020-05-18,277,39,770,220,126,151,5,34,375,395,67,153,3,2,1,2,0,2
FR_ARA_42,2020-05-19,264,34,779,225,120,144,3,31,379,400,70,155,9,5,4,5,3,2
FR_ARA_42,2020-05-20,241,32,806,228,102,139,3,29,395,411,72,156,27,3,16,11,2,1
FR_ARA_42,2020-05-21,239,31,806,229,102,137,3,28,395,411,72,157,0,1,0,0,0,1
FR_ARA_42,2020-05-22,234,31,811,232,98,136,4,27,399,412,72,160,5,3,4,1,0,3
FR_ARA_42,2020-05-23,233,31,814,232,98,135,4,27,400,414,72,160,3,0,1,2,0,0
FR_ARA_42,2020-05-24,235,31,814,232,100,135,4,27,400,414,72,160,0,0,0,0,0,0
FR_ARA_42,2020-05-25,231,29,815,233,97,134,3,26,400,415,73,160,1,1,0,1,1,0
FR_ARA_42,2020-05-26,218,28,828,236,92,126,3,25,406,422,73,163,13,3,6,7,0,3
FR_ARA_42,2020-05-27,213,29,834,237,91,122,4,25,408,426,74,163,6,1,2,4,1,0
FR_ARA_42,2020-05-28,213,28,837,237,91,122,4,24,409,428,74,163,3,0,1,2,0,0
FR_ARA_42,2020-05-29,206,28,844,238,86,120,4,24,414,430,74,164,7,1,5,2,0,1
FR_ARA_42,2020-05-30,206,28,844,238,86,120,4,24,414,430,74,164,0,0,0,0,0,0
FR_ARA_42,2020-05-31,207,28,845,238,87,120,4,24,414,431,74,164,1,0,0,1,0,0
FR_ARA_42,2020-06-01,204,26,847,239,85,119,4,22,415,432,75,164,2,1,1,1,1,0
FR_ARA_42,2020-06-02,189,24,860,242,79,110,4,20,419,441,77,165,13,3,4,9,2,1
FR_ARA_42,2020-06-03,174,19,875,243,72,102,3,16,426,449,78,165,15,1,7,8,1,0
FR_ARA_42,2020-06-04,162,16,886,243,67,95,3,13,430,456,78,165,11,0,4,7,0,0
FR_ARA_42,2020-06-05,157,14,893,243,62,95,2,12,436,457,78,165,7,0,6,1,0,0
FR_ARA_42,2020-06-06,156,14,894,243,62,94,2,12,436,458,78,165,1,0,0,1,0,0
FR_ARA_42,2020-06-07,156,14,894,243,63,93,2,12,435,459,78,165,0,0,-1,1,0,0
FR_ARA_42,2020-06-08,154,14,896,243,62,92,2,12,436,460,78,165,2,0,1,1,0,0
FR_ARA_42,2020-06-09,151,14,899,243,61,90,2,12,437,462,78,165,3,0,1,2,0,0
FR_ARA_42,2020-06-10,147,14,902,243,58,89,2,12,439,463,78,165,3,0,2,1,0,0
FR_ARA_42,2020-06-11,142,11,903,244,56,86,2,9,440,463,79,165,1,1,1,0,1,0
FR_ARA_42,2020-06-12,118,10,926,244,46,72,2,8,449,477,79,165,23,0,9,14,0,0
FR_ARA_42,2020-06-13,115,8,929,244,45,70,1,7,450,479,79,165,3,0,1,2,0,0
FR_ARA_42,2020-06-14,115,8,929,244,45,70,1,7,450,479,79,165,0,0,0,0,0,0
FR_ARA_42,2020-06-15,113,7,929,245,45,68,1,6,450,479,79,166,0,1,0,0,0,1
FR_ARA_42,2020-06-16,109,7,934,245,44,65,1,6,452,482,79,166,5,0,2,3,0,0
FR_ARA_42,2020-06-17,109,7,934,245,44,65,1,6,452,482,79,166,0,0,0,0,0,0
FR_ARA_42,2020-06-18,106,7,934,245,43,63,1,6,453,481,79,166,0,0,1,-1,0,0
FR_ARA_42,2020-06-19,105,7,935,245,41,64,1,6,455,480,79,166,1,0,2,-1,0,0
FR_ARA_42,2020-06-20,104,7,936,245,41,63,1,6,455,481,79,166,1,0,0,1,0,0
FR_ARA_42,2020-06-21,104,7,936,245,41,63,1,6,455,481,79,166,0,0,0,0,0,0
FR_ARA_43,2020-03-18,1,1,5,0,0,1,0,1,3,2,0,0,,,,,,
FR_ARA_43,2020-03-19,1,1,5,0,0,1,0,1,3,2,0,0,0,0,0,0,0,0
FR_ARA_43,2020-03-20,2,2,6,0,0,2,0,2,4,2,0,0,1,0,1,0,0,0
FR_ARA_43,2020-03-21,4,2,6,0,2,2,0,2,4,2,0,0,0,0,0,0,0,0
FR_ARA_43,2020-03-22,5,2,7,0,2,3,0,2,5,2,0,0,1,0,1,0,0,0
FR_ARA_43,2020-03-23,7,3,7,0,3,4,0,3,5,2,0,0,0,0,0,0,0,0
FR_ARA_43,2020-03-24,8,3,8,0,4,4,0,3,5,3,0,0,1,0,0,1,0,0
FR_ARA_43,2020-03-25,11,4,11,0,4,7,0,4,8,3,0,0,3,0,3,0,0,0
FR_ARA_43,2020-03-26,13,6,11,0,4,9,0,6,8,3,0,0,0,0,0,0,0,0
FR_ARA_43,2020-03-27,14,6,12,1,4,10,0,6,9,3,0,1,1,1,1,0,0,1
FR_ARA_43,2020-03-28,14,6,13,2,3,11,0,6,9,4,1,1,1,1,0,1,1,0
FR_ARA_43,2020-03-29,14,5,13,3,3,11,0,5,9,4,1,2,0,1,0,0,0,1
FR_ARA_43,2020-03-30,16,5,14,3,3,13,0,5,9,5,1,2,1,0,0,1,0,0
FR_ARA_43,2020-03-31,16,5,16,3,3,13,0,5,11,5,1,2,2,0,2,0,0,0
FR_ARA_43,2020-04-01,17,5,18,3,3,14,0,5,12,6,1,2,2,0,1,1,0,0
FR_ARA_43,2020-04-02,17,5,20,3,3,14,0,5,13,7,1,2,2,0,1,1,0,0
FR_ARA_43,2020-04-03,20,5,23,3,5,15,0,5,14,9,1,2,3,0,1,2,0,0
FR_ARA_43,2020-04-04,23,6,25,3,9,14,0,6,15,10,1,2,2,0,1,1,0,0
FR_ARA_43,2020-04-05,25,6,27,3,11,14,0,6,16,11,1,2,2,0,1,1,0,0
FR_ARA_43,2020-04-06,30,6,29,3,12,18,0,6,18,11,1,2,2,0,2,0,0,0
FR_ARA_43,2020-04-07,27,7,33,4,11,16,0,7,20,13,1,3,4,1,2,2,0,1
FR_ARA_43,2020-04-08,22,7,39,4,10,12,0,7,25,14,1,3,6,0,5,1,0,0
FR_ARA_43,2020-04-09,24,7,42,4,12,12,0,7,28,14,1,3,3,0,3,0,0,0
FR_ARA_43,2020-04-10,24,7,45,5,12,12,0,7,31,14,2,3,3,1,3,0,1,0
FR_ARA_43,2020-04-11,30,7,45,5,18,12,0,7,31,14,2,3,0,0,0,0,0,0
FR_ARA_43,2020-04-12,32,7,45,5,19,13,0,7,31,14,2,3,0,0,0,0,0,0
FR_ARA_43,2020-04-13,31,6,46,6,19,12,0,6,31,15,2,4,1,1,0,1,0,1
FR_ARA_43,2020-04-14,29,4,50,6,20,9,0,4,30,20,2,4,4,0,-1,5,0,0
FR_ARA_43,2020-04-15,27,3,52,6,18,9,0,3,31,21,2,4,2,0,1,1,0,0
FR_ARA_43,2020-04-16,24,3,56,6,17,7,0,3,33,23,2,4,4,0,2,2,0,0
FR_ARA_43,2020-04-17,29,3,58,6,20,9,0,3,35,23,2,4,2,0,2,0,0,0
FR_ARA_43,2020-04-18,39,3,62,6,27,12,0,3,39,23,2,4,4,0,4,0,0,0
FR_ARA_43,2020-04-19,36,3,62,6,23,13,0,3,39,23,2,4,0,0,0,0,0,0
FR_ARA_43,2020-04-20,36,3,62,6,23,13,0,3,39,23,2,4,0,0,0,0,0,0
FR_ARA_43,2020-04-21,37,2,62,7,23,14,0,2,39,23,2,5,0,1,0,0,0,1
FR_ARA_43,2020-04-22,38,1,62,7,23,15,0,1,40,22,2,5,0,0,1,-1,0,0
FR_ARA_43,2020-04-23,36,1,65,9,21,15,0,1,41,24,3,6,3,2,1,2,1,1
FR_ARA_43,2020-04-24,38,1,65,9,22,16,0,1,41,24,3,6,0,0,0,0,0,0
FR_ARA_43,2020-04-25,38,1,65,9,22,16,0,1,41,24,3,6,0,0,0,0,0,0
FR_ARA_43,2020-04-26,38,1,65,9,22,16,0,1,41,24,3,6,0,0,0,0,0,0
FR_ARA_43,2020-04-27,37,1,65,9,21,16,0,1,41,24,3,6,0,0,0,0,0,0
FR_ARA_43,2020-04-28,34,1,69,9,20,14,0,1,45,24,3,6,4,0,4,0,0,0
FR_ARA_43,2020-04-29,31,1,71,10,18,13,0,1,45,26,4,6,2,1,0,2,1,0
FR_ARA_43,2020-04-30,30,1,72,11,19,11,0,1,45,27,4,7,1,1,0,1,0,1
FR_ARA_43,2020-05-01,30,1,72,11,19,11,0,1,45,27,4,7,0,0,0,0,0,0
FR_ARA_43,2020-05-02,30,1,72,11,19,11,0,1,45,27,4,7,0,0,0,0,0,0
FR_ARA_43,2020-05-03,30,1,72,11,19,11,0,1,45,27,4,7,0,0,0,0,0,0
FR_ARA_43,2020-05-04,31,1,72,11,19,12,0,1,45,27,4,7,0,0,0,0,0,0
FR_ARA_43,2020-05-05,33,1,72,11,19,14,0,1,45,27,4,7,0,0,0,0,0,0
FR_ARA_43,2020-05-06,32,2,73,11,18,14,0,2,46,27,4,7,1,0,1,0,0,0
FR_ARA_43,2020-05-07,24,3,82,12,13,11,0,3,52,30,4,8,9,1,6,3,0,1
FR_ARA_43,2020-05-08,25,3,82,12,14,11,0,3,52,30,4,8,0,0,0,0,0,0
FR_ARA_43,2020-05-09,24,3,82,12,13,11,0,3,52,30,4,8,0,0,0,0,0,0
FR_ARA_43,2020-05-10,23,3,82,13,13,10,0,3,52,30,4,9,0,1,0,0,0,1
FR_ARA_43,2020-05-11,24,3,81,13,14,10,0,3,51,30,4,9,-1,0,-1,0,0,0
FR_ARA_43,2020-05-12,26,3,81,13,14,12,0,3,51,30,4,9,0,0,0,0,0,0
FR_ARA_43,2020-05-13,25,3,82,14,14,11,0,3,51,31,5,9,1,1,0,1,1,0
FR_ARA_43,2020-05-14,22,3,86,14,13,9,0,3,53,33,5,9,4,0,2,2,0,0
FR_ARA_43,2020-05-15,23,3,85,14,14,9,1,2,52,33,5,9,-1,0,-1,0,0,0
FR_ARA_43,2020-05-16,19,3,87,14,13,6,1,2,52,35,5,9,2,0,0,2,0,0
FR_ARA_43,2020-05-17,18,3,87,14,12,6,1,2,52,35,5,9,0,0,0,0,0,0
FR_ARA_43,2020-05-18,18,3,87,14,12,6,1,2,52,35,5,9,0,0,0,0,0,0
FR_ARA_43,2020-05-19,18,2,87,14,12,6,1,1,52,35,5,9,0,0,0,0,0,0
FR_ARA_43,2020-05-20,17,2,88,14,12,5,1,1,52,36,5,9,1,0,0,1,0,0
FR_ARA_43,2020-05-21,17,2,88,14,12,5,1,1,52,36,5,9,0,0,0,0,0,0
FR_ARA_43,2020-05-22,17,1,88,14,12,5,0,1,52,36,5,9,0,0,0,0,0,0
FR_ARA_43,2020-05-23,17,1,88,14,12,5,0,1,52,36,5,9,0,0,0,0,0,0
FR_ARA_43,2020-05-24,17,1,88,14,12,5,0,1,52,36,5,9,0,0,0,0,0,0
FR_ARA_43,2020-05-25,15,1,90,15,11,4,0,1,53,37,6,9,2,1,1,1,1,0
FR_ARA_43,2020-05-26,15,1,90,15,11,4,0,1,53,37,6,9,0,0,0,0,0,0
FR_ARA_43,2020-05-27,15,1,90,15,11,4,0,1,53,37,6,9,0,0,0,0,0,0
FR_ARA_43,2020-05-28,13,1,91,15,10,3,0,1,54,37,6,9,1,0,1,0,0,0
FR_ARA_43,2020-05-29,13,1,92,15,10,3,0,1,54,38,6,9,1,0,0,1,0,0
FR_ARA_43,2020-05-30,15,1,92,15,11,4,0,1,54,38,6,9,0,0,0,0,0,0
FR_ARA_43,2020-05-31,15,1,92,15,11,4,0,1,54,38,6,9,0,0,0,0,0,0
FR_ARA_43,2020-06-01,15,1,91,16,11,4,0,1,54,37,6,10,-1,1,0,-1,0,1
FR_ARA_43,2020-06-02,15,1,91,17,11,4,0,1,54,37,6,11,0,1,0,0,0,1
FR_ARA_43,2020-06-03,15,1,91,17,11,4,0,1,54,37,6,11,0,0,0,0,0,0
FR_ARA_43,2020-06-04,15,1,91,17,11,4,0,1,54,37,6,11,0,0,0,0,0,0
FR_ARA_43,2020-06-05,12,1,94,17,10,2,0,1,55,39,6,11,3,0,1,2,0,0
FR_ARA_43,2020-06-06,11,0,95,17,10,1,0,0,55,40,6,11,1,0,0,1,0,0
FR_ARA_43,2020-06-07,11,0,95,17,10,1,0,0,55,40,6,11,0,0,0,0,0,0
FR_ARA_43,2020-06-08,12,0,95,17,11,1,0,0,55,40,6,11,0,0,0,0,0,0
FR_ARA_43,2020-06-09,12,0,95,17,11,1,0,0,55,40,6,11,0,0,0,0,0,0
FR_ARA_43,2020-06-10,12,0,95,17,11,1,0,0,55,40,6,11,0,0,0,0,0,0
FR_ARA_43,2020-06-11,13,0,95,17,12,1,0,0,55,40,6,11,0,0,0,0,0,0
FR_ARA_43,2020-06-12,6,0,102,17,6,0,0,0,61,41,6,11,7,0,6,1,0,0
FR_ARA_43,2020-06-13,4,0,104,17,4,0,0,0,63,41,6,11,2,0,2,0,0,0
FR_ARA_43,2020-06-14,4,0,104,17,4,0,0,0,63,41,6,11,0,0,0,0,0,0
FR_ARA_43,2020-06-15,4,0,104,17,4,0,0,0,63,41,6,11,0,0,0,0,0,0
FR_ARA_43,2020-06-16,2,0,105,18,2,0,0,0,64,41,7,11,1,1,1,0,1,0
FR_ARA_43,2020-06-17,2,0,105,18,2,0,0,0,64,41,7,11,0,0,0,0,0,0
FR_ARA_43,2020-06-18,2,0,105,18,2,0,0,0,64,41,7,11,0,0,0,0,0,0
FR_ARA_43,2020-06-19,2,0,105,18,2,0,0,0,64,41,7,11,0,0,0,0,0,0
FR_ARA_43,2020-06-20,2,0,105,18,2,0,0,0,64,41,7,11,0,0,0,0,0,0
FR_ARA_43,2020-06-21,2,0,105,18,2,0,0,0,64,41,7,11,0,0,0,0,0,0
FR_ARA_63,2020-03-18,10,2,3,0,3,7,0,2,1,2,0,0,,,,,,
FR_ARA_63,2020-03-19,9,1,4,0,2,7,0,1,2,2,0,0,1,0,1,0,0,0
FR_ARA_63,2020-03-20,4,1,9,0,0,4,0,1,4,5,0,0,5,0,2,3,0,0
FR_ARA_63,2020-03-21,4,1,10,0,1,3,0,1,4,6,0,0,1,0,0,1,0,0
FR_ARA_63,2020-03-22,4,2,11,0,2,2,0,2,4,7,0,0,1,0,0,1,0,0
FR_ARA_63,2020-03-23,7,3,11,0,3,4,1,2,4,7,0,0,0,0,0,0,0,0
FR_ARA_63,2020-03-24,15,4,11,0,7,8,1,3,4,7,0,0,0,0,0,0,0,0
FR_ARA_63,2020-03-25,17,4,12,0,9,8,1,3,4,8,0,0,1,0,0,1,0,0
FR_ARA_63,2020-03-26,21,4,13,0,10,11,1,3,5,8,0,0,1,0,1,0,0,0
FR_ARA_63,2020-03-27,27,5,14,0,11,16,1,4,6,8,0,0,1,0,1,0,0,0
FR_ARA_63,2020-03-28,35,8,14,0,14,21,1,7,6,8,0,0,0,0,0,0,0,0
FR_ARA_63,2020-03-29,51,21,14,0,19,32,5,16,6,8,0,0,0,0,0,0,0,0
FR_ARA_63,2020-03-30,61,31,16,1,20,41,5,26,8,8,1,0,2,1,2,0,1,0
FR_ARA_63,2020-03-31,59,31,18,1,20,39,5,26,8,10,1,0,2,0,0,2,0,0
FR_ARA_63,2020-04-01,77,31,23,2,29,48,5,26,11,12,1,1,5,1,3,2,0,1
FR_ARA_63,2020-04-02,74,33,29,3,25,49,6,27,15,14,2,1,6,1,4,2,1,0
FR_ARA_63,2020-04-03,71,31,35,4,24,47,5,26,17,18,3,1,6,1,2,4,1,0
FR_ARA_63,2020-04-04,69,33,46,4,22,47,7,26,23,23,3,1,11,0,6,5,0,0
FR_ARA_63,2020-04-05,80,41,46,6,29,51,11,30,22,24,3,3,0,2,-1,1,0,2
FR_ARA_63,2020-04-06,84,39,48,7,30,54,11,28,23,25,4,3,2,1,1,1,1,0
FR_ARA_63,2020-04-07,77,39,59,11,25,52,10,29,29,30,6,5,11,4,6,5,2,2
FR_ARA_63,2020-04-08,74,37,66,14,24,50,9,28,33,33,7,7,7,3,4,3,1,2
FR_ARA_63,2020-04-09,73,36,70,15,21,52,9,27,36,34,8,7,4,1,3,1,1,0
FR_ARA_63,2020-04-10,73,34,77,15,24,49,9,25,39,38,8,7,7,0,3,4,0,0
FR_ARA_63,2020-04-11,72,27,79,18,24,48,8,19,40,39,9,9,2,3,1,1,1,2
FR_ARA_63,2020-04-12,76,27,79,18,26,50,8,19,40,39,9,9,0,0,0,0,0,0
FR_ARA_63,2020-04-13,80,27,79,18,28,52,8,19,40,39,9,9,0,0,0,0,0,0
FR_ARA_63,2020-04-14,79,27,80,18,28,51,9,18,40,40,9,9,1,0,0,1,0,0
FR_ARA_63,2020-04-15,73,26,86,18,29,44,9,17,41,45,9,9,6,0,1,5,0,0
FR_ARA_63,2020-04-16,73,26,87,21,31,42,10,16,41,46,9,12,1,3,0,1,0,3
FR_ARA_63,2020-04-17,71,26,91,22,28,43,10,16,45,46,10,12,4,1,4,0,1,0
FR_ARA_63,2020-04-18,70,22,95,24,28,42,6,16,45,50,11,13,4,2,0,4,1,1
FR_ARA_63,2020-04-19,67,22,97,25,28,39,6,16,45,52,11,14,2,1,0,2,0,1
FR_ARA_63,2020-04-20,69,22,97,27,31,38,6,16,44,53,11,16,0,2,-1,1,0,2
FR_ARA_63,2020-04-21,66,22,102,27,29,37,5,17,46,56,11,16,5,0,2,3,0,0
FR_ARA_63,2020-04-22,59,18,107,30,27,32,4,14,48,59,11,19,5,3,2,3,0,3
FR_ARA_63,2020-04-23,51,18,116,30,22,29,4,14,54,62,11,19,9,0,6,3,0,0
FR_ARA_63,2020-04-24,47,16,120,31,21,26,4,12,55,65,11,20,4,1,1,3,0,1
FR_ARA_63,2020-04-25,47,14,120,32,23,24,4,10,55,65,11,21,0,1,0,0,0,1
FR_ARA_63,2020-04-26,48,15,120,32,23,25,4,11,55,65,11,21,0,0,0,0,0,0
FR_ARA_63,2020-04-27,48,14,120,33,23,25,4,10,55,65,11,22,0,1,0,0,0,1
FR_ARA_63,2020-04-28,47,14,121,33,22,25,4,10,56,65,11,22,1,0,1,0,0,0
FR_ARA_63,2020-04-29,44,14,124,33,20,24,4,10,58,66,11,22,3,0,2,1,0,0
FR_ARA_63,2020-04-30,45,15,126,35,20,25,4,11,58,68,13,22,2,2,0,2,2,0
FR_ARA_63,2020-05-01,44,13,128,35,21,23,4,9,58,70,13,22,2,0,0,2,0,0
FR_ARA_63,2020-05-02,40,13,133,36,18,22,4,9,61,72,14,22,5,1,3,2,1,0
FR_ARA_63,2020-05-03,42,15,134,36,19,23,4,11,61,73,14,22,1,0,0,1,0,0
FR_ARA_63,2020-05-04,43,15,134,36,20,23,4,11,61,73,14,22,0,0,0,0,0,0
FR_ARA_63,2020-05-05,42,13,137,36,20,22,4,9,62,75,14,22,3,0,1,2,0,0
FR_ARA_63,2020-05-06,37,11,140,37,19,18,4,7,62,78,15,22,3,1,0,3,1,0
FR_ARA_63,2020-05-07,32,9,143,38,18,14,4,5,63,80,15,23,3,1,1,2,0,1
FR_ARA_63,2020-05-08,28,7,145,38,17,11,3,4,63,82,15,23,2,0,0,2,0,0
FR_ARA_63,2020-05-09,27,6,145,38,17,10,3,3,63,82,15,23,0,0,0,0,0,0
FR_ARA_63,2020-05-10,27,6,145,38,17,10,3,3,63,82,15,23,0,0,0,0,0,0
FR_ARA_63,2020-05-11,27,6,146,38,17,10,3,3,64,82,15,23,1,0,1,0,0,0
FR_ARA_63,2020-05-12,27,6,146,39,17,10,3,3,64,82,15,24,0,1,0,0,0,1
FR_ARA_63,2020-05-13,29,6,148,39,16,13,3,3,65,83,15,24,2,0,1,1,0,0
FR_ARA_63,2020-05-14,29,5,148,39,17,12,2,3,65,83,15,24,0,0,0,0,0,0
FR_ARA_63,2020-05-15,23,5,154,39,13,10,2,3,69,85,15,24,6,0,4,2,0,0
FR_ARA_63,2020-05-16,25,5,152,39,14,11,2,3,68,84,15,24,-2,0,-1,-1,0,0
FR_ARA_63,2020-05-17,33,5,152,39,17,16,2,3,68,84,15,24,0,0,0,0,0,0
FR_ARA_63,2020-05-18,31,4,152,40,16,15,1,3,68,84,15,25,0,1,0,0,0,1
FR_ARA_63,2020-05-19,31,4,154,40,16,15,1,3,68,86,15,25,2,0,0,2,0,0
FR_ARA_63,2020-05-20,31,4,156,40,16,15,1,3,70,86,15,25,2,0,2,0,0,0
FR_ARA_63,2020-05-21,30,4,158,40,16,14,1,3,71,87,15,25,2,0,1,1,0,0
FR_ARA_63,2020-05-22,31,4,158,40,17,14,1,3,71,87,15,25,0,0,0,0,0,0
FR_ARA_63,2020-05-23,29,4,161,40,15,14,1,3,74,87,15,25,3,0,3,0,0,0
FR_ARA_63,2020-05-24,29,5,161,40,15,14,2,3,74,87,15,25,0,0,0,0,0,0
FR_ARA_63,2020-05-25,30,6,163,40,16,14,2,4,75,88,15,25,2,0,1,1,0,0
FR_ARA_63,2020-05-26,29,6,163,41,15,14,2,4,75,88,16,25,0,1,0,0,1,0
FR_ARA_63,2020-05-27,29,6,163,41,15,14,2,4,75,88,16,25,0,0,0,0,0,0
FR_ARA_63,2020-05-28,25,5,166,42,13,12,1,4,76,90,17,25,3,1,1,2,1,0
FR_ARA_63,2020-05-29,19,4,171,42,8,11,1,3,81,90,17,25,5,0,5,0,0,0
FR_ARA_63,2020-05-30,18,4,172,42,7,11,1,3,82,90,17,25,1,0,1,0,0,0
FR_ARA_63,2020-05-31,18,4,172,42,7,11,1,3,82,90,17,25,0,0,0,0,0,0
FR_ARA_63,2020-06-01,18,4,172,42,7,11,1,3,82,90,17,25,0,0,0,0,0,0
FR_ARA_63,2020-06-02,19,4,171,42,8,11,1,3,81,90,17,25,-1,0,-1,0,0,0
FR_ARA_63,2020-06-03,20,5,172,42,8,12,1,4,82,90,17,25,1,0,1,0,0,0
FR_ARA_63,2020-06-04,20,5,172,42,8,12,1,4,82,90,17,25,0,0,0,0,0,0
FR_ARA_63,2020-06-05,19,5,173,42,8,11,1,4,82,91,17,25,1,0,0,1,0,0
FR_ARA_63,2020-06-06,18,5,174,42,7,11,1,4,83,91,17,25,1,0,1,0,0,0
FR_ARA_63,2020-06-07,18,5,174,42,7,11,1,4,83,91,17,25,0,0,0,0,0,0
FR_ARA_63,2020-06-08,18,5,174,42,7,11,1,4,83,91,17,25,0,0,0,0,0,0
FR_ARA_63,2020-06-09,17,4,174,42,7,10,1,3,83,91,17,25,0,0,0,0,0,0
FR_ARA_63,2020-06-10,18,4,174,42,8,10,1,3,83,91,17,25,0,0,0,0,0,0
FR_ARA_63,2020-06-11,18,2,174,42,8,10,0,2,83,91,17,25,0,0,0,0,0,0
FR_ARA_63,2020-06-12,18,2,174,42,8,10,0,2,83,91,17,25,0,0,0,0,0,0
FR_ARA_63,2020-06-13,18,2,174,42,8,10,0,2,83,91,17,25,0,0,0,0,0,0
FR_ARA_63,2020-06-14,18,2,174,42,8,10,0,2,83,91,17,25,0,0,0,0,0,0
FR_ARA_63,2020-06-15,18,2,173,42,8,10,0,2,83,90,17,25,-1,0,0,-1,0,0
FR_ARA_63,2020-06-16,18,2,173,42,8,10,0,2,83,90,17,25,0,0,0,0,0,0
FR_ARA_63,2020-06-17,17,2,174,42,8,9,0,2,83,91,17,25,1,0,0,1,0,0
FR_ARA_63,2020-06-18,17,2,174,42,8,9,0,2,83,91,17,25,0,0,0,0,0,0
FR_ARA_63,2020-06-19,17,2,174,42,8,9,0,2,83,91,17,25,0,0,0,0,0,0
FR_ARA_63,2020-06-20,17,2,174,42,8,9,0,2,83,91,17,25,0,0,0,0,0,0
FR_ARA_63,2020-06-21,17,2,174,42,8,9,0,2,83,91,17,25,0,0,0,0,0,0
FR_ARA_69,2020-03-18,26,6,10,0,12,14,5,1,6,4,0,0,,,,,,
FR_ARA_69,2020-03-19,59,11,17,1,24,35,5,6,11,6,1,0,7,1,5,2,1,0
FR_ARA_69,2020-03-20,115,22,35,12,46,69,7,15,22,13,6,6,18,11,11,7,5,6
FR_ARA_69,2020-03-21,152,21,38,14,63,89,6,15,25,13,6,8,3,2,3,0,0,2
FR_ARA_69,2020-03-22,221,28,47,19,95,126,9,19,29,18,9,10,9,5,4,5,3,2
FR_ARA_69,2020-03-23,334,52,57,27,163,171,17,35,33,24,14,13,10,8,4,6,5,3
FR_ARA_69,2020-03-24,414,67,79,35,205,209,21,46,43,36,17,18,22,8,10,12,3,5
FR_ARA_69,2020-03-25,556,110,98,45,265,291,30,80,58,40,23,22,19,10,15,4,6,4
FR_ARA_69,2020-03-26,634,110,137,59,307,327,30,80,78,59,28,31,39,14,20,19,5,9
FR_ARA_69,2020-03-27,735,135,193,76,338,397,33,102,106,87,35,41,56,17,28,28,7,10
FR_ARA_69,2020-03-28,855,185,230,90,393,462,50,135,123,107,39,51,37,14,17,20,4,10
FR_ARA_69,2020-03-29,902,204,254,104,413,489,54,150,135,119,45,59,24,14,12,12,6,8
FR_ARA_69,2020-03-30,979,232,271,117,439,540,63,169,146,125,53,64,17,13,11,6,8,5
FR_ARA_69,2020-03-31,1048,244,314,126,472,576,67,177,167,147,59,67,43,9,21,22,6,3
FR_ARA_69,2020-04-01,1105,261,373,147,495,610,70,191,191,182,66,81,59,21,24,35,7,14
FR_ARA_69,2020-04-02,1130,261,423,167,505,625,70,191,223,200,75,92,50,20,32,18,9,11
FR_ARA_69,2020-04-03,1195,273,479,178,526,669,70,203,254,225,84,94,56,11,31,25,9,2
FR_ARA_69,2020-04-04,1208,287,539,192,538,670,75,212,278,261,88,104,60,14,24,36,4,10
FR_ARA_69,2020-04-05,1243,301,565,208,558,685,80,221,289,276,93,115,26,16,11,15,5,11
FR_ARA_69,2020-04-06,1217,293,610,226,538,679,74,219,311,299,101,125,45,18,22,23,8,10
FR_ARA_69,2020-04-07,1169,272,727,240,519,650,64,208,368,359,110,130,117,14,57,60,9,5
FR_ARA_69,2020-04-08,1147,271,804,264,531,616,65,206,398,406,117,147,77,24,30,47,7,17
FR_ARA_69,2020-04-09,1193,263,865,273,577,616,64,199,423,442,118,155,61,9,25,36,1,8
FR_ARA_69,2020-04-10,1192,258,937,285,583,609,62,196,459,478,123,162,72,12,36,36,5,7
FR_ARA_69,2020-04-11,1241,253,997,295,622,619,59,194,482,515,129,166,60,10,23,37,6,4
FR_ARA_69,2020-04-12,1239,250,1025,300,625,614,57,193,494,531,131,169,28,5,12,16,2,3
FR_ARA_69,2020-04-13,1249,252,1031,310,636,613,60,192,496,535,135,175,6,10,2,4,4,6
FR_ARA_69,2020-04-14,1244,251,1065,326,633,611,60,191,514,551,141,185,34,16,18,16,6,10
FR_ARA_69,2020-04-15,1230,247,1153,345,614,616,58,189,565,588,150,195,88,19,51,37,9,10
FR_ARA_69,2020-04-16,1224,246,1205,359,609,615,57,189,595,610,156,203,52,14,30,22,6,8
FR_ARA_69,2020-04-17,1234,235,1268,366,619,615,57,178,626,642,159,207,63,7,31,32,3,4
FR_ARA_69,2020-04-18,1212,227,1325,380,611,601,54,173,656,669,165,215,57,14,30,27,6,8
FR_ARA_69,2020-04-19,1240,227,1335,388,625,615,54,173,661,674,171,217,10,8,5,5,6,2
FR_ARA_69,2020-04-20,1226,231,1364,406,620,606,54,177,671,693,182,224,29,18,10,19,11,7
FR_ARA_69,2020-04-21,1209,219,1419,421,617,592,54,165,698,721,187,234,55,15,27,28,5,10
FR_ARA_69,2020-04-22,1199,207,1475,427,617,582,51,156,728,747,190,237,56,6,30,26,3,3
FR_ARA_69,2020-04-23,1193,188,1513,434,621,572,42,146,742,771,193,241,38,7,14,24,3,4
FR_ARA_69,2020-04-24,1175,188,1571,444,619,556,43,145,767,804,198,246,58,10,25,33,5,5
FR_ARA_69,2020-04-25,1186,179,1610,451,619,567,41,138,791,819,201,250,39,7,24,15,3,4
FR_ARA_69,2020-04-26,1184,175,1622,458,620,564,39,136,797,825,204,254,12,7,6,6,3,4
FR_ARA_69,2020-04-27,1146,175,1651,471,597,549,41,134,814,837,210,261,29,13,17,12,6,7
FR_ARA_69,2020-04-28,1107,163,1716,480,576,531,36,127,853,863,215,265,65,9,39,26,5,4
FR_ARA_69,2020-04-29,1090,163,1766,493,557,533,35,128,888,878,221,272,50,13,35,15,6,7
FR_ARA_69,2020-04-30,1091,157,1790,503,549,542,35,122,908,882,229,274,24,10,20,4,8,2
FR_ARA_69,2020-05-01,1090,160,1826,512,550,540,37,123,926,900,231,281,36,9,18,18,2,7
FR_ARA_69,2020-05-02,1097,159,1833,517,554,543,36,123,930,903,231,286,7,5,4,3,0,5
FR_ARA_69,2020-05-03,1102,158,1835,521,557,545,35,123,933,902,232,289,2,4,3,-1,1,3
FR_ARA_69,2020-05-04,1071,150,1859,528,544,527,32,118,943,916,236,292,24,7,10,14,4,3
FR_ARA_69,2020-05-05,1042,128,1902,534,534,508,24,104,962,940,238,296,43,6,19,24,2,4
FR_ARA_69,2020-05-06,1011,122,1940,540,514,497,23,99,987,953,242,298,38,6,25,13,4,2
FR_ARA_69,2020-05-07,979,112,2000,549,502,477,22,90,1018,982,246,303,60,9,31,29,4,5
FR_ARA_69,2020-05-08,941,109,2040,551,481,460,21,88,1039,1001,247,304,40,2,21,19,1,1
FR_ARA_69,2020-05-09,935,107,2049,552,481,454,21,86,1041,1008,247,305,9,1,2,7,0,1
FR_ARA_69,2020-05-10,927,105,2052,556,479,448,21,84,1042,1010,249,307,3,4,1,2,2,2
FR_ARA_69,2020-05-11,911,104,2066,560,466,445,21,83,1050,1016,252,308,14,4,8,6,3,1
FR_ARA_69,2020-05-12,879,105,2110,564,446,433,22,83,1076,1034,253,311,44,4,26,18,1,3
FR_ARA_69,2020-05-13,824,98,2166,566,411,413,21,77,1112,1054,253,313,56,2,36,20,0,2
FR_ARA_69,2020-05-14,801,94,2198,573,401,400,21,73,1125,1073,257,316,32,7,13,19,4,3
FR_ARA_69,2020-05-15,793,93,2211,576,399,394,23,70,1133,1078,259,317,13,3,8,5,2,1
FR_ARA_69,2020-05-16,769,83,2254,586,388,381,19,64,1152,1102,262,324,43,10,19,24,3,7
FR_ARA_69,2020-05-17,775,85,2254,587,391,384,20,65,1153,1101,262,325,0,1,1,-1,0,1
FR_ARA_69,2020-05-18,747,83,2282,590,375,372,19,64,1168,1114,262,328,28,3,15,13,0,3
FR_ARA_69,2020-05-19,725,82,2317,593,362,363,20,62,1191,1126,262,331,35,3,23,12,0,3
FR_ARA_69,2020-05-20,694,80,2352,593,343,351,20,60,1209,1143,262,331,35,0,18,17,0,0
FR_ARA_69,2020-05-21,680,78,2377,594,336,344,19,59,1223,1154,262,332,25,1,14,11,0,1
FR_ARA_69,2020-05-22,681,74,2380,597,339,342,18,56,1224,1156,263,334,3,3,1,2,1,2
FR_ARA_69,2020-05-23,677,72,2382,599,337,340,18,54,1225,1157,264,335,2,2,1,1,1,1
FR_ARA_69,2020-05-24,680,71,2382,599,338,342,18,53,1225,1157,264,335,0,0,0,0,0,0
FR_ARA_69,2020-05-25,638,70,2438,602,323,315,19,51,1248,1190,264,338,56,3,23,33,0,3
FR_ARA_69,2020-05-26,613,68,2457,606,315,298,19,49,1254,1203,264,342,19,4,6,13,0,4
FR_ARA_69,2020-05-27,562,63,2499,607,286,276,17,46,1278,1221,265,342,42,1,24,18,1,0
FR_ARA_69,2020-05-28,506,50,2555,612,249,257,15,35,1316,1239,267,345,56,5,38,18,2,3
FR_ARA_69,2020-05-29,466,47,2594,616,226,240,14,33,1337,1257,270,346,39,4,21,18,3,1
FR_ARA_69,2020-05-30,477,56,2598,616,228,249,16,40,1339,1259,270,346,4,0,2,2,0,0
FR_ARA_69,2020-05-31,494,65,2599,617,231,263,17,48,1339,1260,270,347,1,1,0,1,0,1
FR_ARA_69,2020-06-01,494,63,2599,617,231,263,16,47,1339,1260,270,347,0,0,0,0,0,0
FR_ARA_69,2020-06-02,477,58,2613,619,226,251,15,43,1345,1268,271,348,14,2,6,8,1,1
FR_ARA_69,2020-06-03,448,47,2635,622,216,232,13,34,1353,1282,273,349,22,3,8,14,2,1
FR_ARA_69,2020-06-04,401,45,2688,623,192,209,14,31,1381,1307,273,350,53,1,28,25,0,1
FR_ARA_69,2020-06-05,367,44,2728,623,171,196,13,31,1403,1325,273,350,40,0,22,18,0,0
FR_ARA_69,2020-06-06,359,43,2736,624,169,190,13,30,1406,1330,273,351,8,1,3,5,0,1
FR_ARA_69,2020-06-07,359,43,2737,624,169,190,13,30,1407,1330,273,351,1,0,1,0,0,0
FR_ARA_69,2020-06-08,354,41,2744,626,168,186,12,29,1409,1335,274,352,7,2,2,5,1,1
FR_ARA_69,2020-06-09,337,30,2756,629,163,174,10,20,1415,1341,274,355,12,3,6,6,0,3
FR_ARA_69,2020-06-10,320,27,2773,632,151,169,10,17,1428,1345,275,357,17,3,13,4,1,2
FR_ARA_69,2020-06-11,311,22,2788,635,148,163,9,13,1432,1356,278,357,15,3,4,11,3,0
FR_ARA_69,2020-06-12,299,19,2794,635,143,156,8,11,1433,1361,279,356,6,0,1,5,1,-1
FR_ARA_69,2020-06-13,296,17,2800,636,143,153,6,11,1435,1365,279,357,6,1,2,4,0,1
FR_ARA_69,2020-06-14,296,17,2800,636,143,153,6,11,1435,1365,279,357,0,0,0,0,0,0
FR_ARA_69,2020-06-15,256,16,2824,637,123,133,5,11,1451,1373,279,358,24,1,16,8,0,1
FR_ARA_69,2020-06-16,251,16,2831,636,126,125,5,11,1454,1377,279,357,7,-1,3,4,0,-1
FR_ARA_69,2020-06-17,218,16,2861,635,109,109,7,9,1473,1388,279,356,30,-1,19,11,0,-1
FR_ARA_69,2020-06-18,209,16,2865,635,105,104,7,9,1477,1388,279,356,4,0,4,0,0,0
FR_ARA_69,2020-06-19,207,16,2861,635,103,104,7,9,1478,1383,279,356,-4,0,1,-5,0,0
FR_ARA_69,2020-06-20,206,16,2866,636,100,106,7,9,1480,1386,280,356,5,1,2,3,1,0
FR_ARA_69,2020-06-21,193,16,2880,636,95,98,7,9,1486,1394,280,356,14,0,6,8,0,0
FR_ARA_73,2020-03-18,8,0,3,0,6,2,0,0,1,2,0,0,,,,,,
FR_ARA_73,2020-03-19,10,2,5,0,6,4,0,2,3,2,0,0,2,0,2,0,0,0
FR_ARA_73,2020-03-20,16,2,8,0,7,9,0,2,5,3,0,0,3,0,2,1,0,0
FR_ARA_73,2020-03-21,18,2,8,0,9,9,0,2,5,3,0,0,0,0,0,0,0,0
FR_ARA_73,2020-03-22,22,2,8,0,12,10,0,2,5,3,0,0,0,0,0,0,0,0
FR_ARA_73,2020-03-23,26,4,13,1,12,14,0,4,8,5,0,1,5,1,3,2,0,1
FR_ARA_73,2020-03-24,28,4,16,1,13,15,0,4,10,6,0,1,3,0,2,1,0,0
FR_ARA_73,2020-03-25,35,5,18,2,14,21,0,5,10,8,0,2,2,1,0,2,0,1
FR_ARA_73,2020-03-26,52,13,19,2,24,28,2,11,10,9,0,2,1,0,0,1,0,0
FR_ARA_73,2020-03-27,61,15,24,3,28,33,2,13,12,12,1,2,5,1,2,3,1,0
FR_ARA_73,2020-03-28,65,16,25,3,30,35,2,14,12,13,1,2,1,0,0,1,0,0
FR_ARA_73,2020-03-29,81,17,27,4,38,43,2,15,13,14,1,3,2,1,1,1,0,1
FR_ARA_73,2020-03-30,84,24,35,5,38,46,4,20,17,18,1,4,8,1,4,4,0,1
FR_ARA_73,2020-03-31,99,30,54,5,43,56,5,25,25,29,1,4,19,0,8,11,0,0
FR_ARA_73,2020-04-01,108,32,87,6,45,63,6,26,45,42,2,4,33,1,20,13,1,0
FR_ARA_73,2020-04-02,112,36,107,14,44,68,7,29,53,54,9,5,20,8,8,12,7,1
FR_ARA_73,2020-04-03,107,36,118,15,43,64,7,29,56,62,9,6,11,1,3,8,0,1
FR_ARA_73,2020-04-04,112,36,120,15,46,66,7,29,56,64,9,6,2,0,0,2,0,0
FR_ARA_73,2020-04-05,116,35,121,15,48,68,7,28,57,64,8,7,1,0,1,0,-1,1
FR_ARA_73,2020-04-06,116,34,127,18,49,67,8,26,61,66,8,10,6,3,4,2,0,3
FR_ARA_73,2020-04-07,122,32,139,19,52,70,8,24,68,71,8,11,12,1,7,5,0,1
FR_ARA_73,2020-04-08,121,31,148,20,54,67,8,23,72,76,8,12,9,1,4,5,0,1
FR_ARA_73,2020-04-09,120,27,167,20,53,67,6,21,85,82,8,12,19,0,13,6,0,0
FR_ARA_73,2020-04-10,117,23,177,23,50,67,5,18,90,87,9,14,10,3,5,5,1,2
FR_ARA_73,2020-04-11,106,23,190,23,45,61,5,18,94,96,9,14,13,0,4,9,0,0
FR_ARA_73,2020-04-12,107,24,196,23,45,62,5,19,99,97,9,14,6,0,5,1,0,0
FR_ARA_73,2020-04-13,110,25,197,24,47,63,6,19,100,97,9,15,1,1,1,0,0,1
FR_ARA_73,2020-04-14,99,20,214,28,41,58,3,17,108,106,10,18,17,4,8,9,1,3
FR_ARA_73,2020-04-15,96,23,224,28,38,58,3,20,114,110,10,18,10,0,6,4,0,0
FR_ARA_73,2020-04-16,95,21,228,30,40,55,3,18,116,112,10,20,4,2,2,2,0,2
FR_ARA_73,2020-04-17,92,19,243,31,40,52,3,16,125,118,10,21,15,1,9,6,0,1
FR_ARA_73,2020-04-18,88,18,253,32,40,48,4,14,130,123,10,22,10,1,5,5,0,1
FR_ARA_73,2020-04-19,90,17,257,32,42,48,4,13,134,123,10,22,4,0,4,0,0,0
FR_ARA_73,2020-04-20,87,18,258,36,39,48,5,13,135,123,11,25,1,4,1,0,1,3
FR_ARA_73,2020-04-21,86,13,267,38,37,49,4,9,142,125,12,26,9,2,7,2,1,1
FR_ARA_73,2020-04-22,83,13,271,39,34,49,4,9,146,125,13,26,4,1,4,0,1,0
FR_ARA_73,2020-04-23,80,12,283,40,33,47,3,9,151,132,14,26,12,1,5,7,1,0
FR_ARA_73,2020-04-24,83,11,285,41,37,46,3,8,152,133,14,27,2,1,1,1,0,1
FR_ARA_73,2020-04-25,84,10,294,41,38,46,2,8,159,135,14,27,9,0,7,2,0,0
FR_ARA_73,2020-04-26,83,10,297,41,38,45,2,8,161,136,14,27,3,0,2,1,0,0
FR_ARA_73,2020-04-27,83,10,301,41,38,45,2,8,163,138,14,27,4,0,2,2,0,0
FR_ARA_73,2020-04-28,75,8,310,41,38,37,2,6,164,146,14,27,9,0,1,8,0,0
FR_ARA_73,2020-04-29,76,10,317,41,38,38,2,8,170,147,14,27,7,0,6,1,0,0
FR_ARA_73,2020-04-30,72,9,323,42,33,39,2,7,176,147,15,27,6,1,6,0,1,0
FR_ARA_73,2020-05-01,69,9,326,44,31,38,2,7,179,147,16,28,3,2,3,0,1,1
FR_ARA_73,2020-05-02,68,9,326,45,31,37,2,7,179,147,16,29,0,1,0,0,0,1
FR_ARA_73,2020-05-03,69,9,326,45,32,37,2,7,179,147,16,29,0,0,0,0,0,0
FR_ARA_73,2020-05-04,66,8,328,48,33,33,2,6,180,148,16,32,2,3,1,1,0,3
FR_ARA_73,2020-05-05,66,9,332,52,33,33,3,6,182,150,20,32,4,4,2,2,4,0
FR_ARA_73,2020-05-06,65,8,333,53,33,32,3,5,182,151,20,33,1,1,0,1,0,1
FR_ARA_73,2020-05-07,55,7,342,55,31,24,3,4,185,157,20,35,9,2,3,6,0,2
FR_ARA_73,2020-05-08,54,7,343,55,32,22,3,4,185,158,20,35,1,0,0,1,0,0
FR_ARA_73,2020-05-09,54,6,344,55,32,22,3,3,186,158,20,35,1,0,1,0,0,0
FR_ARA_73,2020-05-10,54,6,341,56,32,22,3,3,186,155,20,36,-3,1,0,-3,0,1
FR_ARA_73,2020-05-11,55,6,341,56,33,22,3,3,185,156,20,36,0,0,-1,1,0,0
FR_ARA_73,2020-05-12,54,5,344,57,32,22,2,3,187,157,21,36,3,1,2,1,1,0
FR_ARA_73,2020-05-13,53,5,346,57,31,22,2,3,189,157,21,36,2,0,2,0,0,0
FR_ARA_73,2020-05-14,50,4,351,58,29,21,1,3,192,159,22,36,5,1,3,2,1,0
FR_ARA_73,2020-05-15,52,4,351,58,31,21,1,3,192,159,22,36,0,0,0,0,0,0
FR_ARA_73,2020-05-16,49,4,354,58,29,20,1,3,194,160,22,36,3,0,2,1,0,0
FR_ARA_73,2020-05-17,49,4,354,59,29,20,1,3,194,160,23,36,0,1,0,0,1,0
FR_ARA_73,2020-05-18,48,4,355,59,29,19,1,3,194,161,23,36,1,0,0,1,0,0
FR_ARA_73,2020-05-19,45,4,359,59,26,19,0,4,198,161,23,36,4,0,4,0,0,0
FR_ARA_73,2020-05-20,44,4,361,61,26,18,1,3,200,161,23,38,2,2,2,0,0,2
FR_ARA_73,2020-05-21,44,4,361,61,26,18,1,3,200,161,23,38,0,0,0,0,0,0
FR_ARA_73,2020-05-22,43,4,363,61,25,18,1,3,202,161,23,38,2,0,2,0,0,0
FR_ARA_73,2020-05-23,43,3,363,63,25,18,1,2,202,161,24,39,0,2,0,0,1,1
FR_ARA_73,2020-05-24,43,3,363,63,25,18,1,2,202,161,24,39,0,0,0,0,0,0
FR_ARA_73,2020-05-25,42,3,364,63,24,18,1,2,203,161,24,39,1,0,1,0,0,0
FR_ARA_73,2020-05-26,40,2,366,64,21,19,1,1,205,161,25,39,2,1,2,0,1,0
FR_ARA_73,2020-05-27,37,1,369,66,18,19,1,0,209,160,27,39,3,2,4,-1,2,0
FR_ARA_73,2020-05-28,37,1,369,66,18,19,1,0,209,160,27,39,0,0,0,0,0,0
FR_ARA_73,2020-05-29,35,1,369,68,16,19,1,0,209,160,29,39,0,2,0,0,2,0
FR_ARA_73,2020-05-30,34,2,372,68,15,19,1,1,211,161,29,39,3,0,2,1,0,0
FR_ARA_73,2020-05-31,34,2,372,68,15,19,1,1,211,161,29,39,0,0,0,0,0,0
FR_ARA_73,2020-06-01,35,2,372,68,16,19,1,1,211,161,29,39,0,0,0,0,0,0
FR_ARA_73,2020-06-02,35,2,372,68,16,19,1,1,211,161,29,39,0,0,0,0,0,0
FR_ARA_73,2020-06-03,36,2,372,68,17,19,1,1,211,161,29,39,0,0,0,0,0,0
FR_ARA_73,2020-06-04,34,2,376,68,15,19,1,1,213,163,29,39,4,0,2,2,0,0
FR_ARA_73,2020-06-05,34,2,377,68,15,19,1,1,213,164,29,39,1,0,0,1,0,0
FR_ARA_73,2020-06-06,33,2,378,68,14,19,1,1,214,164,29,39,1,0,1,0,0,0
FR_ARA_73,2020-06-07,32,2,378,69,14,18,1,1,214,164,29,40,0,1,0,0,0,1
FR_ARA_73,2020-06-08,28,2,384,69,12,16,1,1,218,166,29,40,6,0,4,2,0,0
FR_ARA_73,2020-06-09,25,0,385,69,11,14,0,0,218,167,29,40,1,0,0,1,0,0
FR_ARA_73,2020-06-10,24,0,387,69,10,14,0,0,220,167,29,40,2,0,2,0,0,0
FR_ARA_73,2020-06-11,24,0,387,69,10,14,0,0,220,167,29,40,0,0,0,0,0,0
FR_ARA_73,2020-06-12,24,0,389,69,10,14,0,0,221,168,29,40,2,0,1,1,0,0
FR_ARA_73,2020-06-13,23,0,390,69,10,13,0,0,221,169,29,40,1,0,0,1,0,0
FR_ARA_73,2020-06-14,23,0,390,69,10,13,0,0,221,169,29,40,0,0,0,0,0,0
FR_ARA_73,2020-06-15,23,0,390,69,10,13,0,0,221,169,29,40,0,0,0,0,0,0
FR_ARA_73,2020-06-16,22,0,391,69,10,12,0,0,221,170,29,40,1,0,0,1,0,0
FR_ARA_73,2020-06-17,23,0,392,69,10,13,0,0,222,170,29,40,1,0,1,0,0,0
FR_ARA_73,2020-06-18,23,0,392,69,10,13,0,0,222,170,29,40,0,0,0,0,0,0
FR_ARA_73,2020-06-19,25,0,392,69,12,13,0,0,222,170,29,40,0,0,0,0,0,0
FR_ARA_73,2020-06-20,25,0,392,69,12,13,0,0,222,170,29,40,0,0,0,0,0,0
FR_ARA_73,2020-06-21,25,0,392,69,12,13,0,0,222,170,29,40,0,0,0,0,0,0
FR_ARA_74,2020-03-18,24,5,42,5,9,15,0,5,18,24,3,2,,,,,,
FR_ARA_74,2020-03-19,31,8,47,6,10,21,0,8,20,27,4,2,5,1,2,3,1,0
FR_ARA_74,2020-03-20,40,6,50,6,15,25,0,6,20,30,4,2,3,0,0,3,0,0
FR_ARA_74,2020-03-21,40,6,54,7,16,24,0,6,20,34,4,3,4,1,0,4,0,1
FR_ARA_74,2020-03-22,45,6,55,7,17,28,0,6,20,35,4,3,1,0,0,1,0,0
FR_ARA_74,2020-03-23,63,10,58,11,25,38,2,8,22,36,5,6,3,4,2,1,1,3
FR_ARA_74,2020-03-24,91,24,73,14,31,60,6,18,31,42,7,7,15,3,9,6,2,1
FR_ARA_74,2020-03-25,109,28,83,15,38,71,6,22,34,49,8,7,10,1,3,7,1,0
FR_ARA_74,2020-03-26,135,37,95,16,51,84,8,29,41,54,8,8,12,1,7,5,0,1
FR_ARA_74,2020-03-27,162,40,105,19,62,100,9,31,44,61,10,9,10,3,3,7,2,1
FR_ARA_74,2020-03-28,176,44,122,23,66,110,10,34,53,69,13,10,17,4,9,8,3,1
FR_ARA_74,2020-03-29,209,54,129,26,76,133,11,43,58,71,13,13,7,3,5,2,0,3
FR_ARA_74,2020-03-30,238,60,142,27,86,152,11,49,62,80,13,14,13,1,4,9,0,1
FR_ARA_74,2020-03-31,242,68,157,30,87,155,15,53,72,85,13,17,15,3,10,5,0,3
FR_ARA_74,2020-04-01,246,75,182,39,84,162,14,61,82,100,16,23,25,9,10,15,3,6
FR_ARA_74,2020-04-02,250,81,215,46,87,163,16,65,99,116,18,28,33,7,17,16,2,5
FR_ARA_74,2020-04-03,272,84,226,52,101,171,17,67,102,124,20,32,11,6,3,8,2,4
FR_ARA_74,2020-04-04,261,85,248,55,99,162,16,69,110,138,20,35,22,3,8,14,0,3
FR_ARA_74,2020-04-05,289,94,255,56,111,178,19,75,114,141,21,35,7,1,4,3,1,0
FR_ARA_74,2020-04-06,287,95,265,64,109,178,21,74,118,147,25,39,10,8,4,6,4,4
FR_ARA_74,2020-04-07,281,88,291,68,110,171,19,69,128,163,27,41,26,4,10,16,2,2
FR_ARA_74,2020-04-08,278,81,316,73,107,171,18,63,139,177,29,44,25,5,11,14,2,3
FR_ARA_74,2020-04-09,279,78,334,77,110,169,18,60,147,187,31,46,18,4,8,10,2,2
FR_ARA_74,2020-04-10,279,75,347,78,110,169,18,57,153,194,32,46,13,1,6,7,1,0
FR_ARA_74,2020-04-11,279,74,380,84,116,163,17,57,164,216,34,50,33,6,11,22,2,4
FR_ARA_74,2020-04-12,281,72,388,87,118,163,16,56,166,222,35,52,8,3,2,6,1,2
FR_ARA_74,2020-04-13,285,71,394,88,120,165,14,57,166,228,35,53,6,1,0,6,0,1
FR_ARA_74,2020-04-14,291,69,402,88,125,166,13,56,167,235,35,53,8,0,1,7,0,0
FR_ARA_74,2020-04-15,291,60,422,90,129,162,14,46,177,245,36,54,20,2,10,10,1,1
FR_ARA_74,2020-04-16,270,60,451,99,116,154,14,46,194,257,39,60,29,9,17,12,3,6
FR_ARA_74,2020-04-17,258,57,474,103,109,149,12,45,204,270,41,62,23,4,10,13,2,2
FR_ARA_74,2020-04-18,274,53,485,105,121,153,9,44,208,277,43,62,11,2,4,7,2,0
FR_ARA_74,2020-04-19,278,53,488,110,126,152,9,44,209,279,44,66,3,5,1,2,1,4
FR_ARA_74,2020-04-20,263,49,500,118,118,145,8,41,216,284,48,70,12,8,7,5,4,4
FR_ARA_74,2020-04-21,257,47,517,121,115,142,9,38,224,293,48,73,17,3,8,9,0,3
FR_ARA_74,2020-04-22,254,43,528,122,112,142,9,34,227,301,49,73,11,1,3,8,1,0
FR_ARA_74,2020-04-23,238,40,544,126,105,133,9,31,236,308,49,77,16,4,9,7,0,4
FR_ARA_74,2020-04-24,225,37,568,126,99,126,8,29,249,319,49,77,24,0,13,11,0,0
FR_ARA_74,2020-04-25,219,34,578,129,102,117,8,26,251,327,49,80,10,3,2,8,0,3
FR_ARA_74,2020-04-26,218,32,583,131,103,115,8,24,254,329,49,82,5,2,3,2,0,2
FR_ARA_74,2020-04-27,215,32,592,134,104,111,8,24,258,334,49,85,9,3,4,5,0,3
FR_ARA_74,2020-04-28,213,33,597,135,101,112,8,25,261,336,50,85,5,1,3,2,1,0
FR_ARA_74,2020-04-29,207,32,628,141,96,111,8,24,281,347,50,91,31,6,20,11,0,6
FR_ARA_74,2020-04-30,208,31,637,137,94,114,9,22,286,351,47,90,9,-4,5,4,-3,-1
FR_ARA_74,2020-05-01,205,27,642,138,93,112,8,19,288,354,47,91,5,1,2,3,0,1
FR_ARA_74,2020-05-02,205,27,648,138,95,110,8,19,290,358,47,91,6,0,2,4,0,0
FR_ARA_74,2020-05-03,201,26,653,141,93,108,8,18,293,360,47,94,5,3,3,2,0,3
FR_ARA_74,2020-05-04,203,27,655,143,94,109,8,19,294,361,47,96,2,2,1,1,0,2
FR_ARA_74,2020-05-05,203,25,659,147,96,107,7,18,297,362,47,100,4,4,3,1,0,4
FR_ARA_74,2020-05-06,195,23,668,149,94,101,7,16,302,366,47,102,9,2,5,4,0,2
FR_ARA_74,2020-05-07,188,20,681,152,88,100,7,13,310,371,50,102,13,3,8,5,3,0
FR_ARA_74,2020-05-08,176,17,695,152,79,97,4,13,321,374,50,102,14,0,11,3,0,0
FR_ARA_74,2020-05-09,184,17,696,152,80,104,4,13,322,374,50,102,1,0,1,0,0,0
FR_ARA_74,2020-05-10,186,17,699,152,82,104,4,13,322,377,50,102,3,0,0,3,0,0
FR_ARA_74,2020-05-11,179,17,705,153,79,100,4,13,326,379,51,102,6,1,4,2,1,0
FR_ARA_74,2020-05-12,165,16,720,154,73,92,4,12,333,387,52,102,15,1,7,8,1,0
FR_ARA_74,2020-05-13,165,16,726,154,71,94,4,12,337,389,52,102,6,0,4,2,0,0
FR_ARA_74,2020-05-14,161,16,736,154,68,93,4,12,344,392,52,102,10,0,7,3,0,0
FR_ARA_74,2020-05-15,154,13,743,155,64,90,3,10,348,395,52,103,7,1,4,3,0,1
FR_ARA_74,2020-05-16,153,13,747,155,64,89,3,10,350,397,52,103,4,0,2,2,0,0
FR_ARA_74,2020-05-17,154,14,749,155,66,88,4,10,351,398,52,103,2,0,1,1,0,0
FR_ARA_74,2020-05-18,152,13,753,155,65,87,3,10,353,400,52,103,4,0,2,2,0,0
FR_ARA_74,2020-05-19,143,13,763,156,61,82,3,10,359,404,52,104,10,1,6,4,0,1
FR_ARA_74,2020-05-20,134,11,770,158,59,75,2,9,361,409,53,105,7,2,2,5,1,1
FR_ARA_74,2020-05-21,129,10,773,158,55,74,2,8,362,411,53,105,3,0,1,2,0,0
FR_ARA_74,2020-05-22,126,8,777,158,53,73,1,7,364,413,53,105,4,0,2,2,0,0
FR_ARA_74,2020-05-23,124,9,780,158,53,71,1,8,364,416,53,105,3,0,0,3,0,0
FR_ARA_74,2020-05-24,125,9,781,158,54,71,1,8,364,417,53,105,1,0,0,1,0,0
FR_ARA_74,2020-05-25,123,7,786,158,53,70,1,6,366,420,53,105,5,0,2,3,0,0
FR_ARA_74,2020-05-26,117,6,791,160,52,65,0,6,367,424,54,106,5,2,1,4,1,1
FR_ARA_74,2020-05-27,118,6,791,160,52,66,0,6,367,424,54,106,0,0,0,0,0,0
FR_ARA_74,2020-05-28,117,6,793,160,53,64,0,6,367,426,54,106,2,0,0,2,0,0
FR_ARA_74,2020-05-29,113,6,797,160,53,60,0,6,367,430,54,106,4,0,0,4,0,0
FR_ARA_74,2020-05-30,113,5,798,160,52,61,0,5,368,430,54,106,1,0,1,0,0,0
FR_ARA_74,2020-05-31,106,5,805,160,49,57,0,5,371,434,54,106,7,0,3,4,0,0
FR_ARA_74,2020-06-01,107,5,805,160,49,58,0,5,371,434,54,106,0,0,0,0,0,0
FR_ARA_74,2020-06-02,106,6,807,160,49,57,1,5,372,435,54,106,2,0,1,1,0,0
FR_ARA_74,2020-06-03,106,6,808,161,49,57,1,5,373,435,55,106,1,1,1,0,1,0
FR_ARA_74,2020-06-04,104,6,809,162,47,57,1,5,375,434,55,107,1,1,2,-1,0,1
FR_ARA_74,2020-06-05,101,5,812,162,45,56,0,5,377,435,55,107,3,0,2,1,0,0
FR_ARA_74,2020-06-06,102,5,812,162,45,57,0,5,377,435,55,107,0,0,0,0,0,0
FR_ARA_74,2020-06-07,102,5,812,162,45,57,0,5,377,435,55,107,0,0,0,0,0,0
FR_ARA_74,2020-06-08,101,5,813,162,45,56,0,5,377,436,55,107,1,0,0,1,0,0
FR_ARA_74,2020-06-09,97,5,817,162,43,54,0,5,379,438,55,107,4,0,2,2,0,0
FR_ARA_74,2020-06-10,97,4,818,162,43,54,0,4,379,439,55,107,1,0,0,1,0,0
FR_ARA_74,2020-06-11,97,3,818,162,43,54,0,3,379,439,55,107,0,0,0,0,0,0
FR_ARA_74,2020-06-12,98,3,816,162,43,55,0,3,378,438,55,107,-2,0,-1,-1,0,0
FR_ARA_74,2020-06-13,98,3,816,162,43,55,0,3,378,438,55,107,0,0,0,0,0,0
FR_ARA_74,2020-06-14,96,3,818,162,43,53,0,3,378,440,55,107,2,0,0,2,0,0
FR_ARA_74,2020-06-15,94,3,820,162,42,52,0,3,379,441,55,107,2,0,1,1,0,0
FR_ARA_74,2020-06-16,94,3,819,163,43,51,1,2,379,440,55,108,-1,1,0,-1,0,1
FR_ARA_74,2020-06-17,92,2,821,163,42,50,0,2,380,441,55,108,2,0,1,1,0,0
FR_ARA_74,2020-06-18,93,2,821,163,43,50,0,2,380,441,55,108,0,0,0,0,0,0
FR_ARA_74,2020-06-19,94,3,821,163,43,51,0,3,380,441,55,108,0,0,0,0,0,0
FR_ARA_74,2020-06-20,94,3,821,163,43,51,0,3,380,441,55,108,0,0,0,0,0,0
FR_ARA_74,2020-06-21,94,3,821,163,43,51,0,3,380,441,55,108,0,0,0,0,0,0
FR_BFC,2020-03-18,168,33,20,6,84,84,13,20,14,6,2,4,,,,,,
FR_BFC,2020-03-19,194,47,49,14,87,107,11,36,34,15,8,6,29,8,20,9,6,2
FR_BFC,2020-03-20,270,71,67,22,121,149,22,49,41,26,11,11,18,8,7,11,3,5
FR_BFC,2020-03-21,283,79,87,27,128,155,22,57,54,33,13,14,20,5,13,7,2,3
FR_BFC,2020-03-22,344,83,163,40,165,179,24,59,95,68,20,20,76,13,41,35,7,6
FR_BFC,2020-03-23,411,99,196,62,197,214,29,70,113,83,27,35,33,22,18,15,7,15
FR_BFC,2020-03-24,476,121,283,85,213,263,35,86,168,115,37,48,87,23,55,32,10,13
FR_BFC,2020-03-25,590,150,346,102,258,332,43,107,204,142,44,58,63,17,36,27,7,10
FR_BFC,2020-03-26,678,166,399,123,291,387,49,117,233,166,54,69,53,21,29,24,10,11
FR_BFC,2020-03-27,739,186,429,139,309,430,51,135,243,186,63,76,30,16,10,20,9,7
FR_BFC,2020-03-28,785,194,490,148,319,466,51,143,278,212,66,82,61,9,35,26,3,6
FR_BFC,2020-03-29,869,217,545,164,346,523,59,158,308,237,73,91,55,16,30,25,7,9
FR_BFC,2020-03-30,900,220,599,187,357,543,58,162,337,262,84,103,54,23,29,25,11,12
FR_BFC,2020-03-31,912,212,670,214,369,543,51,161,367,303,92,122,71,27,30,41,8,19
FR_BFC,2020-04-01,961,229,637,230,395,566,50,179,342,295,93,137,-33,16,-25,-8,1,15
FR_BFC,2020-04-02,1014,249,741,271,423,591,59,190,386,355,109,162,104,41,44,60,16,25
FR_BFC,2020-04-03,1025,264,830,303,435,590,61,203,424,406,121,182,89,32,38,51,12,20
FR_BFC,2020-04-04,1072,273,905,323,459,613,69,204,463,442,132,191,75,20,39,36,11,9
FR_BFC,2020-04-05,1117,274,935,340,482,635,66,208,480,455,139,201,30,17,17,13,7,10
FR_BFC,2020-04-06,1171,282,980,365,507,664,71,211,501,479,147,218,45,25,21,24,8,17
FR_BFC,2020-04-07,1207,292,1071,395,535,672,77,215,545,526,158,237,91,30,44,47,11,19
FR_BFC,2020-04-08,1223,290,1153,411,546,677,81,209,579,574,166,245,82,16,34,48,8,8
FR_BFC,2020-04-09,1204,281,1231,426,550,654,79,202,617,614,173,253,78,15,38,40,7,8
FR_BFC,2020-04-10,1273,288,1303,458,584,689,82,206,658,645,186,272,72,32,41,31,13,19
FR_BFC,2020-04-11,1229,275,1405,477,576,653,74,201,705,700,195,282,102,19,47,55,9,10
FR_BFC,2020-04-12,1284,275,1435,499,604,680,72,203,724,711,206,293,30,22,19,11,11,11
FR_BFC,2020-04-13,1299,281,1457,511,614,685,74,207,734,723,209,302,22,12,10,12,3,9
FR_BFC,2020-04-14,1351,282,1481,550,652,699,75,207,745,736,227,323,24,39,11,13,18,21
FR_BFC,2020-04-15,1332,270,1586,580,652,680,71,199,798,788,240,340,105,30,53,52,13,17
FR_BFC,2020-04-16,1360,275,1651,606,678,682,74,201,824,827,255,351,65,26,26,39,15,11
FR_BFC,2020-04-17,1370,259,1719,622,687,683,67,192,857,862,259,363,68,16,33,35,4,12
FR_BFC,2020-04-18,1341,252,1779,643,678,663,66,186,882,897,269,374,60,21,25,35,10,11
FR_BFC,2020-04-19,1317,236,1830,656,665,652,61,175,908,922,275,381,51,13,26,25,6,7
FR_BFC,2020-04-20,1324,235,1855,676,668,656,61,174,920,935,283,393,25,20,12,13,8,12
FR_BFC,2020-04-21,1310,226,1931,704,675,635,66,160,959,972,297,407,76,28,39,37,14,14
FR_BFC,2020-04-22,1326,231,2007,720,672,654,66,165,1005,1002,306,414,76,16,46,30,9,7
FR_BFC,2020-04-23,1277,216,2076,751,648,629,57,159,1039,1037,319,432,69,31,34,35,13,18
FR_BFC,2020-04-24,1226,202,2163,768,623,603,53,149,1085,1078,325,443,87,17,46,41,6,11
FR_BFC,2020-04-25,1209,200,2215,784,626,583,56,144,1109,1106,335,449,52,16,24,28,10,6
FR_BFC,2020-04-26,1212,194,2224,795,634,578,54,140,1110,1114,341,454,9,11,1,8,6,5
FR_BFC,2020-04-27,1203,195,2256,812,634,569,55,140,1125,1131,351,461,32,17,15,17,10,7
FR_BFC,2020-04-28,1193,190,2291,817,628,565,52,138,1139,1152,354,463,35,5,14,21,3,2
FR_BFC,2020-04-29,1184,185,2368,831,617,567,46,139,1184,1184,362,469,77,14,45,32,8,6
FR_BFC,2020-04-30,1180,180,2423,837,621,559,48,132,1217,1206,365,472,55,6,33,22,3,3
FR_BFC,2020-05-01,1138,177,2477,842,599,539,47,130,1248,1229,366,476,54,5,31,23,1,4
FR_BFC,2020-05-02,1137,171,2485,849,604,533,49,122,1252,1233,367,482,8,7,4,4,1,6
FR_BFC,2020-05-03,1141,173,2488,855,604,537,49,124,1255,1233,370,485,3,6,3,0,3,3
FR_BFC,2020-05-04,1139,160,2505,868,607,532,44,116,1263,1242,378,490,17,13,8,9,8,5
FR_BFC,2020-05-05,1112,134,2576,882,587,525,33,101,1312,1264,387,495,71,14,49,22,9,5
FR_BFC,2020-05-06,1110,113,2612,894,589,521,25,88,1328,1284,393,501,36,12,16,20,6,6
FR_BFC,2020-05-07,1048,111,2696,904,549,499,25,86,1374,1322,401,503,84,10,46,38,8,2
FR_BFC,2020-05-08,1010,114,2758,912,528,482,26,88,1406,1352,405,507,62,8,32,30,4,4
FR_BFC,2020-05-09,1001,110,2777,919,528,473,26,84,1420,1357,406,513,19,7,14,5,1,6
FR_BFC,2020-05-10,999,105,2780,924,526,473,23,82,1422,1358,409,515,3,5,2,1,3,2
FR_BFC,2020-05-11,957,108,2798,937,503,454,25,83,1429,1369,411,526,18,13,7,11,2,11
FR_BFC,2020-05-12,895,105,2841,945,466,429,28,77,1453,1388,413,532,43,8,24,19,2,6
FR_BFC,2020-05-13,878,96,2881,951,449,429,26,70,1479,1402,417,534,40,6,26,14,4,2
FR_BFC,2020-05-14,862,95,2909,954,440,422,27,68,1493,1416,418,536,28,3,14,14,1,2
FR_BFC,2020-05-15,830,94,2949,956,425,405,27,67,1514,1435,418,538,40,2,21,19,0,2
FR_BFC,2020-05-16,810,94,2969,957,417,393,27,67,1527,1442,418,539,20,1,13,7,0,1
FR_BFC,2020-05-17,809,94,2971,957,416,393,27,67,1528,1443,418,539,2,0,1,1,0,0
FR_BFC,2020-05-18,796,86,2993,967,414,382,25,61,1539,1454,420,547,22,10,11,11,2,8
FR_BFC,2020-05-19,757,75,3033,976,389,368,22,53,1563,1470,423,553,40,9,24,16,3,6
FR_BFC,2020-05-20,730,70,3080,978,371,359,18,52,1592,1488,425,553,47,2,29,18,2,0
FR_BFC,2020-05-21,684,67,3135,981,347,337,17,50,1624,1511,427,554,55,3,32,23,2,1
FR_BFC,2020-05-22,661,62,3158,986,341,320,16,46,1634,1524,429,557,23,5,10,13,2,3
FR_BFC,2020-05-23,658,62,3170,986,338,320,16,46,1642,1528,429,557,12,0,8,4,0,0
FR_BFC,2020-05-24,656,61,3174,988,338,318,15,46,1644,1530,429,559,4,2,2,2,0,2
FR_BFC,2020-05-25,624,58,3219,992,321,303,13,45,1672,1547,430,562,45,4,28,17,1,3
FR_BFC,2020-05-26,513,54,3336,995,252,261,12,42,1745,1591,432,563,117,3,73,44,2,1
FR_BFC,2020-05-27,466,49,3393,999,226,240,11,38,1780,1613,434,565,57,4,35,22,2,2
FR_BFC,2020-05-28,447,48,3416,1002,217,230,11,37,1792,1624,435,567,23,3,12,11,1,2
FR_BFC,2020-05-29,422,40,3466,1006,201,221,9,31,1820,1646,436,570,50,4,28,22,1,3
FR_BFC,2020-05-30,421,34,3474,1007,201,220,9,25,1823,1651,436,571,8,1,3,5,0,1
FR_BFC,2020-05-31,416,34,3480,1008,197,219,9,25,1826,1654,437,571,6,1,3,3,1,0
FR_BFC,2020-06-01,415,34,3483,1009,197,218,9,25,1826,1657,437,572,3,1,0,3,0,1
FR_BFC,2020-06-02,390,32,3511,1011,185,205,7,25,1835,1676,438,573,28,2,9,19,1,1
FR_BFC,2020-06-03,351,29,3551,1015,163,188,7,22,1860,1691,439,576,40,4,25,15,1,3
FR_BFC,2020-06-04,337,26,3574,1020,155,182,5,21,1870,1704,442,578,23,5,10,13,3,2
FR_BFC,2020-06-05,328,25,3584,1020,149,179,4,21,1877,1707,442,578,10,0,7,3,0,0
FR_BFC,2020-06-06,324,24,3590,1020,146,178,3,21,1879,1711,443,577,6,0,2,4,1,-1
FR_BFC,2020-06-07,324,23,3590,1020,146,178,3,20,1879,1711,443,577,0,0,0,0,0,0
FR_BFC,2020-06-08,321,22,3600,1021,149,172,3,19,1881,1719,443,578,10,1,2,8,0,1
FR_BFC,2020-06-09,299,22,3633,1025,137,162,3,19,1900,1733,446,579,33,4,19,14,3,1
FR_BFC,2020-06-10,271,22,3658,1029,123,148,3,19,1913,1745,448,581,25,4,13,12,2,2
FR_BFC,2020-06-11,268,22,3666,1029,121,147,4,18,1917,1749,448,581,8,0,4,4,0,0
FR_BFC,2020-06-12,234,21,3721,1028,101,133,4,17,1951,1770,448,580,55,-1,34,21,0,-1
FR_BFC,2020-06-13,226,20,3727,1030,97,129,4,16,1954,1773,448,582,6,2,3,3,0,2
FR_BFC,2020-06-14,221,20,3732,1030,94,127,4,16,1957,1775,448,582,5,0,3,2,0,0
FR_BFC,2020-06-15,223,19,3734,1030,94,129,4,15,1958,1776,448,582,2,0,1,1,0,0
FR_BFC,2020-06-16,211,18,3748,1030,85,126,4,14,1968,1780,448,582,14,0,10,4,0,0
FR_BFC,2020-06-17,197,15,3759,1031,81,116,3,12,1972,1787,448,583,11,1,4,7,0,1
FR_BFC,2020-06-18,192,15,3763,1032,80,112,2,13,1973,1790,449,583,4,1,1,3,1,0
FR_BFC,2020-06-19,173,12,3788,1032,72,101,2,10,1982,1806,449,583,25,0,9,16,0,0
FR_BFC,2020-06-20,173,12,3788,1032,73,100,2,10,1981,1807,449,583,0,0,-1,1,0,0
FR_BFC,2020-06-21,173,12,3788,1032,73,100,2,10,1981,1807,449,583,0,0,0,0,0,0
FR_BFC_21,2020-03-18,60,16,4,0,30,30,6,10,4,0,0,0,,,,,,
FR_BFC_21,2020-03-19,53,19,27,2,23,30,6,13,18,9,2,0,23,2,14,9,2,0
FR_BFC_21,2020-03-20,82,31,36,3,41,41,11,20,22,14,2,1,9,1,4,5,0,1
FR_BFC_21,2020-03-21,79,30,44,3,38,41,10,20,30,14,2,1,8,0,8,0,0,0
FR_BFC_21,2020-03-22,100,31,71,4,51,49,10,21,46,25,2,2,27,1,16,11,0,1
FR_BFC_21,2020-03-23,113,34,82,13,57,56,10,24,53,29,6,7,11,9,7,4,4,5
FR_BFC_21,2020-03-24,114,34,104,22,52,62,10,24,67,37,10,12,22,9,14,8,4,5
FR_BFC_21,2020-03-25,153,42,125,27,70,83,13,29,78,47,12,15,21,5,11,10,2,3
FR_BFC_21,2020-03-26,163,40,137,32,75,88,13,27,84,53,15,17,12,5,6,6,3,2
FR_BFC_21,2020-03-27,170,42,136,34,76,94,13,29,83,53,16,18,-1,2,-1,0,1,1
FR_BFC_21,2020-03-28,202,45,153,35,89,113,11,34,94,59,16,19,17,1,11,6,0,1
FR_BFC_21,2020-03-29,216,48,178,37,90,126,13,35,112,66,17,20,25,2,18,7,1,1
FR_BFC_21,2020-03-30,210,46,210,37,85,125,11,35,130,80,17,20,32,0,18,14,0,0
FR_BFC_21,2020-03-31,166,40,217,42,66,100,8,32,134,83,20,22,7,5,4,3,3,2
FR_BFC_21,2020-04-01,190,44,241,45,72,118,8,36,151,90,20,25,24,3,17,7,0,3
FR_BFC_21,2020-04-02,202,56,270,63,78,124,14,42,163,107,27,36,29,18,12,17,7,11
FR_BFC_21,2020-04-03,212,62,287,67,84,128,17,45,168,119,28,39,17,4,5,12,1,3
FR_BFC_21,2020-04-04,255,66,294,69,105,150,19,47,170,124,28,41,7,2,2,5,0,2
FR_BFC_21,2020-04-05,259,65,304,73,111,148,18,47,174,130,30,43,10,4,4,6,2,2
FR_BFC_21,2020-04-06,284,76,308,76,122,162,24,52,175,133,30,46,4,3,1,3,0,3
FR_BFC_21,2020-04-07,307,79,321,83,140,167,26,53,180,141,31,52,13,7,5,8,1,6
FR_BFC_21,2020-04-08,310,74,333,94,143,167,26,48,185,148,36,58,12,11,5,7,5,6
FR_BFC_21,2020-04-09,290,73,361,95,135,155,26,47,200,161,36,59,28,1,15,13,0,1
FR_BFC_21,2020-04-10,349,79,367,102,165,184,29,50,205,162,39,63,6,7,5,1,3,4
FR_BFC_21,2020-04-11,323,72,399,106,156,167,25,47,219,180,40,66,32,4,14,18,1,3
FR_BFC_21,2020-04-12,342,72,403,116,171,171,26,46,223,180,45,71,4,10,4,0,5,5
FR_BFC_21,2020-04-13,338,73,415,119,172,166,28,45,229,186,46,73,12,3,6,6,1,2
FR_BFC_21,2020-04-14,344,73,416,133,177,167,28,45,230,186,51,82,1,14,1,0,5,9
FR_BFC_21,2020-04-15,359,78,434,141,187,172,30,48,240,194,54,87,18,8,10,8,3,5
FR_BFC_21,2020-04-16,382,81,439,149,201,181,32,49,243,196,59,90,5,8,3,2,5,3
FR_BFC_21,2020-04-17,378,74,462,154,198,180,29,45,256,206,60,94,23,5,13,10,1,4
FR_BFC_21,2020-04-18,389,77,465,159,203,186,31,46,257,208,63,96,3,5,1,2,3,2
FR_BFC_21,2020-04-19,365,66,496,165,197,168,26,40,269,227,66,99,31,6,12,19,3,3
FR_BFC_21,2020-04-20,365,65,502,171,199,166,27,38,272,230,67,104,6,6,3,3,1,5
FR_BFC_21,2020-04-21,364,63,514,178,200,164,29,34,280,234,71,107,12,7,8,4,4,3
FR_BFC_21,2020-04-22,360,63,525,179,197,163,29,34,285,240,72,107,11,1,5,6,1,0
FR_BFC_21,2020-04-23,339,56,545,189,188,151,25,31,294,251,75,114,20,10,9,11,3,7
FR_BFC_21,2020-04-24,302,54,578,200,171,131,25,29,310,268,80,120,33,11,16,17,5,6
FR_BFC_21,2020-04-25,291,59,602,203,167,124,29,30,323,279,83,120,24,3,13,11,3,0
FR_BFC_21,2020-04-26,285,50,604,207,165,120,25,25,324,280,85,122,2,4,1,1,2,2
FR_BFC_21,2020-04-27,288,52,613,213,165,123,25,27,329,284,90,123,9,6,5,4,5,1
FR_BFC_21,2020-04-28,288,53,613,215,165,123,25,28,329,284,92,123,0,2,0,0,2,0
FR_BFC_21,2020-04-29,285,54,632,217,159,126,25,29,345,287,92,125,19,2,16,3,0,2
FR_BFC_21,2020-04-30,287,57,645,218,162,125,29,28,352,293,93,125,13,1,7,6,1,0
FR_BFC_21,2020-05-01,274,56,667,218,159,115,29,27,362,305,93,125,22,0,10,12,0,0
FR_BFC_21,2020-05-02,278,57,667,218,161,117,29,28,362,305,93,125,0,0,0,0,0,0
FR_BFC_21,2020-05-03,276,57,667,220,160,116,29,28,362,305,94,126,0,2,0,0,1,1
FR_BFC_21,2020-05-04,273,50,670,220,158,115,24,26,363,307,94,126,3,0,1,2,0,0
FR_BFC_21,2020-05-05,267,34,677,221,152,115,14,20,368,309,95,126,7,1,5,2,1,0
FR_BFC_21,2020-05-06,270,27,682,224,155,115,10,17,370,312,97,127,5,3,2,3,2,1
FR_BFC_21,2020-05-07,244,28,716,227,139,105,11,17,389,327,98,129,34,3,19,15,1,2
FR_BFC_21,2020-05-08,225,28,735,228,130,95,11,17,398,337,99,129,19,1,9,10,1,0
FR_BFC_21,2020-05-09,226,27,737,230,132,94,11,16,400,337,99,131,2,2,2,0,0,2
FR_BFC_21,2020-05-10,218,24,739,230,127,91,9,15,401,338,99,131,2,0,1,1,0,0
FR_BFC_21,2020-05-11,174,22,743,230,100,74,9,13,402,341,99,131,4,0,1,3,0,0
FR_BFC_21,2020-05-12,141,24,749,234,80,61,10,14,405,344,101,133,6,4,3,3,2,2
FR_BFC_21,2020-05-13,135,23,765,235,75,60,11,12,413,352,102,133,16,1,8,8,1,0
FR_BFC_21,2020-05-14,133,23,770,235,74,59,11,12,415,355,102,133,5,0,2,3,0,0
FR_BFC_21,2020-05-15,121,22,783,235,69,52,10,12,420,363,102,133,13,0,5,8,0,0
FR_BFC_21,2020-05-16,121,22,785,235,69,52,10,12,422,363,102,133,2,0,2,0,0,0
FR_BFC_21,2020-05-17,119,22,787,235,68,51,10,12,423,364,102,133,2,0,1,1,0,0
FR_BFC_21,2020-05-18,119,22,787,235,68,51,10,12,423,364,102,133,0,0,0,0,0,0
FR_BFC_21,2020-05-19,108,20,793,237,62,46,9,11,427,366,102,135,6,2,4,2,0,2
FR_BFC_21,2020-05-20,106,20,798,238,58,48,8,12,431,367,103,135,5,1,4,1,1,0
FR_BFC_21,2020-05-21,104,20,800,238,57,47,8,12,432,368,103,135,2,0,1,1,0,0
FR_BFC_21,2020-05-22,98,17,803,239,54,44,7,10,434,369,103,136,3,1,2,1,0,1
FR_BFC_21,2020-05-23,99,17,804,239,53,46,7,10,435,369,103,136,1,0,1,0,0,0
FR_BFC_21,2020-05-24,99,17,806,239,52,47,6,11,436,370,103,136,2,0,1,1,0,0
FR_BFC_21,2020-05-25,84,14,823,239,45,39,5,9,447,376,103,136,17,0,11,6,0,0
FR_BFC_21,2020-05-26,66,13,846,241,31,35,5,8,463,383,104,137,23,2,16,7,1,1
FR_BFC_21,2020-05-27,53,11,856,241,23,30,4,7,470,386,104,137,10,0,7,3,0,0
FR_BFC_21,2020-05-28,48,9,859,241,22,26,4,5,471,388,104,137,3,0,1,2,0,0
FR_BFC_21,2020-05-29,44,8,865,242,20,24,4,4,474,391,105,137,6,1,3,3,1,0
FR_BFC_21,2020-05-30,44,7,868,243,18,26,4,3,476,392,105,138,3,1,2,1,0,1
FR_BFC_21,2020-05-31,44,7,868,243,18,26,4,3,476,392,105,138,0,0,0,0,0,0
FR_BFC_21,2020-06-01,45,7,870,243,18,27,4,3,476,394,105,138,2,0,0,2,0,0
FR_BFC_21,2020-06-02,44,5,871,243,15,29,2,3,476,395,105,138,1,0,0,1,0,0
FR_BFC_21,2020-06-03,41,5,874,244,14,27,2,3,477,397,105,139,3,1,1,2,0,1
FR_BFC_21,2020-06-04,42,5,880,246,13,29,2,3,481,399,105,141,6,2,4,2,0,2
FR_BFC_21,2020-06-05,37,3,883,246,10,27,1,2,483,400,105,141,3,0,2,1,0,0
FR_BFC_21,2020-06-06,35,2,884,247,9,26,0,2,483,401,106,141,1,1,0,1,1,0
FR_BFC_21,2020-06-07,35,2,884,247,9,26,0,2,483,401,106,141,0,0,0,0,0,0
FR_BFC_21,2020-06-08,34,1,887,247,11,23,0,1,483,404,106,141,3,0,0,3,0,0
FR_BFC_21,2020-06-09,29,1,901,248,10,19,0,1,492,409,107,141,14,1,9,5,1,0
FR_BFC_21,2020-06-10,30,1,901,248,11,19,0,1,492,409,107,141,0,0,0,0,0,0
FR_BFC_21,2020-06-11,31,2,901,248,12,19,1,1,492,409,107,141,0,0,0,0,0,0
FR_BFC_21,2020-06-12,31,2,904,248,12,19,1,1,495,409,107,141,3,0,3,0,0,0
FR_BFC_21,2020-06-13,28,2,907,248,11,17,1,1,496,411,107,141,3,0,1,2,0,0
FR_BFC_21,2020-06-14,28,2,907,248,11,17,1,1,496,411,107,141,0,0,0,0,0,0
FR_BFC_21,2020-06-15,28,2,909,248,10,18,1,1,497,412,107,141,2,0,1,1,0,0
FR_BFC_21,2020-06-16,29,2,909,248,10,19,1,1,497,412,107,141,0,0,0,0,0,0
FR_BFC_21,2020-06-17,27,2,911,248,9,18,1,1,498,413,107,141,2,0,1,1,0,0
FR_BFC_21,2020-06-18,24,2,913,248,9,15,0,2,498,415,107,141,2,0,0,2,0,0
FR_BFC_21,2020-06-19,24,2,913,248,9,15,0,2,498,415,107,141,0,0,0,0,0,0
FR_BFC_21,2020-06-20,24,2,913,248,9,15,0,2,498,415,107,141,0,0,0,0,0,0
FR_BFC_21,2020-06-21,24,2,913,248,9,15,0,2,498,415,107,141,0,0,0,0,0,0
FR_BFC_25,2020-03-18,26,3,8,1,11,15,1,2,6,2,0,1,,,,,,
FR_BFC_25,2020-03-19,33,11,10,2,11,22,1,10,8,2,1,1,2,1,2,0,1,0
FR_BFC_25,2020-03-20,43,15,13,4,14,29,1,14,9,4,1,3,3,2,1,2,0,2
FR_BFC_25,2020-03-21,48,21,19,6,14,34,2,19,11,8,2,4,6,2,2,4,1,1
FR_BFC_25,2020-03-22,63,21,20,8,26,37,3,18,11,9,2,6,1,2,0,1,0,2
FR_BFC_25,2020-03-23,65,22,25,10,26,39,4,18,14,11,3,7,5,2,3,2,1,1
FR_BFC_25,2020-03-24,80,26,30,11,32,48,4,22,16,14,4,7,5,1,2,3,1,0
FR_BFC_25,2020-03-25,84,27,44,12,36,48,5,22,21,23,4,8,14,1,5,9,0,1
FR_BFC_25,2020-03-26,84,29,52,18,31,53,6,23,28,24,8,10,8,6,7,1,4,2
FR_BFC_25,2020-03-27,100,37,60,21,34,66,7,30,30,30,10,11,8,3,2,6,2,1
FR_BFC_25,2020-03-28,91,38,72,22,29,62,7,31,36,36,11,11,12,1,6,6,1,0
FR_BFC_25,2020-03-29,148,56,84,25,47,101,9,47,41,43,12,13,12,3,5,7,1,2
FR_BFC_25,2020-03-30,152,53,89,26,50,102,9,44,44,45,12,14,5,1,3,2,0,1
FR_BFC_25,2020-03-31,147,51,107,34,44,103,7,44,55,52,12,22,18,8,11,7,0,8
FR_BFC_25,2020-04-01,160,53,117,34,57,103,8,45,58,59,12,22,10,0,3,7,0,0
FR_BFC_25,2020-04-02,184,61,130,35,66,118,10,51,66,64,12,23,13,1,8,5,0,1
FR_BFC_25,2020-04-03,171,71,151,43,60,111,11,60,76,75,13,30,21,8,10,11,1,7
FR_BFC_25,2020-04-04,173,75,168,46,64,109,16,59,84,84,14,32,17,3,8,9,1,2
FR_BFC_25,2020-04-05,181,72,176,48,66,115,13,59,90,86,15,33,8,2,6,2,1,1
FR_BFC_25,2020-04-06,179,72,183,50,67,112,13,59,93,90,17,33,7,2,3,4,2,0
FR_BFC_25,2020-04-07,192,78,187,57,74,118,15,63,93,94,22,35,4,7,0,4,5,2
FR_BFC_25,2020-04-08,196,79,203,58,76,120,17,62,98,105,22,36,16,1,5,11,0,1
FR_BFC_25,2020-04-09,194,75,218,59,76,118,16,59,105,113,22,37,15,1,7,8,0,1
FR_BFC_25,2020-04-10,185,73,233,64,72,113,16,57,113,120,23,41,15,5,8,7,1,4
FR_BFC_25,2020-04-11,181,74,247,67,75,106,16,58,117,130,23,44,14,3,4,10,0,3
FR_BFC_25,2020-04-12,208,72,262,71,84,124,14,58,128,134,26,45,15,4,11,4,3,1
FR_BFC_25,2020-04-13,207,72,267,71,84,123,14,58,129,138,26,45,5,0,1,4,0,0
FR_BFC_25,2020-04-14,229,72,275,79,99,130,14,58,134,141,30,49,8,8,5,3,4,4
FR_BFC_25,2020-04-15,226,67,285,80,101,125,14,53,137,148,31,49,10,1,3,7,1,0
FR_BFC_25,2020-04-16,217,68,297,84,98,119,16,52,141,156,32,52,12,4,4,8,1,3
FR_BFC_25,2020-04-17,209,64,310,87,92,117,15,49,148,162,33,54,13,3,7,6,1,2
FR_BFC_25,2020-04-18,188,57,331,92,81,107,13,44,158,173,36,56,21,5,10,11,3,2
FR_BFC_25,2020-04-19,186,51,337,93,79,107,12,39,162,175,37,56,6,1,4,2,1,0
FR_BFC_25,2020-04-20,189,51,338,94,80,109,12,39,162,176,37,57,1,1,0,1,0,1
FR_BFC_25,2020-04-21,193,50,345,98,86,107,13,37,164,181,38,60,7,4,2,5,1,3
FR_BFC_25,2020-04-22,195,53,355,98,88,107,14,39,169,186,38,60,10,0,5,5,0,0
FR_BFC_25,2020-04-23,176,49,373,104,79,97,12,37,177,196,41,63,18,6,8,10,3,3
FR_BFC_25,2020-04-24,176,48,384,104,82,94,12,36,180,204,41,63,11,0,3,8,0,0
FR_BFC_25,2020-04-25,170,45,389,110,79,91,11,34,184,205,44,66,5,6,4,1,3,3
FR_BFC_25,2020-04-26,178,48,391,111,83,95,12,36,184,207,45,66,2,1,0,2,1,0
FR_BFC_25,2020-04-27,177,48,393,113,83,94,12,36,184,209,46,67,2,2,0,2,1,1
FR_BFC_25,2020-04-28,175,39,398,114,82,93,7,32,185,213,46,68,5,1,1,4,0,1
FR_BFC_25,2020-04-29,166,40,417,115,77,89,7,33,194,223,46,69,19,1,9,10,0,1
FR_BFC_25,2020-04-30,159,37,424,117,72,87,7,30,199,225,46,71,7,2,5,2,0,2
FR_BFC_25,2020-05-01,154,37,428,117,67,87,6,31,203,225,46,71,4,0,4,0,0,0
FR_BFC_25,2020-05-02,156,37,433,117,71,85,8,29,204,229,46,71,5,0,1,4,0,0
FR_BFC_25,2020-05-03,155,37,434,117,70,85,8,29,205,229,46,71,1,0,1,0,0,0
FR_BFC_25,2020-05-04,155,37,435,120,69,86,7,30,206,229,49,71,1,3,1,0,3,0
FR_BFC_25,2020-05-05,144,31,467,127,64,80,6,25,228,239,54,73,32,7,22,10,5,2
FR_BFC_25,2020-05-06,139,30,474,131,64,75,6,24,230,244,56,75,7,4,2,5,2,2
FR_BFC_25,2020-05-07,133,28,481,133,63,70,6,22,232,249,58,75,7,2,2,5,2,0
FR_BFC_25,2020-05-08,123,28,496,133,57,66,6,22,241,255,58,75,15,0,9,6,0,0
FR_BFC_25,2020-05-09,121,27,501,133,56,65,6,21,245,256,58,75,5,0,4,1,0,0
FR_BFC_25,2020-05-10,123,27,500,133,56,67,6,21,245,255,58,75,-1,0,0,-1,0,0
FR_BFC_25,2020-05-11,127,27,504,136,58,69,6,21,248,256,59,77,4,3,3,1,1,2
FR_BFC_25,2020-05-12,129,29,506,135,57,72,6,23,249,257,58,77,2,-1,1,1,-1,0
FR_BFC_25,2020-05-13,127,28,509,135,56,71,7,21,250,259,58,77,3,0,1,2,0,0
FR_BFC_25,2020-05-14,117,27,519,136,49,68,7,20,256,263,59,77,10,1,6,4,1,0
FR_BFC_25,2020-05-15,114,25,521,136,49,65,7,18,256,265,59,77,2,0,0,2,0,0
FR_BFC_25,2020-05-16,107,24,528,137,47,60,7,17,259,269,59,78,7,1,3,4,0,1
FR_BFC_25,2020-05-17,107,24,528,137,47,60,7,17,259,269,59,78,0,0,0,0,0,0
FR_BFC_25,2020-05-18,94,20,539,141,39,55,6,14,267,272,60,81,11,4,8,3,1,3
FR_BFC_25,2020-05-19,89,17,544,143,38,51,5,12,269,275,60,83,5,2,2,3,0,2
FR_BFC_25,2020-05-20,86,16,549,143,36,50,5,11,272,277,60,83,5,0,3,2,0,0
FR_BFC_25,2020-05-21,83,14,552,143,35,48,4,10,273,279,60,83,3,0,1,2,0,0
FR_BFC_25,2020-05-22,80,12,553,145,33,47,3,9,274,279,61,84,1,2,1,0,1,1
FR_BFC_25,2020-05-23,76,14,558,145,31,45,4,10,276,282,61,84,5,0,2,3,0,0
FR_BFC_25,2020-05-24,76,14,558,145,31,45,4,10,276,282,61,84,0,0,0,0,0,0
FR_BFC_25,2020-05-25,75,13,560,145,32,43,3,10,276,284,61,84,2,0,0,2,0,0
FR_BFC_25,2020-05-26,61,12,572,145,24,37,3,9,283,289,61,84,12,0,7,5,0,0
FR_BFC_25,2020-05-27,43,12,598,146,12,31,3,9,301,297,62,84,26,1,18,8,1,0
FR_BFC_25,2020-05-28,39,13,603,147,11,28,3,10,302,301,62,85,5,1,1,4,0,1
FR_BFC_25,2020-05-29,37,10,603,147,10,27,2,8,302,301,62,85,0,0,0,0,0,0
FR_BFC_25,2020-05-30,33,5,607,147,10,23,2,3,302,305,62,85,4,0,0,4,0,0
FR_BFC_25,2020-05-31,33,5,607,147,10,23,2,3,302,305,62,85,0,0,0,0,0,0
FR_BFC_25,2020-06-01,33,5,607,147,10,23,2,3,302,305,62,85,0,0,0,0,0,0
FR_BFC_25,2020-06-02,32,5,611,147,10,22,2,3,302,309,62,85,4,0,0,4,0,0
FR_BFC_25,2020-06-03,29,5,613,147,10,19,2,3,302,311,62,85,2,0,0,2,0,0
FR_BFC_25,2020-06-04,28,5,613,147,9,19,2,3,302,311,62,85,0,0,0,0,0,0
FR_BFC_25,2020-06-05,29,6,613,147,9,20,2,4,302,311,62,85,0,0,0,0,0,0
FR_BFC_25,2020-06-06,29,6,613,147,9,20,2,4,302,311,62,85,0,0,0,0,0,0
FR_BFC_25,2020-06-07,28,5,613,147,9,19,2,3,302,311,62,85,0,0,0,0,0,0
FR_BFC_25,2020-06-08,28,4,614,147,10,18,2,2,302,312,62,85,1,0,0,1,0,0
FR_BFC_25,2020-06-09,27,4,614,148,9,18,2,2,302,312,63,85,0,1,0,0,1,0
FR_BFC_25,2020-06-10,26,4,615,148,9,17,2,2,302,313,63,85,1,0,0,1,0,0
FR_BFC_25,2020-06-11,25,4,616,148,9,16,2,2,302,314,63,85,1,0,0,1,0,0
FR_BFC_25,2020-06-12,25,4,617,148,10,15,2,2,302,315,63,85,1,0,0,1,0,0
FR_BFC_25,2020-06-13,24,4,618,148,9,15,2,2,303,315,63,85,1,0,1,0,0,0
FR_BFC_25,2020-06-14,24,4,618,148,9,15,2,2,303,315,63,85,0,0,0,0,0,0
FR_BFC_25,2020-06-15,24,4,618,148,9,15,2,2,303,315,63,85,0,0,0,0,0,0
FR_BFC_25,2020-06-16,23,4,618,148,8,15,2,2,303,315,63,85,0,0,0,0,0,0
FR_BFC_25,2020-06-17,22,3,619,148,8,14,2,1,303,316,63,85,1,0,0,1,0,0
FR_BFC_25,2020-06-18,22,3,619,148,8,14,2,1,303,316,63,85,0,0,0,0,0,0
FR_BFC_25,2020-06-19,22,3,619,148,8,14,2,1,303,316,63,85,0,0,0,0,0,0
FR_BFC_25,2020-06-20,22,3,619,148,8,14,2,1,303,316,63,85,0,0,0,0,0,0
FR_BFC_25,2020-06-21,22,3,619,148,8,14,2,1,303,316,63,85,0,0,0,0,0,0
FR_BFC_39,2020-03-18,2,1,1,0,1,1,1,0,0,1,0,0,,,,,,
FR_BFC_39,2020-03-19,2,1,1,0,1,1,1,0,0,1,0,0,0,0,0,0,0,0
FR_BFC_39,2020-03-20,6,1,2,0,2,4,1,0,0,2,0,0,1,0,0,1,0,0
FR_BFC_39,2020-03-21,7,1,2,0,3,4,1,0,0,2,0,0,0,0,0,0,0,0
FR_BFC_39,2020-03-22,8,1,2,0,4,4,1,0,0,2,0,0,0,0,0,0,0,0
FR_BFC_39,2020-03-23,10,1,2,0,6,4,1,0,0,2,0,0,0,0,0,0,0,0
FR_BFC_39,2020-03-24,24,2,4,0,10,14,1,1,1,3,0,0,2,0,1,1,0,0
FR_BFC_39,2020-03-25,28,4,4,0,11,17,1,3,1,3,0,0,0,0,0,0,0,0
FR_BFC_39,2020-03-26,45,9,4,0,18,27,3,6,1,3,0,0,0,0,0,0,0,0
FR_BFC_39,2020-03-27,48,12,5,0,19,29,4,8,2,3,0,0,1,0,1,0,0,0
FR_BFC_39,2020-03-28,37,9,15,1,15,22,2,7,6,9,0,1,10,1,4,6,0,1
FR_BFC_39,2020-03-29,37,9,15,1,15,22,2,7,6,9,0,1,0,0,0,0,0,0
FR_BFC_39,2020-03-30,48,9,15,2,22,26,2,7,6,9,1,1,0,1,0,0,1,0
FR_BFC_39,2020-03-31,52,9,21,3,27,25,3,6,7,14,1,2,6,1,1,5,0,1
FR_BFC_39,2020-04-01,55,9,25,4,30,25,3,6,10,15,1,3,4,1,3,1,0,1
FR_BFC_39,2020-04-02,55,10,29,4,31,24,4,6,12,17,1,3,4,0,2,2,0,0
FR_BFC_39,2020-04-03,60,11,36,10,35,25,6,5,15,21,4,6,7,6,3,4,3,3
FR_BFC_39,2020-04-04,70,11,39,13,40,30,6,5,18,21,6,7,3,3,3,0,2,1
FR_BFC_39,2020-04-05,78,11,42,14,46,32,6,5,20,22,6,8,3,1,2,1,0,1
FR_BFC_39,2020-04-06,77,10,42,16,45,32,5,5,20,22,7,9,0,2,0,0,1,1
FR_BFC_39,2020-04-07,90,11,47,18,54,36,6,5,22,25,8,10,5,2,2,3,1,1
FR_BFC_39,2020-04-08,100,12,50,19,60,40,6,6,23,27,9,10,3,1,1,2,1,0
FR_BFC_39,2020-04-09,105,13,58,23,62,43,7,6,29,29,11,12,8,4,6,2,2,2
FR_BFC_39,2020-04-10,111,16,60,24,67,44,7,9,29,31,12,12,2,1,0,2,1,0
FR_BFC_39,2020-04-11,112,14,65,26,66,46,6,8,32,33,14,12,5,2,3,2,2,0
FR_BFC_39,2020-04-12,117,15,65,27,70,47,6,9,32,33,14,13,0,1,0,0,0,1
FR_BFC_39,2020-04-13,124,17,65,28,73,51,7,10,32,33,14,14,0,1,0,0,0,1
FR_BFC_39,2020-04-14,131,18,65,30,77,54,7,11,32,33,15,15,0,2,0,0,1,1
FR_BFC_39,2020-04-15,131,17,74,32,79,52,6,11,38,36,16,16,9,2,6,3,1,1
FR_BFC_39,2020-04-16,130,16,82,34,79,51,5,11,42,40,17,17,8,2,4,4,1,1
FR_BFC_39,2020-04-17,143,16,83,34,87,56,5,11,42,41,17,17,1,0,0,1,0,0
FR_BFC_39,2020-04-18,137,13,94,37,84,53,3,10,48,46,19,18,11,3,6,5,2,1
FR_BFC_39,2020-04-19,134,13,97,37,82,52,3,10,50,47,19,18,3,0,2,1,0,0
FR_BFC_39,2020-04-20,134,11,98,37,82,52,3,8,51,47,19,18,1,0,1,0,0,0
FR_BFC_39,2020-04-21,120,8,112,39,73,47,2,6,61,51,20,19,14,2,10,4,1,1
FR_BFC_39,2020-04-22,113,10,124,40,64,49,2,8,70,54,20,20,12,1,9,3,0,1
FR_BFC_39,2020-04-23,106,10,135,43,61,45,1,9,76,59,21,22,11,3,6,5,1,2
FR_BFC_39,2020-04-24,106,9,137,43,61,45,1,8,77,60,21,22,2,0,1,1,0,0
FR_BFC_39,2020-04-25,102,8,145,43,62,40,2,6,79,66,21,22,8,0,2,6,0,0
FR_BFC_39,2020-04-26,102,8,145,43,62,40,2,6,79,66,21,22,0,0,0,0,0,0
FR_BFC_39,2020-04-27,101,9,147,44,62,39,2,7,80,67,21,23,2,1,1,1,0,1
FR_BFC_39,2020-04-28,96,10,155,44,60,36,3,7,83,72,21,23,8,0,3,5,0,0
FR_BFC_39,2020-04-29,93,9,161,44,59,34,2,7,87,74,21,23,6,0,4,2,0,0
FR_BFC_39,2020-04-30,99,8,164,46,64,35,2,6,90,74,22,24,3,2,3,0,1,1
FR_BFC_39,2020-05-01,98,8,166,46,62,36,2,6,92,74,22,24,2,0,2,0,0,0
FR_BFC_39,2020-05-02,98,8,166,46,62,36,2,6,92,74,22,24,0,0,0,0,0,0
FR_BFC_39,2020-05-03,98,8,166,46,62,36,2,6,92,74,22,24,0,0,0,0,0,0
FR_BFC_39,2020-05-04,97,5,170,48,63,34,2,3,95,75,23,25,4,2,3,1,1,1
FR_BFC_39,2020-05-05,83,6,181,48,52,31,2,4,104,77,23,25,11,0,9,2,0,0
FR_BFC_39,2020-05-06,84,6,182,48,52,32,1,5,105,77,23,25,1,0,1,0,0,0
FR_BFC_39,2020-05-07,83,5,185,49,48,35,1,4,108,77,24,25,3,1,3,0,1,0
FR_BFC_39,2020-05-08,86,5,188,49,48,38,1,4,110,78,24,25,3,0,2,1,0,0
FR_BFC_39,2020-05-09,74,3,198,52,40,34,1,2,118,80,25,27,10,3,8,2,1,2
FR_BFC_39,2020-05-10,74,3,198,52,40,34,1,2,118,80,25,27,0,0,0,0,0,0
FR_BFC_39,2020-05-11,75,5,198,55,42,33,2,3,117,81,26,29,0,3,-1,1,1,2
FR_BFC_39,2020-05-12,71,3,201,56,41,30,2,1,118,83,26,30,3,1,1,2,0,1
FR_BFC_39,2020-05-13,72,3,202,56,41,31,2,1,119,83,26,30,1,0,1,0,0,0
FR_BFC_39,2020-05-14,70,3,204,56,40,30,2,1,120,84,26,30,2,0,1,1,0,0
FR_BFC_39,2020-05-15,67,3,208,57,37,30,2,1,124,84,26,31,4,1,4,0,0,1
FR_BFC_39,2020-05-16,64,3,213,58,36,28,2,1,127,86,27,31,5,1,3,2,1,0
FR_BFC_39,2020-05-17,64,3,213,58,36,28,2,1,127,86,27,31,0,0,0,0,0,0
FR_BFC_39,2020-05-18,63,2,214,58,36,27,1,1,127,87,27,31,1,0,0,1,0,0
FR_BFC_39,2020-05-19,58,1,218,58,32,26,1,0,130,88,27,31,4,0,3,1,0,0
FR_BFC_39,2020-05-20,56,0,224,58,31,25,0,0,132,92,27,31,6,0,2,4,0,0
FR_BFC_39,2020-05-21,56,0,225,58,32,24,0,0,132,93,27,31,1,0,0,1,0,0
FR_BFC_39,2020-05-22,55,0,228,59,34,21,0,0,132,96,28,31,3,1,0,3,1,0
FR_BFC_39,2020-05-23,55,0,229,59,34,21,0,0,132,97,28,31,1,0,0,1,0,0
FR_BFC_39,2020-05-24,55,0,229,59,34,21,0,0,132,97,28,31,0,0,0,0,0,0
FR_BFC_39,2020-05-25,55,0,229,59,34,21,0,0,132,97,28,31,0,0,0,0,0,0
FR_BFC_39,2020-05-26,24,0,262,60,13,11,0,0,154,108,29,31,33,1,22,11,1,0
FR_BFC_39,2020-05-27,21,0,265,60,12,9,0,0,155,110,29,31,3,0,1,2,0,0
FR_BFC_39,2020-05-28,20,0,266,61,11,9,0,0,156,110,30,31,1,1,1,0,1,0
FR_BFC_39,2020-05-29,29,0,282,61,12,17,0,0,166,116,30,31,16,0,10,6,0,0
FR_BFC_39,2020-05-30,27,0,284,61,12,15,0,0,166,118,30,31,2,0,0,2,0,0
FR_BFC_39,2020-05-31,27,0,284,61,12,15,0,0,166,118,30,31,0,0,0,0,0,0
FR_BFC_39,2020-06-01,27,0,284,61,12,15,0,0,166,118,30,31,0,0,0,0,0,0
FR_BFC_39,2020-06-02,24,0,287,61,11,13,0,0,167,120,30,31,3,0,1,2,0,0
FR_BFC_39,2020-06-03,24,0,288,61,10,14,0,0,168,120,30,31,1,0,1,0,0,0
FR_BFC_39,2020-06-04,23,0,289,61,9,14,0,0,169,120,30,31,1,0,1,0,0,0
FR_BFC_39,2020-06-05,20,0,291,61,8,12,0,0,170,121,30,31,2,0,1,1,0,0
FR_BFC_39,2020-06-06,20,0,291,60,8,12,0,0,170,121,30,30,0,-1,0,0,0,-1
FR_BFC_39,2020-06-07,21,0,291,60,8,13,0,0,170,121,30,30,0,0,0,0,0,0
FR_BFC_39,2020-06-08,20,0,292,60,8,12,0,0,170,122,30,30,1,0,0,1,0,0
FR_BFC_39,2020-06-09,20,0,292,60,8,12,0,0,170,122,30,30,0,0,0,0,0,0
FR_BFC_39,2020-06-10,19,0,292,60,7,12,0,0,170,122,30,30,0,0,0,0,0,0
FR_BFC_39,2020-06-11,20,1,292,60,7,13,0,1,170,122,30,30,0,0,0,0,0,0
FR_BFC_39,2020-06-12,20,1,292,60,7,13,0,1,170,122,30,30,0,0,0,0,0,0
FR_BFC_39,2020-06-13,19,1,293,60,7,12,0,1,170,123,30,30,1,0,0,1,0,0
FR_BFC_39,2020-06-14,19,1,293,60,7,12,0,1,170,123,30,30,0,0,0,0,0,0
FR_BFC_39,2020-06-15,19,0,293,60,8,11,0,0,170,123,30,30,0,0,0,0,0,0
FR_BFC_39,2020-06-16,18,0,295,60,7,11,0,0,172,123,30,30,2,0,2,0,0,0
FR_BFC_39,2020-06-17,12,0,301,60,6,6,0,0,173,128,30,30,6,0,1,5,0,0
FR_BFC_39,2020-06-18,13,0,300,60,6,7,0,0,173,127,30,30,-1,0,0,-1,0,0
FR_BFC_39,2020-06-19,12,0,302,60,5,7,0,0,174,128,30,30,2,0,1,1,0,0
FR_BFC_39,2020-06-20,12,0,302,60,5,7,0,0,174,128,30,30,0,0,0,0,0,0
FR_BFC_39,2020-06-21,12,0,302,60,5,7,0,0,174,128,30,30,0,0,0,0,0,0
FR_BFC_58,2020-03-18,0,0,0,0,0,0,0,0,0,0,0,0,,,,,,
FR_BFC_58,2020-03-19,0,0,0,0,0,0,0,0,0,0,0,0,0,0,0,0,0,0
FR_BFC_58,2020-03-20,1,1,0,0,0,1,0,1,0,0,0,0,0,0,0,0,0,0
FR_BFC_58,2020-03-21,1,1,0,0,0,1,0,1,0,0,0,0,0,0,0,0,0,0
FR_BFC_58,2020-03-22,1,1,0,0,0,1,0,1,0,0,0,0,0,0,0,0,0,0
FR_BFC_58,2020-03-23,3,2,0,0,1,2,0,2,0,0,0,0,0,0,0,0,0,0
FR_BFC_58,2020-03-24,3,2,0,0,1,2,0,2,0,0,0,0,0,0,0,0,0,0
FR_BFC_58,2020-03-25,3,2,0,0,1,2,0,2,0,0,0,0,0,0,0,0,0,0
FR_BFC_58,2020-03-26,4,2,0,0,2,2,0,2,0,0,0,0,0,0,0,0,0,0
FR_BFC_58,2020-03-27,6,3,0,0,3,3,0,3,0,0,0,0,0,0,0,0,0,0
FR_BFC_58,2020-03-28,7,4,1,0,3,4,0,4,1,0,0,0,1,0,1,0,0,0
FR_BFC_58,2020-03-29,9,6,1,0,3,6,0,6,1,0,0,0,0,0,0,0,0,0
FR_BFC_58,2020-03-30,12,7,1,0,3,9,0,7,1,0,0,0,0,0,0,0,0,0
FR_BFC_58,2020-03-31,12,8,1,2,4,8,1,7,1,0,1,1,0,2,0,0,1,1
FR_BFC_58,2020-04-01,12,9,1,3,4,8,1,8,1,0,1,2,0,1,0,0,0,1
FR_BFC_58,2020-04-02,15,7,2,4,9,6,1,6,1,1,1,3,1,1,0,1,0,1
FR_BFC_58,2020-04-03,21,7,2,5,14,7,1,6,1,1,2,3,0,1,0,0,1,0
FR_BFC_58,2020-04-04,27,8,5,5,16,11,1,7,5,0,2,3,3,0,4,-1,0,0
FR_BFC_58,2020-04-05,34,11,6,5,17,17,1,10,6,0,2,3,1,0,1,0,0,0
FR_BFC_58,2020-04-06,36,10,6,6,19,17,1,9,6,0,3,3,0,1,0,0,1,0
FR_BFC_58,2020-04-07,34,9,8,7,18,16,1,8,8,0,3,4,2,1,2,0,0,1
FR_BFC_58,2020-04-08,36,9,11,7,21,15,2,7,9,2,3,4,3,0,1,2,0,0
FR_BFC_58,2020-04-09,37,8,11,7,21,16,2,6,9,2,3,4,0,0,0,0,0,0
FR_BFC_58,2020-04-10,48,10,13,7,26,22,3,7,11,2,3,4,2,0,2,0,0,0
FR_BFC_58,2020-04-11,53,10,15,7,30,23,3,7,12,3,3,4,2,0,1,1,0,0
FR_BFC_58,2020-04-12,56,10,16,7,32,24,2,8,12,4,3,4,1,0,0,1,0,0
FR_BFC_58,2020-04-13,60,11,16,8,36,24,3,8,12,4,3,5,0,1,0,0,0,1
FR_BFC_58,2020-04-14,58,10,17,12,36,22,2,8,13,4,5,7,1,4,1,0,2,2
FR_BFC_58,2020-04-15,55,11,21,12,34,21,3,8,16,5,5,7,4,0,3,1,0,0
FR_BFC_58,2020-04-16,63,11,22,12,41,22,3,8,17,5,5,7,1,0,1,0,0,0
FR_BFC_58,2020-04-17,61,10,26,12,39,22,3,7,19,7,5,7,4,0,2,2,0,0
FR_BFC_58,2020-04-18,60,11,28,14,39,21,3,8,19,9,6,8,2,2,0,2,1,1
FR_BFC_58,2020-04-19,59,11,28,15,38,21,4,7,19,9,6,9,0,1,0,0,0,1
FR_BFC_58,2020-04-20,58,10,28,18,38,20,4,6,19,9,8,10,0,3,0,0,2,1
FR_BFC_58,2020-04-21,58,9,29,19,39,19,4,5,19,10,9,10,1,1,0,1,1,0
FR_BFC_58,2020-04-22,55,7,31,21,36,19,2,5,21,10,11,10,2,2,2,0,2,0
FR_BFC_58,2020-04-23,51,7,38,21,33,18,2,5,26,12,11,10,7,0,5,2,0,0
FR_BFC_58,2020-04-24,52,8,41,21,30,22,2,6,29,12,11,10,3,0,3,0,0,0
FR_BFC_58,2020-04-25,52,8,43,22,31,21,2,6,30,13,11,11,2,1,1,1,0,1
FR_BFC_58,2020-04-26,51,7,43,22,31,20,2,5,30,13,11,11,0,0,0,0,0,0
FR_BFC_58,2020-04-27,50,6,44,22,31,19,2,4,30,14,11,11,1,0,0,1,0,0
FR_BFC_58,2020-04-28,50,6,44,22,31,19,2,4,30,14,11,11,0,0,0,0,0,0
FR_BFC_58,2020-04-29,51,6,47,22,32,19,2,4,32,15,11,11,3,0,2,1,0,0
FR_BFC_58,2020-04-30,52,4,47,22,31,21,1,3,32,15,11,11,0,0,0,0,0,0
FR_BFC_58,2020-05-01,50,4,48,22,30,20,1,3,32,16,11,11,1,0,0,1,0,0
FR_BFC_58,2020-05-02,49,4,48,23,30,19,1,3,32,16,11,12,0,1,0,0,0,1
FR_BFC_58,2020-05-03,49,4,48,23,30,19,1,3,32,16,11,12,0,0,0,0,0,0
FR_BFC_58,2020-05-04,49,4,48,23,30,19,1,3,32,16,11,12,0,0,0,0,0,0
FR_BFC_58,2020-05-05,48,4,49,23,29,19,1,3,33,16,11,12,1,0,1,0,0,0
FR_BFC_58,2020-05-06,46,3,50,24,28,18,1,2,34,16,11,13,1,1,1,0,0,1
FR_BFC_58,2020-05-07,42,3,54,24,26,16,1,2,36,18,11,13,4,0,2,2,0,0
FR_BFC_58,2020-05-08,42,3,54,24,27,15,1,2,35,19,11,13,0,0,-1,1,0,0
FR_BFC_58,2020-05-09,42,3,54,24,27,15,1,2,35,19,11,13,0,0,0,0,0,0
FR_BFC_58,2020-05-10,41,1,54,25,26,15,0,1,35,19,12,13,0,1,0,0,1,0
FR_BFC_58,2020-05-11,42,3,55,25,27,15,1,2,35,20,12,13,1,0,0,1,0,0
FR_BFC_58,2020-05-12,44,4,55,25,29,15,2,2,35,20,12,13,0,0,0,0,0,0
FR_BFC_58,2020-05-13,39,2,57,25,26,13,0,2,36,21,12,13,2,0,1,1,0,0
FR_BFC_58,2020-05-14,38,2,58,25,25,13,0,2,37,21,12,13,1,0,1,0,0,0
FR_BFC_58,2020-05-15,39,3,58,25,26,13,1,2,37,21,12,13,0,0,0,0,0,0
FR_BFC_58,2020-05-16,38,3,59,25,25,13,1,2,38,21,12,13,1,0,1,0,0,0
FR_BFC_58,2020-05-17,38,3,59,25,25,13,1,2,38,21,12,13,0,0,0,0,0,0
FR_BFC_58,2020-05-18,38,3,59,25,25,13,1,2,38,21,12,13,0,0,0,0,0,0
FR_BFC_58,2020-05-19,38,3,59,25,25,13,1,2,38,21,12,13,0,0,0,0,0,0
FR_BFC_58,2020-05-20,29,2,69,25,18,11,0,2,45,24,12,13,10,0,7,3,0,0
FR_BFC_58,2020-05-21,24,2,73,25,14,10,0,2,48,25,12,13,4,0,3,1,0,0
FR_BFC_58,2020-05-22,24,2,73,25,14,10,0,2,48,25,12,13,0,0,0,0,0,0
FR_BFC_58,2020-05-23,24,2,73,25,14,10,0,2,48,25,12,13,0,0,0,0,0,0
FR_BFC_58,2020-05-24,23,2,73,26,14,9,0,2,48,25,12,14,0,1,0,0,0,1
FR_BFC_58,2020-05-25,23,2,73,26,14,9,0,2,48,25,12,14,0,0,0,0,0,0
FR_BFC_58,2020-05-26,20,2,74,26,12,8,0,2,49,25,12,14,1,0,1,0,0,0
FR_BFC_58,2020-05-27,17,1,75,27,11,6,0,1,50,25,12,15,1,1,1,0,0,1
FR_BFC_58,2020-05-28,16,1,77,27,10,6,0,1,51,26,12,15,2,0,1,1,0,0
FR_BFC_58,2020-05-29,8,1,85,27,5,3,0,1,56,29,12,15,8,0,5,3,0,0
FR_BFC_58,2020-05-30,11,1,86,27,7,4,0,1,57,29,12,15,1,0,1,0,0,0
FR_BFC_58,2020-05-31,11,1,86,27,7,4,0,1,57,29,12,15,0,0,0,0,0,0
FR_BFC_58,2020-06-01,11,1,86,27,7,4,0,1,57,29,12,15,0,0,0,0,0,0
FR_BFC_58,2020-06-02,11,1,86,27,7,4,0,1,57,29,12,15,0,0,0,0,0,0
FR_BFC_58,2020-06-03,12,1,86,27,7,5,0,1,57,29,12,15,0,0,0,0,0,0
FR_BFC_58,2020-06-04,12,1,86,27,7,5,0,1,57,29,12,15,0,0,0,0,0,0
FR_BFC_58,2020-06-05,12,1,86,27,7,5,0,1,57,29,12,15,0,0,0,0,0,0
FR_BFC_58,2020-06-06,12,1,86,27,7,5,0,1,57,29,12,15,0,0,0,0,0,0
FR_BFC_58,2020-06-07,12,1,86,27,7,5,0,1,57,29,12,15,0,0,0,0,0,0
FR_BFC_58,2020-06-08,11,1,86,27,7,4,0,1,57,29,12,15,0,0,0,0,0,0
FR_BFC_58,2020-06-09,10,1,87,27,7,3,0,1,57,30,12,15,1,0,0,1,0,0
FR_BFC_58,2020-06-10,10,1,87,27,7,3,0,1,57,30,12,15,0,0,0,0,0,0
FR_BFC_58,2020-06-11,10,1,87,27,7,3,0,1,57,30,12,15,0,0,0,0,0,0
FR_BFC_58,2020-06-12,10,1,87,27,7,3,0,1,57,30,12,15,0,0,0,0,0,0
FR_BFC_58,2020-06-13,10,1,87,27,7,3,0,1,57,30,12,15,0,0,0,0,0,0
FR_BFC_58,2020-06-14,10,1,87,27,7,3,0,1,57,30,12,15,0,0,0,0,0,0
FR_BFC_58,2020-06-15,10,1,87,27,7,3,0,1,57,30,12,15,0,0,0,0,0,0
FR_BFC_58,2020-06-16,10,1,87,27,7,3,0,1,57,30,12,15,0,0,0,0,0,0
FR_BFC_58,2020-06-17,10,1,87,27,7,3,0,1,57,30,12,15,0,0,0,0,0,0
FR_BFC_58,2020-06-18,10,1,87,27,7,3,0,1,57,30,12,15,0,0,0,0,0,0
FR_BFC_58,2020-06-19,10,1,87,27,7,3,0,1,57,30,12,15,0,0,0,0,0,0
FR_BFC_58,2020-06-20,11,1,86,27,8,3,0,1,56,30,12,15,-1,0,-1,0,0,0
FR_BFC_58,2020-06-21,11,1,86,27,8,3,0,1,56,30,12,15,0,0,0,0,0,0
FR_BFC_70,2020-03-18,14,4,2,0,7,7,2,2,2,0,0,0,,,,,,
FR_BFC_70,2020-03-19,14,3,3,0,7,7,2,1,3,0,0,0,1,0,1,0,0,0
FR_BFC_70,2020-03-20,26,6,5,0,12,14,4,2,4,1,0,0,2,0,1,1,0,0
FR_BFC_70,2020-03-21,26,6,5,0,12,14,4,2,4,1,0,0,0,0,0,0,0,0
FR_BFC_70,2020-03-22,26,6,5,0,12,14,4,2,4,1,0,0,0,0,0,0,0,0
FR_BFC_70,2020-03-23,26,6,5,0,12,14,4,2,4,1,0,0,0,0,0,0,0,0
FR_BFC_70,2020-03-24,37,13,8,3,17,20,6,7,5,3,0,3,3,3,1,2,0,3
FR_BFC_70,2020-03-25,44,18,11,6,19,25,8,10,7,4,0,6,3,3,2,1,0,3
FR_BFC_70,2020-03-26,62,22,13,6,25,37,8,14,8,5,0,6,2,0,1,1,0,0
FR_BFC_70,2020-03-27,67,23,22,6,29,38,8,15,9,13,0,6,9,0,1,8,0,0
FR_BFC_70,2020-03-28,65,21,26,9,29,36,8,13,12,14,1,8,4,3,3,1,1,2
FR_BFC_70,2020-03-29,65,18,29,10,30,35,8,10,13,16,2,8,3,1,1,2,1,0
FR_BFC_70,2020-03-30,63,16,37,14,27,36,5,11,17,20,4,10,8,4,4,4,2,2
FR_BFC_70,2020-03-31,69,15,44,19,33,36,5,10,22,22,7,12,7,5,5,2,3,2
FR_BFC_70,2020-04-01,68,16,54,22,34,34,6,10,25,29,9,13,10,3,3,7,2,1
FR_BFC_70,2020-04-02,77,15,59,28,35,42,6,9,28,31,11,17,5,6,3,2,2,4
FR_BFC_70,2020-04-03,81,14,62,30,38,43,5,9,28,34,12,18,3,2,0,3,1,1
FR_BFC_70,2020-04-04,80,16,68,33,38,42,6,10,29,39,14,19,6,3,1,5,2,1
FR_BFC_70,2020-04-05,80,17,69,37,37,43,7,10,30,39,17,20,1,4,1,0,3,1
FR_BFC_70,2020-04-06,79,16,71,44,37,42,7,9,32,39,19,25,2,7,2,0,2,5
FR_BFC_70,2020-04-07,84,17,81,45,37,47,7,10,35,46,19,26,10,1,3,7,0,1
FR_BFC_70,2020-04-08,87,18,84,45,39,48,8,10,37,47,19,26,3,0,2,1,0,0
FR_BFC_70,2020-04-09,91,18,90,45,44,47,8,10,38,52,19,26,6,0,1,5,0,0
FR_BFC_70,2020-04-10,89,17,97,47,44,45,7,10,40,57,20,27,7,2,2,5,1,1
FR_BFC_70,2020-04-11,87,17,99,48,43,44,7,10,41,58,20,28,2,1,1,1,0,1
FR_BFC_70,2020-04-12,85,17,101,49,42,43,7,10,42,59,20,29,2,1,1,1,0,1
FR_BFC_70,2020-04-13,85,17,101,50,42,43,7,10,42,59,20,30,0,1,0,0,0,1
FR_BFC_70,2020-04-14,95,18,103,51,47,48,8,10,44,59,20,31,2,1,2,0,0,1
FR_BFC_70,2020-04-15,89,16,121,56,40,49,6,10,56,65,22,34,18,5,12,6,2,3
FR_BFC_70,2020-04-16,89,16,126,57,42,47,6,10,58,68,22,35,5,1,2,3,0,1
FR_BFC_70,2020-04-17,94,17,129,58,45,49,6,11,59,70,22,36,3,1,1,2,0,1
FR_BFC_70,2020-04-18,95,17,129,58,45,50,6,11,59,70,22,36,0,0,0,0,0,0
FR_BFC_70,2020-04-19,95,17,129,58,45,50,6,11,59,70,22,36,0,0,0,0,0,0
FR_BFC_70,2020-04-20,89,19,142,60,41,48,5,14,64,78,23,37,13,2,5,8,1,1
FR_BFC_70,2020-04-21,90,18,145,60,41,49,5,13,66,79,23,37,3,0,2,1,0,0
FR_BFC_70,2020-04-22,90,17,147,62,40,50,4,13,68,79,23,39,2,2,2,0,0,2
FR_BFC_70,2020-04-23,95,17,147,63,40,55,4,13,69,78,23,40,0,1,1,-1,0,1
FR_BFC_70,2020-04-24,113,15,150,63,52,61,3,12,71,79,23,40,3,0,2,1,0,0
FR_BFC_70,2020-04-25,110,13,150,66,51,59,3,10,71,79,24,42,0,3,0,0,1,2
FR_BFC_70,2020-04-26,112,13,150,67,51,61,3,10,71,79,24,43,0,1,0,0,0,1
FR_BFC_70,2020-04-27,100,13,163,67,46,54,3,10,77,86,24,43,13,0,6,7,0,0
FR_BFC_70,2020-04-28,97,13,169,67,43,54,3,10,82,87,24,43,6,0,5,1,0,0
FR_BFC_70,2020-04-29,97,12,172,69,45,52,2,10,83,89,25,44,3,2,1,2,1,1
FR_BFC_70,2020-04-30,101,9,172,69,46,55,2,7,84,88,25,44,0,0,1,-1,0,0
FR_BFC_70,2020-05-01,102,9,173,69,46,56,2,7,84,89,25,44,1,0,0,1,0,0
FR_BFC_70,2020-05-02,101,8,173,70,46,55,2,6,84,89,25,45,0,1,0,0,0,1
FR_BFC_70,2020-05-03,100,7,173,71,45,55,2,5,84,89,26,45,0,1,0,0,1,0
FR_BFC_70,2020-05-04,98,7,179,73,45,53,2,5,85,94,26,47,6,2,1,5,0,2
FR_BFC_70,2020-05-05,97,8,180,73,44,53,3,5,86,94,26,47,1,0,1,0,0,0
FR_BFC_70,2020-05-06,93,4,187,73,41,52,1,3,89,98,26,47,7,0,3,4,0,0
FR_BFC_70,2020-05-07,78,4,206,73,30,48,1,3,101,105,26,47,19,0,12,7,0,0
FR_BFC_70,2020-05-08,77,5,208,74,31,46,2,3,102,106,26,48,2,1,1,1,0,1
FR_BFC_70,2020-05-09,79,5,208,74,32,47,2,3,102,106,26,48,0,0,0,0,0,0
FR_BFC_70,2020-05-10,80,5,208,74,33,47,2,3,102,106,26,48,0,0,0,0,0,0
FR_BFC_70,2020-05-11,79,5,210,75,33,46,2,3,103,107,26,49,2,1,1,1,0,1
FR_BFC_70,2020-05-12,77,3,215,75,33,44,2,1,105,110,26,49,5,0,2,3,0,0
FR_BFC_70,2020-05-13,78,2,216,75,34,44,1,1,105,111,26,49,1,0,0,1,0,0
FR_BFC_70,2020-05-14,79,2,216,76,35,44,1,1,105,111,26,50,0,1,0,0,0,1
FR_BFC_70,2020-05-15,78,2,218,76,34,44,1,1,107,111,26,50,2,0,2,0,0,0
FR_BFC_70,2020-05-16,78,2,218,76,34,44,1,1,107,111,26,50,0,0,0,0,0,0
FR_BFC_70,2020-05-17,78,2,218,76,34,44,1,1,107,111,26,50,0,0,0,0,0,0
FR_BFC_70,2020-05-18,77,3,220,77,36,41,2,1,107,113,26,51,2,1,0,2,0,1
FR_BFC_70,2020-05-19,73,2,225,77,34,39,1,1,109,116,26,51,5,0,2,3,0,0
FR_BFC_70,2020-05-20,72,1,226,77,34,38,1,0,109,117,26,51,1,0,0,1,0,0
FR_BFC_70,2020-05-21,72,1,226,77,34,38,1,0,109,117,26,51,0,0,0,0,0,0
FR_BFC_70,2020-05-22,72,1,226,77,34,38,1,0,109,117,26,51,0,0,0,0,0,0
FR_BFC_70,2020-05-23,72,0,226,77,34,38,0,0,109,117,26,51,0,0,0,0,0,0
FR_BFC_70,2020-05-24,72,0,226,77,34,38,0,0,109,117,26,51,0,0,0,0,0,0
FR_BFC_70,2020-05-25,62,0,236,77,28,34,0,0,115,121,26,51,10,0,6,4,0,0
FR_BFC_70,2020-05-26,48,0,251,77,22,26,0,0,121,130,26,51,15,0,6,9,0,0
FR_BFC_70,2020-05-27,49,0,252,77,22,27,0,0,121,131,26,51,1,0,0,1,0,0
FR_BFC_70,2020-05-28,48,0,253,77,21,27,0,0,122,131,26,51,1,0,1,0,0,0
FR_BFC_70,2020-05-29,49,0,253,77,21,28,0,0,122,131,26,51,0,0,0,0,0,0
FR_BFC_70,2020-05-30,50,0,252,77,21,29,0,0,122,130,26,51,-1,0,0,-1,0,0
FR_BFC_70,2020-05-31,50,0,252,77,21,29,0,0,122,130,26,51,0,0,0,0,0,0
FR_BFC_70,2020-06-01,50,0,252,77,21,29,0,0,122,130,26,51,0,0,0,0,0,0
FR_BFC_70,2020-06-02,46,0,256,77,21,25,0,0,122,134,26,51,4,0,0,4,0,0
FR_BFC_70,2020-06-03,41,0,263,77,18,23,0,0,125,138,26,51,7,0,3,4,0,0
FR_BFC_70,2020-06-04,40,0,265,77,18,22,0,0,126,139,26,51,2,0,1,1,0,0
FR_BFC_70,2020-06-05,39,0,266,77,17,22,0,0,127,139,26,51,1,0,1,0,0,0
FR_BFC_70,2020-06-06,35,0,270,77,15,20,0,0,129,141,26,51,4,0,2,2,0,0
FR_BFC_70,2020-06-07,35,0,270,77,15,20,0,0,129,141,26,51,0,0,0,0,0,0
FR_BFC_70,2020-06-08,32,0,273,77,14,18,0,0,130,143,26,51,3,0,1,2,0,0
FR_BFC_70,2020-06-09,25,0,280,77,10,15,0,0,134,146,26,51,7,0,4,3,0,0
FR_BFC_70,2020-06-10,19,0,287,77,5,14,0,0,140,147,26,51,7,0,6,1,0,0
FR_BFC_70,2020-06-11,19,0,287,77,5,14,0,0,140,147,26,51,0,0,0,0,0,0
FR_BFC_70,2020-06-12,19,0,287,77,5,14,0,0,140,147,26,51,0,0,0,0,0,0
FR_BFC_70,2020-06-13,19,0,287,77,5,14,0,0,140,147,26,51,0,0,0,0,0,0
FR_BFC_70,2020-06-14,19,0,287,77,5,14,0,0,140,147,26,51,0,0,0,0,0,0
FR_BFC_70,2020-06-15,19,0,287,77,5,14,0,0,140,147,26,51,0,0,0,0,0,0
FR_BFC_70,2020-06-16,19,0,288,77,5,14,0,0,140,148,26,51,1,0,0,1,0,0
FR_BFC_70,2020-06-17,19,0,288,77,5,14,0,0,140,148,26,51,0,0,0,0,0,0
FR_BFC_70,2020-06-18,19,0,288,77,5,14,0,0,140,148,26,51,0,0,0,0,0,0
FR_BFC_70,2020-06-19,19,0,288,77,5,14,0,0,140,148,26,51,0,0,0,0,0,0
FR_BFC_70,2020-06-20,19,0,288,77,5,14,0,0,140,148,26,51,0,0,0,0,0,0
FR_BFC_70,2020-06-21,19,0,288,77,5,14,0,0,140,148,26,51,0,0,0,0,0,0
FR_BFC_71,2020-03-18,35,0,4,5,22,13,0,0,2,2,2,3,,,,,,
FR_BFC_71,2020-03-19,48,3,7,5,29,19,0,3,5,2,2,3,3,0,3,0,0,0
FR_BFC_71,2020-03-20,53,5,10,8,30,23,2,3,6,4,4,4,3,3,1,2,2,1
FR_BFC_71,2020-03-21,50,6,14,10,30,20,2,4,8,6,4,6,4,2,2,2,0,2
FR_BFC_71,2020-03-22,65,6,36,12,38,27,2,4,22,14,5,7,22,2,14,8,1,1
FR_BFC_71,2020-03-23,84,7,50,13,43,41,2,5,30,20,6,7,14,1,8,6,1,0
FR_BFC_71,2020-03-24,91,14,98,20,45,46,5,9,65,33,9,11,48,7,35,13,3,4
FR_BFC_71,2020-03-25,108,19,119,25,48,60,5,14,81,38,14,11,21,5,16,5,5,0
FR_BFC_71,2020-03-26,148,22,139,29,66,82,7,15,89,50,16,13,20,4,8,12,2,2
FR_BFC_71,2020-03-27,164,27,144,32,73,91,7,20,91,53,17,15,5,3,2,3,1,2
FR_BFC_71,2020-03-28,181,31,160,34,75,106,9,22,101,59,18,16,16,2,10,6,1,1
FR_BFC_71,2020-03-29,183,27,166,36,79,104,10,17,103,63,18,18,6,2,2,4,0,2
FR_BFC_71,2020-03-30,186,34,166,43,79,107,13,21,104,62,21,22,0,7,1,-1,3,4
FR_BFC_71,2020-03-31,190,30,180,48,82,108,10,20,108,72,22,26,14,5,4,10,1,4
FR_BFC_71,2020-04-01,172,33,95,50,68,104,6,27,54,41,22,28,-85,2,-54,-31,0,2
FR_BFC_71,2020-04-02,169,35,115,53,73,96,7,28,59,56,23,30,20,3,5,15,1,2
FR_BFC_71,2020-04-03,163,36,136,60,71,92,8,28,69,67,26,34,21,7,10,11,3,4
FR_BFC_71,2020-04-04,162,37,145,63,75,87,9,28,73,72,28,35,9,3,4,5,2,1
FR_BFC_71,2020-04-05,173,37,147,65,81,92,9,28,74,73,28,37,2,2,1,1,0,2
FR_BFC_71,2020-04-06,193,38,169,69,90,103,10,28,85,84,29,40,22,4,11,11,1,3
FR_BFC_71,2020-04-07,191,36,191,74,89,102,10,26,99,92,32,42,22,5,14,8,3,2
FR_BFC_71,2020-04-08,191,36,210,75,85,106,10,26,110,100,32,43,19,1,11,8,0,1
FR_BFC_71,2020-04-09,187,35,221,81,92,95,9,26,113,108,35,46,11,6,3,8,3,3
FR_BFC_71,2020-04-10,183,36,233,89,88,95,10,26,123,110,39,50,12,8,10,2,4,4
FR_BFC_71,2020-04-11,173,33,257,91,80,93,9,24,142,115,41,50,24,2,19,5,2,0
FR_BFC_71,2020-04-12,174,34,261,92,80,94,9,25,144,117,41,51,4,1,2,2,0,1
FR_BFC_71,2020-04-13,175,34,262,92,80,95,7,27,144,118,41,51,1,0,0,1,0,0
FR_BFC_71,2020-04-14,179,34,267,97,84,95,7,27,145,122,45,52,5,5,1,4,4,1
FR_BFC_71,2020-04-15,186,31,279,104,87,99,6,25,150,129,50,54,12,7,5,7,5,2
FR_BFC_71,2020-04-16,189,32,298,113,88,101,6,26,160,138,55,58,19,9,10,9,5,4
FR_BFC_71,2020-04-17,201,30,309,115,101,100,4,26,163,146,57,58,11,2,3,8,2,0
FR_BFC_71,2020-04-18,202,29,314,116,101,101,5,24,166,148,57,59,5,1,3,2,0,1
FR_BFC_71,2020-04-19,202,30,322,120,98,104,4,26,173,149,58,62,8,4,7,1,1,3
FR_BFC_71,2020-04-20,209,30,324,123,99,110,4,26,175,149,60,63,2,3,2,0,2,1
FR_BFC_71,2020-04-21,207,30,344,135,104,103,6,24,184,160,65,70,20,12,9,11,5,7
FR_BFC_71,2020-04-22,227,29,364,137,113,114,7,22,196,168,67,70,20,2,12,8,2,0
FR_BFC_71,2020-04-23,230,27,368,141,114,116,6,21,198,170,69,72,4,4,2,2,2,2
FR_BFC_71,2020-04-24,213,25,390,146,101,112,5,20,213,177,70,76,22,5,15,7,1,4
FR_BFC_71,2020-04-25,222,25,394,147,110,112,5,20,214,180,71,76,4,1,1,3,1,0
FR_BFC_71,2020-04-26,223,26,396,149,113,110,5,21,214,182,73,76,2,2,0,2,2,0
FR_BFC_71,2020-04-27,230,26,399,154,120,110,6,20,215,184,75,79,3,5,1,2,2,3
FR_BFC_71,2020-04-28,234,28,412,155,122,112,7,21,219,193,75,80,13,1,4,9,0,1
FR_BFC_71,2020-04-29,243,24,418,158,127,116,5,19,221,197,78,80,6,3,2,4,3,0
FR_BFC_71,2020-04-30,238,24,441,159,130,108,4,20,233,208,79,80,23,1,12,11,1,0
FR_BFC_71,2020-05-01,228,24,452,159,126,102,4,20,237,215,79,80,11,0,4,7,0,0
FR_BFC_71,2020-05-02,229,22,451,160,127,102,4,18,237,214,79,81,-1,1,0,-1,0,1
FR_BFC_71,2020-05-03,229,25,454,163,125,104,4,21,239,215,80,83,3,3,2,1,1,2
FR_BFC_71,2020-05-04,222,21,461,166,123,99,4,17,243,218,82,84,7,3,4,3,2,1
FR_BFC_71,2020-05-05,224,19,470,166,122,102,3,16,249,221,82,84,9,0,6,3,0,0
FR_BFC_71,2020-05-06,225,14,478,167,122,103,2,12,254,224,82,85,8,1,5,3,0,1
FR_BFC_71,2020-05-07,218,13,486,168,118,100,1,12,259,227,83,85,8,1,5,3,1,0
FR_BFC_71,2020-05-08,209,13,497,172,112,97,1,12,265,232,85,87,11,4,6,5,2,2
FR_BFC_71,2020-05-09,208,13,499,173,114,94,1,12,265,234,85,88,2,1,0,2,0,1
FR_BFC_71,2020-05-10,207,13,501,175,114,93,1,12,266,235,86,89,2,2,1,1,1,1
FR_BFC_71,2020-05-11,203,14,506,179,112,91,1,13,269,237,86,93,5,4,3,2,0,4
FR_BFC_71,2020-05-12,189,14,519,182,105,84,1,13,276,243,86,96,13,3,7,6,0,3
FR_BFC_71,2020-05-13,187,11,530,185,101,86,1,10,286,244,88,97,11,3,10,1,2,1
FR_BFC_71,2020-05-14,189,12,534,185,102,87,2,10,289,245,88,97,4,0,3,1,0,0
FR_BFC_71,2020-05-15,183,13,543,186,100,83,2,11,293,250,88,98,9,1,4,5,0,1
FR_BFC_71,2020-05-16,181,14,537,185,98,83,2,12,292,245,87,98,-6,-1,-1,-5,-1,0
FR_BFC_71,2020-05-17,181,14,537,185,98,83,2,12,292,245,87,98,0,0,0,0,0,0
FR_BFC_71,2020-05-18,185,11,539,187,103,82,1,10,292,247,88,99,2,2,0,2,1,1
FR_BFC_71,2020-05-19,179,10,550,191,97,82,1,9,299,251,91,100,11,4,7,4,3,1
FR_BFC_71,2020-05-20,171,10,560,191,92,79,1,9,305,255,91,100,10,0,6,4,0,0
FR_BFC_71,2020-05-21,169,9,562,191,90,79,1,8,307,255,91,100,2,0,2,0,0,0
FR_BFC_71,2020-05-22,162,10,572,191,88,74,2,8,312,260,91,100,10,0,5,5,0,0
FR_BFC_71,2020-05-23,162,10,572,191,89,73,2,8,312,260,91,100,0,0,0,0,0,0
FR_BFC_71,2020-05-24,161,10,573,191,88,73,2,8,313,260,91,100,1,0,1,0,0,0
FR_BFC_71,2020-05-25,159,12,584,193,86,73,2,10,321,263,91,102,11,2,8,3,0,2
FR_BFC_71,2020-05-26,147,10,598,193,77,70,1,9,331,267,91,102,14,0,10,4,0,0
FR_BFC_71,2020-05-27,142,9,604,193,75,67,1,8,334,270,91,102,6,0,3,3,0,0
FR_BFC_71,2020-05-28,139,9,610,193,73,66,1,8,338,272,91,102,6,0,4,2,0,0
FR_BFC_71,2020-05-29,130,6,620,195,70,60,0,6,342,278,91,104,10,2,4,6,0,2
FR_BFC_71,2020-05-30,130,6,620,195,70,60,0,6,342,278,91,104,0,0,0,0,0,0
FR_BFC_71,2020-05-31,130,6,620,195,70,60,0,6,342,278,91,104,0,0,0,0,0,0
FR_BFC_71,2020-06-01,130,6,620,195,70,60,0,6,342,278,91,104,0,0,0,0,0,0
FR_BFC_71,2020-06-02,120,6,633,195,65,55,0,6,349,284,91,104,13,0,7,6,0,0
FR_BFC_71,2020-06-03,102,6,652,197,55,47,0,6,362,290,91,106,19,2,13,6,0,2
FR_BFC_71,2020-06-04,100,6,654,197,55,45,0,6,362,292,91,106,2,0,0,2,0,0
FR_BFC_71,2020-06-05,97,6,658,197,52,45,0,6,366,292,91,106,4,0,4,0,0,0
FR_BFC_71,2020-06-06,97,6,658,197,52,45,0,6,366,292,91,106,0,0,0,0,0,0
FR_BFC_71,2020-06-07,97,6,658,197,52,45,0,6,366,292,91,106,0,0,0,0,0,0
FR_BFC_71,2020-06-08,99,7,660,198,53,46,0,7,367,293,91,107,2,1,1,1,0,1
FR_BFC_71,2020-06-09,94,7,669,198,50,44,0,7,371,298,91,107,9,0,4,5,0,0
FR_BFC_71,2020-06-10,80,7,683,199,44,36,0,7,377,306,92,107,14,1,6,8,1,0
FR_BFC_71,2020-06-11,75,5,688,199,41,34,0,5,380,308,92,107,5,0,3,2,0,0
FR_BFC_71,2020-06-12,61,5,702,199,32,29,0,5,389,313,92,107,14,0,9,5,0,0
FR_BFC_71,2020-06-13,59,5,703,199,30,29,0,5,390,313,92,107,1,0,1,0,0,0
FR_BFC_71,2020-06-14,59,5,703,199,30,29,0,5,390,313,92,107,0,0,0,0,0,0
FR_BFC_71,2020-06-15,60,5,703,199,30,30,0,5,390,313,92,107,0,0,0,0,0,0
FR_BFC_71,2020-06-16,54,5,708,199,26,28,0,5,394,314,92,107,5,0,4,1,0,0
FR_BFC_71,2020-06-17,53,5,708,199,26,27,0,5,394,314,92,107,0,0,0,0,0,0
FR_BFC_71,2020-06-18,53,5,708,199,26,27,0,5,394,314,92,107,0,0,0,0,0,0
FR_BFC_71,2020-06-19,38,4,724,199,20,18,0,4,400,324,92,107,16,0,6,10,0,0
FR_BFC_71,2020-06-20,38,4,724,199,20,18,0,4,400,324,92,107,0,0,0,0,0,0
FR_BFC_71,2020-06-21,38,4,724,199,20,18,0,4,400,324,92,107,0,0,0,0,0,0
FR_BFC_89,2020-03-18,6,0,1,0,1,5,0,0,0,1,0,0,,,,,,
FR_BFC_89,2020-03-19,5,1,1,2,1,4,0,1,0,1,1,1,0,2,0,0,1,1
FR_BFC_89,2020-03-20,10,3,1,2,3,7,1,2,0,1,1,1,0,0,0,0,0,0
FR_BFC_89,2020-03-21,11,3,1,2,4,7,1,2,0,1,1,1,0,0,0,0,0,0
FR_BFC_89,2020-03-22,13,3,1,2,5,8,1,2,0,1,1,1,0,0,0,0,0,0
FR_BFC_89,2020-03-23,16,7,1,2,7,9,2,5,0,1,1,1,0,0,0,0,0,0
FR_BFC_89,2020-03-24,18,8,1,2,9,9,3,5,0,1,1,1,0,0,0,0,0,0
FR_BFC_89,2020-03-25,32,11,1,2,15,17,4,7,0,1,1,1,0,0,0,0,0,0
FR_BFC_89,2020-03-26,35,12,2,3,16,19,4,8,0,2,1,2,1,1,0,1,0,1
FR_BFC_89,2020-03-27,37,12,2,3,17,20,4,8,0,2,1,2,0,0,0,0,0,0
FR_BFC_89,2020-03-28,38,12,2,3,17,21,4,8,0,2,1,2,0,0,0,0,0,0
FR_BFC_89,2020-03-29,40,13,6,4,17,23,4,9,2,4,1,3,4,1,2,2,0,1
FR_BFC_89,2020-03-30,52,15,8,4,21,31,4,11,3,5,1,3,2,0,1,1,0,0
FR_BFC_89,2020-03-31,75,16,9,5,29,46,3,13,4,5,1,4,1,1,1,0,0,1
FR_BFC_89,2020-04-01,85,21,13,8,35,50,4,17,7,6,1,7,4,3,3,1,0,3
FR_BFC_89,2020-04-02,96,19,15,9,41,55,2,17,8,7,1,8,2,1,1,1,0,1
FR_BFC_89,2020-04-03,100,20,25,10,43,57,2,18,14,11,2,8,10,1,6,4,1,0
FR_BFC_89,2020-04-04,101,19,31,11,44,57,2,17,17,14,2,9,6,1,3,3,0,1
FR_BFC_89,2020-04-05,100,18,31,12,44,56,2,16,17,14,2,10,0,1,0,0,0,1
FR_BFC_89,2020-04-06,102,18,37,15,45,57,2,16,19,18,3,12,6,3,2,4,1,2
FR_BFC_89,2020-04-07,93,19,48,17,41,52,2,17,25,23,4,13,11,2,6,5,1,1
FR_BFC_89,2020-04-08,94,19,58,17,43,51,2,17,28,30,4,13,10,0,3,7,0,0
FR_BFC_89,2020-04-09,90,18,62,18,40,50,2,16,30,32,5,13,4,1,2,2,1,0
FR_BFC_89,2020-04-10,87,20,74,23,35,52,1,19,37,37,6,17,12,5,7,5,1,4
FR_BFC_89,2020-04-11,84,20,85,25,36,48,1,19,40,45,8,17,11,2,3,8,2,0
FR_BFC_89,2020-04-12,83,20,85,26,32,51,1,19,40,45,9,17,0,1,0,0,1,0
FR_BFC_89,2020-04-13,82,20,85,28,32,50,1,19,40,45,10,18,0,2,0,0,1,1
FR_BFC_89,2020-04-14,90,21,90,32,38,52,2,19,41,49,12,20,5,4,1,4,2,2
FR_BFC_89,2020-04-15,86,19,104,32,37,49,1,18,48,56,12,20,14,0,7,7,0,0
FR_BFC_89,2020-04-16,96,19,105,33,43,53,1,18,47,58,13,20,1,1,-1,2,1,0
FR_BFC_89,2020-04-17,97,19,108,33,43,54,1,18,49,59,13,20,3,0,2,1,0,0
FR_BFC_89,2020-04-18,90,19,112,37,41,49,1,18,51,61,14,23,4,4,2,2,1,3
FR_BFC_89,2020-04-19,94,19,113,38,43,51,1,18,51,62,15,23,1,1,0,1,1,0
FR_BFC_89,2020-04-20,93,20,116,41,44,49,1,19,52,64,17,24,3,3,1,2,2,1
FR_BFC_89,2020-04-21,104,20,120,41,53,51,1,19,53,67,17,24,4,0,1,3,0,0
FR_BFC_89,2020-04-22,119,26,133,43,59,60,3,23,61,72,19,24,13,2,8,5,2,0
FR_BFC_89,2020-04-23,117,27,138,49,57,60,3,24,64,74,22,27,5,6,3,2,3,3
FR_BFC_89,2020-04-24,109,23,146,50,53,56,1,22,68,78,22,28,8,1,4,4,0,1
FR_BFC_89,2020-04-25,115,23,147,51,57,58,1,22,68,79,23,28,1,1,0,1,1,0
FR_BFC_89,2020-04-26,113,22,149,53,58,55,1,21,68,81,23,30,2,2,0,2,0,2
FR_BFC_89,2020-04-27,112,21,150,54,58,54,1,20,69,81,24,30,1,1,1,0,1,0
FR_BFC_89,2020-04-28,108,21,153,55,56,52,1,20,70,83,25,30,3,1,1,2,1,0
FR_BFC_89,2020-04-29,110,21,160,59,55,55,1,20,74,86,28,31,7,4,4,3,3,1
FR_BFC_89,2020-04-30,109,22,162,59,54,55,1,21,75,87,28,31,2,0,1,1,0,0
FR_BFC_89,2020-05-01,101,21,170,62,49,52,1,20,82,88,28,34,8,3,7,1,0,3
FR_BFC_89,2020-05-02,99,18,173,64,46,53,1,17,85,88,29,35,3,2,3,0,1,1
FR_BFC_89,2020-05-03,105,18,173,64,51,54,1,17,85,88,29,35,0,0,0,0,0,0
FR_BFC_89,2020-05-04,114,20,173,65,57,57,2,18,85,88,30,35,0,1,0,0,1,0
FR_BFC_89,2020-05-05,110,18,177,66,55,55,2,16,88,89,30,36,4,1,3,1,0,1
FR_BFC_89,2020-05-06,109,16,180,68,55,54,2,14,89,91,31,37,3,2,1,2,1,1
FR_BFC_89,2020-05-07,107,17,185,69,54,53,2,15,91,94,32,37,5,1,2,3,1,0
FR_BFC_89,2020-05-08,108,17,187,70,54,54,2,15,91,96,33,37,2,1,0,2,1,0
FR_BFC_89,2020-05-09,109,17,187,71,56,53,2,15,91,96,33,38,0,1,0,0,0,1
FR_BFC_89,2020-05-10,113,17,187,71,59,54,2,15,91,96,33,38,0,0,0,0,0,0
FR_BFC_89,2020-05-11,113,16,187,73,59,54,2,14,91,96,33,40,0,2,0,0,0,2
FR_BFC_89,2020-05-12,110,13,191,73,57,53,2,11,94,97,33,40,4,0,3,1,0,0
FR_BFC_89,2020-05-13,110,13,195,73,54,56,2,11,99,96,33,40,4,0,5,-1,0,0
FR_BFC_89,2020-05-14,112,13,195,73,54,58,2,11,99,96,33,40,0,0,0,0,0,0
FR_BFC_89,2020-05-15,108,13,200,73,52,56,2,11,101,99,33,40,5,0,2,3,0,0
FR_BFC_89,2020-05-16,109,13,203,73,55,54,2,11,101,102,33,40,3,0,0,3,0,0
FR_BFC_89,2020-05-17,109,13,203,73,55,54,2,11,101,102,33,40,0,0,0,0,0,0
FR_BFC_89,2020-05-18,106,12,209,76,54,52,2,10,104,105,33,43,6,3,3,3,0,3
FR_BFC_89,2020-05-19,103,10,213,77,52,51,2,8,106,107,33,44,4,1,2,2,0,1
FR_BFC_89,2020-05-20,100,10,219,78,50,50,2,8,111,108,34,44,6,1,5,1,1,0
FR_BFC_89,2020-05-21,101,10,221,80,52,49,2,8,112,109,35,45,2,2,1,1,1,1
FR_BFC_89,2020-05-22,94,9,227,81,50,44,2,7,114,113,35,46,6,1,2,4,0,1
FR_BFC_89,2020-05-23,98,9,228,81,53,45,2,7,115,113,35,46,1,0,1,0,0,0
FR_BFC_89,2020-05-24,99,9,229,81,55,44,2,7,115,114,35,46,1,0,0,1,0,0
FR_BFC_89,2020-05-25,94,9,234,82,51,43,2,7,118,116,36,46,5,1,3,2,1,0
FR_BFC_89,2020-05-26,78,9,251,82,44,34,2,7,127,124,36,46,17,0,9,8,0,0
FR_BFC_89,2020-05-27,80,9,255,83,45,35,2,7,128,127,37,46,4,1,1,3,1,0
FR_BFC_89,2020-05-28,78,9,257,83,44,34,2,7,129,128,37,46,2,0,1,1,0,0
FR_BFC_89,2020-05-29,70,9,265,83,38,32,2,7,135,130,37,46,8,0,6,2,0,0
FR_BFC_89,2020-05-30,69,9,266,83,38,31,2,7,135,131,37,46,1,0,0,1,0,0
FR_BFC_89,2020-05-31,64,9,272,83,34,30,2,7,139,133,37,46,6,0,4,2,0,0
FR_BFC_89,2020-06-01,63,9,272,84,34,29,2,7,139,133,37,47,0,1,0,0,0,1
FR_BFC_89,2020-06-02,60,9,272,85,32,28,2,7,139,133,38,47,0,1,0,0,1,0
FR_BFC_89,2020-06-03,53,8,279,86,26,27,2,6,145,134,39,47,7,1,6,1,1,0
FR_BFC_89,2020-06-04,49,5,284,88,23,26,0,5,147,137,41,47,5,2,2,3,2,0
FR_BFC_89,2020-06-05,51,5,283,88,24,27,0,5,146,137,41,47,-1,0,-1,0,0,0
FR_BFC_89,2020-06-06,53,5,284,88,24,29,0,5,146,138,41,47,1,0,0,1,0,0
FR_BFC_89,2020-06-07,54,5,283,88,25,29,0,5,145,138,41,47,-1,0,-1,0,0,0
FR_BFC_89,2020-06-08,55,5,283,88,25,30,0,5,145,138,41,47,0,0,0,0,0,0
FR_BFC_89,2020-06-09,53,5,285,88,24,29,0,5,146,139,41,47,2,0,1,1,0,0
FR_BFC_89,2020-06-10,50,5,287,89,24,26,0,5,146,141,41,48,2,1,0,2,0,1
FR_BFC_89,2020-06-11,51,5,287,89,24,27,0,5,146,141,41,48,0,0,0,0,0,0
FR_BFC_89,2020-06-12,33,4,322,88,14,19,0,4,166,156,41,47,35,-1,20,15,0,-1
FR_BFC_89,2020-06-13,34,4,322,88,14,20,0,4,166,156,41,47,0,0,0,0,0,0
FR_BFC_89,2020-06-14,29,4,327,88,11,18,0,4,169,158,41,47,5,0,3,2,0,0
FR_BFC_89,2020-06-15,29,4,327,88,11,18,0,4,169,158,41,47,0,0,0,0,0,0
FR_BFC_89,2020-06-16,26,3,331,88,8,18,0,3,172,159,41,47,4,0,3,1,0,0
FR_BFC_89,2020-06-17,25,3,332,88,8,17,0,3,172,160,41,47,1,0,0,1,0,0
FR_BFC_89,2020-06-18,24,3,333,88,8,16,0,3,172,161,41,47,1,0,0,1,0,0
FR_BFC_89,2020-06-19,21,1,340,88,7,14,0,1,174,166,41,47,7,0,2,5,0,0
FR_BFC_89,2020-06-20,20,1,341,88,7,13,0,1,174,167,41,47,1,0,0,1,0,0
FR_BFC_89,2020-06-21,20,1,341,88,7,13,0,1,174,167,41,47,0,0,0,0,0,0
FR_BFC_90,2020-03-18,25,9,0,0,12,13,3,6,0,0,0,0,,,,,,
FR_BFC_90,2020-03-19,39,9,0,3,15,24,1,8,0,0,2,1,0,3,0,0,2,1
FR_BFC_90,2020-03-20,49,9,0,5,19,30,2,7,0,0,3,2,0,2,0,0,1,1
FR_BFC_90,2020-03-21,61,11,2,6,27,34,2,9,1,1,4,2,2,1,1,1,1,0
FR_BFC_90,2020-03-22,68,14,28,14,29,39,3,11,12,16,10,4,26,8,11,15,6,2
FR_BFC_90,2020-03-23,94,20,31,24,45,49,6,14,12,19,11,13,3,10,0,3,1,9
FR_BFC_90,2020-03-24,109,22,38,27,47,62,6,16,14,24,13,14,7,3,2,5,2,1
FR_BFC_90,2020-03-25,138,27,42,30,58,80,7,20,16,26,13,17,4,3,2,2,0,3
FR_BFC_90,2020-03-26,137,30,52,35,58,79,8,22,23,29,14,21,10,5,7,3,1,4
FR_BFC_90,2020-03-27,147,30,60,43,58,89,8,22,28,32,19,24,8,8,5,3,5,3
FR_BFC_90,2020-03-28,164,34,61,44,62,102,10,24,28,33,19,25,1,1,0,1,0,1
FR_BFC_90,2020-03-29,171,40,66,51,65,106,13,27,30,36,23,28,5,7,2,3,4,3
FR_BFC_90,2020-03-30,177,40,73,61,70,107,14,26,32,41,28,33,7,10,2,5,5,5
FR_BFC_90,2020-03-31,201,43,91,61,84,117,14,29,36,55,28,33,18,0,4,14,0,0
FR_BFC_90,2020-04-01,219,44,91,64,95,124,14,30,36,55,27,37,0,3,0,0,-1,4
FR_BFC_90,2020-04-02,216,46,121,75,90,126,15,31,49,72,33,42,30,11,13,17,6,5
FR_BFC_90,2020-04-03,217,43,131,78,90,127,11,32,53,78,34,44,10,3,4,6,1,2
FR_BFC_90,2020-04-04,204,41,155,83,77,127,10,31,67,88,38,45,24,5,14,10,4,1
FR_BFC_90,2020-04-05,212,43,160,86,80,132,10,33,69,91,39,47,5,3,2,3,1,2
FR_BFC_90,2020-04-06,221,42,164,89,82,139,9,33,71,93,39,50,4,3,2,2,0,3
FR_BFC_90,2020-04-07,216,43,188,94,82,134,10,33,83,105,39,55,24,5,12,12,0,5
FR_BFC_90,2020-04-08,209,43,204,96,79,130,10,33,89,115,41,55,16,2,6,10,2,0
FR_BFC_90,2020-04-09,210,41,210,98,80,130,9,32,93,117,42,56,6,2,4,2,1,1
FR_BFC_90,2020-04-10,221,37,226,102,87,134,9,28,100,126,44,58,16,4,7,9,2,2
FR_BFC_90,2020-04-11,216,35,238,107,90,126,7,28,102,136,46,61,12,5,2,10,2,3
FR_BFC_90,2020-04-12,219,35,242,111,93,126,7,28,103,139,48,63,4,4,1,3,2,2
FR_BFC_90,2020-04-13,228,37,246,115,95,133,7,30,106,140,49,66,4,4,3,1,1,3
FR_BFC_90,2020-04-14,225,36,248,116,94,131,7,29,106,142,49,67,2,1,0,2,0,1
FR_BFC_90,2020-04-15,200,31,268,123,87,113,5,26,113,155,50,73,20,7,7,13,1,6
FR_BFC_90,2020-04-16,194,32,282,124,86,108,5,27,116,166,52,72,14,1,3,11,2,-1
FR_BFC_90,2020-04-17,187,29,292,129,82,105,4,25,121,171,52,77,10,5,5,5,0,5
FR_BFC_90,2020-04-18,180,29,306,130,84,96,4,25,124,182,52,78,14,1,3,11,0,1
FR_BFC_90,2020-04-19,182,29,308,130,83,99,5,24,125,183,52,78,2,0,1,1,0,0
FR_BFC_90,2020-04-20,187,29,307,132,85,102,5,24,125,182,52,80,-1,2,0,-1,0,2
FR_BFC_90,2020-04-21,174,28,322,134,79,95,6,22,132,190,54,80,15,2,7,8,2,0
FR_BFC_90,2020-04-22,167,26,328,140,75,92,5,21,135,193,56,84,6,6,3,3,2,4
FR_BFC_90,2020-04-23,163,23,332,141,76,87,4,19,135,197,57,84,4,1,0,4,1,0
FR_BFC_90,2020-04-24,155,20,337,141,73,82,4,16,137,200,57,84,5,0,2,3,0,0
FR_BFC_90,2020-04-25,147,19,345,142,69,78,3,16,140,205,58,84,8,1,3,5,1,0
FR_BFC_90,2020-04-26,148,20,346,143,71,77,4,16,140,206,59,84,1,1,0,1,1,0
FR_BFC_90,2020-04-27,145,20,347,145,69,76,4,16,141,206,60,85,1,2,1,0,1,1
FR_BFC_90,2020-04-28,145,20,347,145,69,76,4,16,141,206,60,85,0,0,0,0,0,0
FR_BFC_90,2020-04-29,139,19,361,147,63,76,2,17,148,213,61,86,14,2,7,7,1,1
FR_BFC_90,2020-04-30,135,19,368,147,62,73,2,17,152,216,61,86,7,0,4,3,0,0
FR_BFC_90,2020-05-01,131,18,373,149,60,71,2,16,156,217,62,87,5,2,4,1,1,1
FR_BFC_90,2020-05-02,127,17,374,151,61,66,2,15,156,218,62,89,1,2,0,1,0,2
FR_BFC_90,2020-05-03,129,17,373,151,61,68,2,15,156,217,62,89,-1,0,0,-1,0,0
FR_BFC_90,2020-05-04,131,16,369,153,62,69,2,14,154,215,63,90,-4,2,-2,-2,1,1
FR_BFC_90,2020-05-05,139,14,375,158,69,70,2,12,156,219,66,92,6,5,2,4,3,2
FR_BFC_90,2020-05-06,144,13,379,159,72,72,2,11,157,222,67,92,4,1,1,3,1,0
FR_BFC_90,2020-05-07,143,13,383,161,71,72,2,11,158,225,69,92,4,2,1,3,2,0
FR_BFC_90,2020-05-08,140,15,393,162,69,71,2,13,164,229,69,93,10,1,6,4,0,1
FR_BFC_90,2020-05-09,142,15,393,162,71,71,2,13,164,229,69,93,0,0,0,0,0,0
FR_BFC_90,2020-05-10,143,15,393,164,71,72,2,13,164,229,70,94,0,2,0,0,1,1
FR_BFC_90,2020-05-11,144,16,395,164,72,72,2,14,164,231,70,94,2,0,0,2,0,0
FR_BFC_90,2020-05-12,134,15,405,165,64,70,3,12,171,234,71,94,10,1,7,3,1,0
FR_BFC_90,2020-05-13,130,14,407,167,62,68,2,12,171,236,72,95,2,2,0,2,1,1
FR_BFC_90,2020-05-14,124,13,413,168,61,63,2,11,172,241,72,96,6,1,1,5,0,1
FR_BFC_90,2020-05-15,120,13,418,168,58,62,2,11,176,242,72,96,5,0,4,1,0,0
FR_BFC_90,2020-05-16,112,13,426,168,53,59,2,11,181,245,72,96,8,0,5,3,0,0
FR_BFC_90,2020-05-17,113,13,426,168,53,60,2,11,181,245,72,96,0,0,0,0,0,0
FR_BFC_90,2020-05-18,114,13,426,168,53,61,2,11,181,245,72,96,0,0,0,0,0,0
FR_BFC_90,2020-05-19,109,12,431,168,49,60,2,10,185,246,72,96,5,0,4,1,0,0
FR_BFC_90,2020-05-20,110,11,435,168,52,58,1,10,187,248,72,96,4,0,2,2,0,0
FR_BFC_90,2020-05-21,75,11,476,169,33,42,1,10,211,265,73,96,41,1,24,17,1,0
FR_BFC_90,2020-05-22,76,11,476,169,34,42,1,10,211,265,73,96,0,0,0,0,0,0
FR_BFC_90,2020-05-23,72,10,480,169,30,42,1,9,215,265,73,96,4,0,4,0,0,0
FR_BFC_90,2020-05-24,71,9,480,170,30,41,1,8,215,265,73,97,0,1,0,0,0,1
FR_BFC_90,2020-05-25,72,8,480,171,31,41,1,7,215,265,73,98,0,1,0,0,0,1
FR_BFC_90,2020-05-26,69,8,482,171,29,40,1,7,217,265,73,98,2,0,2,0,0,0
FR_BFC_90,2020-05-27,61,7,488,172,26,35,1,6,221,267,73,99,6,1,4,2,0,1
FR_BFC_90,2020-05-28,59,7,491,173,25,34,1,6,223,268,73,100,3,1,2,1,0,1
FR_BFC_90,2020-05-29,55,6,493,174,25,30,1,5,223,270,73,101,2,1,0,2,0,1
FR_BFC_90,2020-05-30,57,6,491,174,25,32,1,5,223,268,73,101,-2,0,0,-2,0,0
FR_BFC_90,2020-05-31,57,6,491,175,25,32,1,5,222,269,74,101,0,1,-1,1,1,0
FR_BFC_90,2020-06-01,56,6,492,175,25,31,1,5,222,270,74,101,1,0,0,1,0,0
FR_BFC_90,2020-06-02,53,6,495,176,24,29,1,5,223,272,74,102,3,1,1,2,0,1
FR_BFC_90,2020-06-03,49,4,496,176,23,26,1,3,224,272,74,102,1,0,1,0,0,0
FR_BFC_90,2020-06-04,43,4,503,177,21,22,1,3,226,277,75,102,7,1,2,5,1,0
FR_BFC_90,2020-06-05,43,4,504,177,22,21,1,3,226,278,75,102,1,0,0,1,0,0
FR_BFC_90,2020-06-06,43,4,504,177,22,21,1,3,226,278,75,102,0,0,0,0,0,0
FR_BFC_90,2020-06-07,42,4,505,177,21,21,1,3,227,278,75,102,1,0,1,0,0,0
FR_BFC_90,2020-06-08,42,4,505,177,21,21,1,3,227,278,75,102,0,0,0,0,0,0
FR_BFC_90,2020-06-09,41,4,505,179,19,22,1,3,228,277,76,103,0,2,1,-1,1,1
FR_BFC_90,2020-06-10,37,4,506,181,16,21,1,3,229,277,77,104,1,2,1,0,1,1
FR_BFC_90,2020-06-11,37,4,508,181,16,21,1,3,230,278,77,104,2,0,1,1,0,0
FR_BFC_90,2020-06-12,35,4,510,181,14,21,1,3,232,278,77,104,2,0,2,0,0,0
FR_BFC_90,2020-06-13,33,3,510,183,14,19,1,2,232,278,77,106,0,2,0,0,0,2
FR_BFC_90,2020-06-14,33,3,510,183,14,19,1,2,232,278,77,106,0,0,0,0,0,0
FR_BFC_90,2020-06-15,34,3,510,183,14,20,1,2,232,278,77,106,0,0,0,0,0,0
FR_BFC_90,2020-06-16,32,3,512,183,14,18,1,2,233,279,77,106,2,0,1,1,0,0
FR_BFC_90,2020-06-17,29,1,513,184,12,17,0,1,235,278,77,107,1,1,2,-1,0,1
FR_BFC_90,2020-06-18,27,1,515,185,11,16,0,1,236,279,78,107,2,1,1,1,1,0
FR_BFC_90,2020-06-19,27,1,515,185,11,16,0,1,236,279,78,107,0,0,0,0,0,0
FR_BFC_90,2020-06-20,27,1,515,185,11,16,0,1,236,279,78,107,0,0,0,0,0,0
FR_BFC_90,2020-06-21,27,1,515,185,11,16,0,1,236,279,78,107,0,0,0,0,0,0
FR_BRE,2020-03-18,60,23,69,7,25,35,6,17,38,31,2,5,,,,,,
FR_BRE,2020-03-19,77,26,77,9,28,49,6,20,45,32,4,5,8,2,7,1,2,0
FR_BRE,2020-03-20,94,25,55,12,39,55,6,19,30,25,4,8,-22,3,-15,-7,0,3
FR_BRE,2020-03-21,108,23,55,15,47,61,5,18,31,24,5,10,0,3,1,-1,1,2
FR_BRE,2020-03-22,127,30,59,17,48,79,5,25,35,24,5,12,4,2,4,0,0,2
FR_BRE,2020-03-23,129,29,68,23,50,79,5,24,38,30,8,15,9,6,3,6,3,3
FR_BRE,2020-03-24,131,29,86,25,52,79,5,24,48,38,8,17,18,2,10,8,0,2
FR_BRE,2020-03-25,158,38,102,28,63,95,8,30,53,49,9,19,16,3,5,11,1,2
FR_BRE,2020-03-26,202,45,114,29,78,124,7,38,58,56,9,20,12,1,5,7,0,1
FR_BRE,2020-03-27,215,49,131,34,84,131,8,41,64,67,11,23,17,5,6,11,2,3
FR_BRE,2020-03-28,240,57,145,37,103,137,10,47,70,75,11,26,14,3,6,8,0,3
FR_BRE,2020-03-29,268,57,166,41,108,160,9,48,84,82,13,28,21,4,14,7,2,2
FR_BRE,2020-03-30,290,63,170,45,123,167,9,54,85,85,15,30,4,4,1,3,2,2
FR_BRE,2020-03-31,299,69,187,50,124,175,11,58,90,97,19,31,17,5,5,12,4,1
FR_BRE,2020-04-01,342,79,202,55,138,204,13,66,100,102,22,33,15,5,10,5,3,2
FR_BRE,2020-04-02,391,111,226,63,146,245,22,89,113,113,26,37,24,8,13,11,4,4
FR_BRE,2020-04-03,410,114,244,69,159,251,23,91,122,122,28,41,18,6,9,9,2,4
FR_BRE,2020-04-04,408,112,272,75,165,243,23,89,132,140,31,44,28,6,10,18,3,3
FR_BRE,2020-04-05,422,111,279,81,178,244,24,87,135,144,33,48,7,6,3,4,2,4
FR_BRE,2020-04-06,471,141,295,88,193,278,31,110,142,153,37,51,16,7,7,9,4,3
FR_BRE,2020-04-07,461,133,334,97,190,271,28,105,158,176,40,57,39,9,16,23,3,6
FR_BRE,2020-04-08,484,136,372,107,203,281,30,106,169,203,43,64,38,10,11,27,3,7
FR_BRE,2020-04-09,493,133,396,109,211,282,28,105,177,219,43,66,24,2,8,16,0,2
FR_BRE,2020-04-10,490,127,430,121,211,279,25,102,190,240,50,71,34,12,13,21,7,5
FR_BRE,2020-04-11,485,124,469,129,204,281,25,99,212,257,52,77,39,8,22,17,2,6
FR_BRE,2020-04-12,508,119,480,132,213,295,25,94,215,265,53,79,11,3,3,8,1,2
FR_BRE,2020-04-13,508,118,489,136,215,293,26,92,219,270,54,82,9,4,4,5,1,3
FR_BRE,2020-04-14,512,117,510,149,222,290,27,90,225,285,59,90,21,13,6,15,5,8
FR_BRE,2020-04-15,502,106,538,159,214,288,26,80,241,297,63,96,28,10,16,12,4,6
FR_BRE,2020-04-16,483,102,574,165,204,279,25,77,254,320,65,100,36,6,13,23,2,4
FR_BRE,2020-04-17,478,90,594,170,200,278,21,69,267,327,66,104,20,5,13,7,1,4
FR_BRE,2020-04-18,464,86,624,180,197,267,21,65,275,349,71,109,30,10,8,22,5,5
FR_BRE,2020-04-19,457,84,636,184,194,263,19,65,280,356,74,110,12,4,5,7,3,1
FR_BRE,2020-04-20,449,81,647,188,192,257,18,63,284,363,77,111,11,4,4,7,3,1
FR_BRE,2020-04-21,431,76,675,192,196,235,18,58,291,384,79,113,28,4,7,21,2,2
FR_BRE,2020-04-22,426,72,700,192,186,240,17,55,306,394,79,113,25,0,15,10,0,0
FR_BRE,2020-04-23,425,67,721,198,182,243,15,52,315,406,83,115,21,6,9,12,4,2
FR_BRE,2020-04-24,425,58,741,198,187,238,15,43,323,418,83,115,20,0,8,12,0,0
FR_BRE,2020-04-25,409,58,763,201,182,227,15,43,332,431,83,118,22,3,9,13,0,3
FR_BRE,2020-04-26,405,57,769,202,180,225,15,42,335,434,83,119,6,1,3,3,0,1
FR_BRE,2020-04-27,403,56,772,203,180,223,16,40,335,437,84,119,3,1,0,3,1,0
FR_BRE,2020-04-28,390,52,790,206,172,218,15,37,345,445,86,120,18,3,10,8,2,1
FR_BRE,2020-04-29,391,50,808,210,172,219,14,36,356,452,87,123,18,4,11,7,1,3
FR_BRE,2020-04-30,390,47,821,212,173,217,13,34,362,459,88,124,13,2,6,7,1,1
FR_BRE,2020-05-01,372,44,843,212,168,204,12,32,370,473,88,124,22,0,8,14,0,0
FR_BRE,2020-05-02,372,45,850,216,169,203,12,33,373,477,91,125,7,4,3,4,3,1
FR_BRE,2020-05-03,368,45,856,219,167,201,12,33,375,481,91,128,6,3,2,4,0,3
FR_BRE,2020-05-04,365,45,865,222,168,197,13,32,380,485,92,130,9,3,5,4,1,2
FR_BRE,2020-05-05,359,40,877,222,165,194,11,29,387,490,92,130,12,0,7,5,0,0
FR_BRE,2020-05-06,352,40,891,223,162,190,10,30,392,499,93,130,14,1,5,9,1,0
FR_BRE,2020-05-07,337,41,908,224,154,183,12,29,401,507,93,131,17,1,9,8,0,1
FR_BRE,2020-05-08,325,40,925,225,144,181,12,28,413,512,94,131,17,1,12,5,1,0
FR_BRE,2020-05-09,323,42,931,226,145,178,13,29,415,516,94,132,6,1,2,4,0,1
FR_BRE,2020-05-10,323,42,937,227,145,178,12,30,418,519,95,132,6,1,3,3,1,0
FR_BRE,2020-05-11,324,41,940,230,146,178,12,29,418,522,97,133,3,3,0,3,2,1
FR_BRE,2020-05-12,314,35,958,231,142,172,11,24,427,531,98,133,18,1,9,9,1,0
FR_BRE,2020-05-13,286,32,987,232,130,156,9,23,440,547,99,133,29,1,13,16,1,0
FR_BRE,2020-05-14,283,29,994,232,131,152,8,21,442,552,98,134,7,0,2,5,-1,1
FR_BRE,2020-05-15,262,27,1017,233,121,141,8,19,456,561,99,134,23,1,14,9,1,0
FR_BRE,2020-05-16,262,29,1029,235,123,139,8,21,459,570,99,136,12,2,3,9,0,2
FR_BRE,2020-05-17,261,29,1034,236,123,138,8,21,461,573,99,137,5,1,2,3,0,1
FR_BRE,2020-05-18,247,28,1045,239,118,129,10,18,466,579,100,139,11,3,5,6,1,2
FR_BRE,2020-05-19,237,24,1060,240,114,123,8,16,475,585,100,140,15,1,9,6,0,1
FR_BRE,2020-05-20,236,21,1070,240,110,126,6,15,484,586,100,140,10,0,9,1,0,0
FR_BRE,2020-05-21,231,20,1077,241,109,122,6,14,488,589,100,141,7,1,4,3,0,1
FR_BRE,2020-05-22,235,20,1080,242,113,122,6,14,488,592,101,141,3,1,0,3,1,0
FR_BRE,2020-05-23,233,21,1086,242,109,124,6,15,493,593,101,141,6,0,5,1,0,0
FR_BRE,2020-05-24,232,22,1086,242,107,125,7,15,493,593,101,141,0,0,0,0,0,0
FR_BRE,2020-05-25,229,23,1092,244,106,123,7,16,495,597,102,142,6,2,2,4,1,1
FR_BRE,2020-05-26,216,22,1105,246,98,118,7,15,503,602,103,143,13,2,8,5,1,1
FR_BRE,2020-05-27,214,20,1111,248,96,118,6,14,507,604,105,143,6,2,4,2,2,0
FR_BRE,2020-05-28,206,20,1118,249,93,113,5,15,509,609,105,144,7,1,2,5,0,1
FR_BRE,2020-05-29,205,19,1123,249,96,109,6,13,511,612,105,144,5,0,2,3,0,0
FR_BRE,2020-05-30,197,17,1136,249,92,105,5,12,520,616,105,144,13,0,9,4,0,0
FR_BRE,2020-05-31,198,17,1136,249,93,105,5,12,520,616,105,144,0,0,0,0,0,0
FR_BRE,2020-06-01,196,17,1138,251,92,104,5,12,520,618,106,145,2,2,0,2,1,1
FR_BRE,2020-06-02,189,16,1145,252,88,101,3,13,523,622,107,145,7,1,3,4,1,0
FR_BRE,2020-06-03,177,14,1162,253,84,93,3,11,529,633,108,145,17,1,6,11,1,0
FR_BRE,2020-06-04,174,13,1166,254,81,93,3,10,531,635,108,146,4,1,2,2,0,1
FR_BRE,2020-06-05,167,12,1176,255,75,92,2,10,537,639,108,147,10,1,6,4,0,1
FR_BRE,2020-06-06,164,12,1178,255,75,89,2,10,537,641,108,147,2,0,0,2,0,0
FR_BRE,2020-06-07,165,12,1179,255,74,91,2,10,538,641,108,147,1,0,1,0,0,0
FR_BRE,2020-06-08,162,13,1184,255,72,90,2,11,541,643,108,147,5,0,3,2,0,0
FR_BRE,2020-06-09,159,11,1187,255,71,88,2,9,542,645,108,147,3,0,1,2,0,0
FR_BRE,2020-06-10,161,11,1188,255,70,91,2,9,543,645,108,147,1,0,1,0,0,0
FR_BRE,2020-06-11,154,11,1197,255,65,89,3,8,549,648,108,147,9,0,6,3,0,0
FR_BRE,2020-06-12,149,11,1202,256,62,87,3,8,552,650,108,148,5,1,3,2,0,1
FR_BRE,2020-06-13,139,11,1213,256,59,80,3,8,555,658,108,148,11,0,3,8,0,0
FR_BRE,2020-06-14,137,11,1214,257,58,79,3,8,556,658,108,149,1,1,1,0,0,1
FR_BRE,2020-06-15,138,10,1215,257,58,80,3,7,557,658,108,149,1,0,1,0,0,0
FR_BRE,2020-06-16,135,10,1217,257,58,77,3,7,558,659,108,149,2,0,1,1,0,0
FR_BRE,2020-06-17,134,10,1218,257,57,77,3,7,559,659,108,149,1,0,1,0,0,0
FR_BRE,2020-06-18,128,8,1222,257,53,75,3,5,562,660,108,149,4,0,3,1,0,0
FR_BRE,2020-06-19,122,7,1231,257,50,72,2,5,566,665,108,149,9,0,4,5,0,0
FR_BRE,2020-06-20,117,6,1236,257,47,70,1,5,568,668,108,149,5,0,2,3,0,0
FR_BRE,2020-06-21,117,6,1236,257,47,70,1,5,568,668,108,149,0,0,0,0,0,0
FR_BRE_22,2020-03-18,1,1,3,0,0,1,0,1,2,1,0,0,,,,,,
FR_BRE_22,2020-03-19,2,1,3,0,0,2,0,1,2,1,0,0,0,0,0,0,0,0
FR_BRE_22,2020-03-20,5,0,3,1,3,2,0,0,2,1,0,1,0,1,0,0,0,1
FR_BRE_22,2020-03-21,6,0,3,1,4,2,0,0,2,1,0,1,0,0,0,0,0,0
FR_BRE_22,2020-03-22,6,0,3,1,4,2,0,0,2,1,0,1,0,0,0,0,0,0
FR_BRE_22,2020-03-23,8,0,3,1,6,2,0,0,2,1,0,1,0,0,0,0,0,0
FR_BRE_22,2020-03-24,10,1,3,1,7,3,1,0,2,1,0,1,0,0,0,0,0,0
FR_BRE_22,2020-03-25,15,2,3,1,11,4,2,0,2,1,0,1,0,0,0,0,0,0
FR_BRE_22,2020-03-26,22,4,3,1,14,8,2,2,2,1,0,1,0,0,0,0,0,0
FR_BRE_22,2020-03-27,32,5,3,1,20,12,2,3,2,1,0,1,0,0,0,0,0,0
FR_BRE_22,2020-03-28,34,5,6,2,23,11,2,3,2,4,0,2,3,1,0,3,0,1
FR_BRE_22,2020-03-29,36,5,8,3,23,13,2,3,4,4,0,3,2,1,2,0,0,1
FR_BRE_22,2020-03-30,39,5,9,3,25,14,2,3,5,4,0,3,1,0,1,0,0,0
FR_BRE_22,2020-03-31,39,5,10,4,24,15,2,3,6,4,1,3,1,1,1,0,1,0
FR_BRE_22,2020-04-01,47,5,13,6,24,23,2,3,8,5,2,4,3,2,2,1,1,1
FR_BRE_22,2020-04-02,59,16,16,9,27,32,5,11,9,7,4,5,3,3,1,2,2,1
FR_BRE_22,2020-04-03,64,17,20,9,30,34,5,12,11,9,4,5,4,0,2,2,0,0
FR_BRE_22,2020-04-04,62,17,25,10,31,31,5,12,15,10,5,5,5,1,4,1,1,0
FR_BRE_22,2020-04-05,70,16,25,10,37,33,4,12,15,10,5,5,0,0,0,0,0,0
FR_BRE_22,2020-04-06,75,17,29,11,39,36,4,13,18,11,6,5,4,1,3,1,1,0
FR_BRE_22,2020-04-07,69,13,42,13,37,32,3,10,22,20,6,7,13,2,4,9,0,2
FR_BRE_22,2020-04-08,66,13,45,14,35,31,3,10,22,23,7,7,3,1,0,3,1,0
FR_BRE_22,2020-04-09,64,12,49,16,34,30,3,9,25,24,7,9,4,2,3,1,0,2
FR_BRE_22,2020-04-10,70,11,54,17,35,35,3,8,28,26,8,9,5,1,3,2,1,0
FR_BRE_22,2020-04-11,69,12,59,18,33,36,3,9,32,27,8,10,5,1,4,1,0,1
FR_BRE_22,2020-04-12,73,12,61,20,34,39,3,9,33,28,9,11,2,2,1,1,1,1
FR_BRE_22,2020-04-13,74,11,62,20,35,39,3,8,34,28,9,11,1,0,1,0,0,0
FR_BRE_22,2020-04-14,77,10,66,21,38,39,3,7,36,30,9,12,4,1,2,2,0,1
FR_BRE_22,2020-04-15,75,8,72,22,37,38,2,6,40,32,9,13,6,1,4,2,0,1
FR_BRE_22,2020-04-16,69,8,80,22,35,34,2,6,42,38,9,13,8,0,2,6,0,0
FR_BRE_22,2020-04-17,72,8,82,23,37,35,2,6,43,39,9,14,2,1,1,1,0,1
FR_BRE_22,2020-04-18,70,7,85,23,36,34,2,5,44,41,9,14,3,0,1,2,0,0
FR_BRE_22,2020-04-19,65,7,90,23,34,31,2,5,45,45,9,14,5,0,1,4,0,0
FR_BRE_22,2020-04-20,62,7,94,24,34,28,2,5,45,49,9,15,4,1,0,4,0,1
FR_BRE_22,2020-04-21,57,6,101,24,31,26,2,4,51,50,9,15,7,0,6,1,0,0
FR_BRE_22,2020-04-22,57,6,104,24,29,28,2,4,54,50,9,15,3,0,3,0,0,0
FR_BRE_22,2020-04-23,53,6,114,24,27,26,2,4,58,56,9,15,10,0,4,6,0,0
FR_BRE_22,2020-04-24,52,6,116,24,27,25,2,4,59,57,9,15,2,0,1,1,0,0
FR_BRE_22,2020-04-25,52,6,120,24,30,22,2,4,59,61,9,15,4,0,0,4,0,0
FR_BRE_22,2020-04-26,51,6,121,24,29,22,2,4,60,61,9,15,1,0,1,0,0,0
FR_BRE_22,2020-04-27,52,6,122,24,30,22,2,4,60,62,9,15,1,0,0,1,0,0
FR_BRE_22,2020-04-28,51,6,124,24,28,23,2,4,62,62,9,15,2,0,2,0,0,0
FR_BRE_22,2020-04-29,48,5,128,25,27,21,2,3,65,63,9,16,4,1,3,1,0,1
FR_BRE_22,2020-04-30,50,4,130,25,29,21,2,2,65,65,9,16,2,0,0,2,0,0
FR_BRE_22,2020-05-01,46,4,135,25,25,21,2,2,69,66,9,16,5,0,4,1,0,0
FR_BRE_22,2020-05-02,52,4,136,26,29,23,2,2,69,67,10,16,1,1,0,1,1,0
FR_BRE_22,2020-05-03,52,4,136,26,29,23,2,2,69,67,10,16,0,0,0,0,0,0
FR_BRE_22,2020-05-04,52,4,140,26,28,24,2,2,71,69,10,16,4,0,2,2,0,0
FR_BRE_22,2020-05-05,51,3,143,26,27,24,1,2,73,70,10,16,3,0,2,1,0,0
FR_BRE_22,2020-05-06,51,3,147,26,29,22,1,2,74,73,10,16,4,0,1,3,0,0
FR_BRE_22,2020-05-07,51,4,147,27,29,22,2,2,74,73,10,17,0,1,0,0,0,1
FR_BRE_22,2020-05-08,49,4,149,28,27,22,2,2,76,73,11,17,2,1,2,0,1,0
FR_BRE_22,2020-05-09,52,5,149,28,28,24,2,3,76,73,11,17,0,0,0,0,0,0
FR_BRE_22,2020-05-10,51,4,149,29,27,24,1,3,76,73,12,17,0,1,0,0,1,0
FR_BRE_22,2020-05-11,53,5,150,29,29,24,2,3,76,74,12,17,1,0,0,1,0,0
FR_BRE_22,2020-05-12,53,4,152,29,30,23,2,2,77,75,12,17,2,0,1,1,0,0
FR_BRE_22,2020-05-13,51,3,154,30,28,23,1,2,78,76,13,17,2,1,1,1,1,0
FR_BRE_22,2020-05-14,53,4,155,30,28,25,1,3,79,76,13,17,1,0,1,0,0,0
FR_BRE_22,2020-05-15,53,4,158,30,30,23,2,2,79,79,13,17,3,0,0,3,0,0
FR_BRE_22,2020-05-16,55,5,158,30,30,25,2,3,80,78,13,17,0,0,1,-1,0,0
FR_BRE_22,2020-05-17,54,5,159,31,29,25,2,3,81,78,13,18,1,1,1,0,0,1
FR_BRE_22,2020-05-18,51,5,162,31,28,23,2,3,82,80,13,18,3,0,1,2,0,0
FR_BRE_22,2020-05-19,52,3,163,31,28,24,1,2,83,80,13,18,1,0,1,0,0,0
FR_BRE_22,2020-05-20,49,3,166,31,25,24,1,2,85,81,13,18,3,0,2,1,0,0
FR_BRE_22,2020-05-21,48,2,169,31,26,22,1,1,86,83,13,18,3,0,1,2,0,0
FR_BRE_22,2020-05-22,46,2,172,31,27,19,1,1,86,86,13,18,3,0,0,3,0,0
FR_BRE_22,2020-05-23,45,3,176,31,24,21,1,2,90,86,13,18,4,0,4,0,0,0
FR_BRE_22,2020-05-24,45,4,176,31,24,21,2,2,90,86,13,18,0,0,0,0,0,0
FR_BRE_22,2020-05-25,45,4,176,31,24,21,2,2,90,86,13,18,0,0,0,0,0,0
FR_BRE_22,2020-05-26,44,4,178,31,24,20,2,2,91,87,13,18,2,0,1,1,0,0
FR_BRE_22,2020-05-27,44,3,178,32,24,20,2,1,91,87,14,18,0,1,0,0,1,0
FR_BRE_22,2020-05-28,42,3,179,32,24,18,2,1,91,88,14,18,1,0,0,1,0,0
FR_BRE_22,2020-05-29,42,4,181,32,24,18,3,1,92,89,14,18,2,0,1,1,0,0
FR_BRE_22,2020-05-30,40,4,183,32,23,17,3,1,93,90,14,18,2,0,1,1,0,0
FR_BRE_22,2020-05-31,40,4,183,32,23,17,3,1,93,90,14,18,0,0,0,0,0,0
FR_BRE_22,2020-06-01,38,4,184,33,22,16,3,1,93,91,15,18,1,1,0,1,1,0
FR_BRE_22,2020-06-02,36,3,185,34,20,16,2,1,94,91,16,18,1,1,1,0,1,0
FR_BRE_22,2020-06-03,35,3,187,34,19,16,2,1,95,92,16,18,2,0,1,1,0,0
FR_BRE_22,2020-06-04,34,3,187,35,19,15,2,1,95,92,16,19,0,1,0,0,0,1
FR_BRE_22,2020-06-05,33,2,189,36,17,16,1,1,97,92,16,20,2,1,2,0,0,1
FR_BRE_22,2020-06-06,32,2,190,36,17,15,1,1,97,93,16,20,1,0,0,1,0,0
FR_BRE_22,2020-06-07,32,2,190,36,17,15,1,1,97,93,16,20,0,0,0,0,0,0
FR_BRE_22,2020-06-08,33,3,191,36,18,15,1,2,97,94,16,20,1,0,0,1,0,0
FR_BRE_22,2020-06-09,32,3,192,36,18,14,1,2,97,95,16,20,1,0,0,1,0,0
FR_BRE_22,2020-06-10,33,3,192,36,18,15,1,2,97,95,16,20,0,0,0,0,0,0
FR_BRE_22,2020-06-11,31,4,195,36,17,14,2,2,99,96,16,20,3,0,2,1,0,0
FR_BRE_22,2020-06-12,31,4,195,36,17,14,2,2,99,96,16,20,0,0,0,0,0,0
FR_BRE_22,2020-06-13,30,4,196,36,17,13,2,2,99,97,16,20,1,0,0,1,0,0
FR_BRE_22,2020-06-14,28,4,197,37,16,12,2,2,100,97,16,21,1,1,1,0,0,1
FR_BRE_22,2020-06-15,26,3,198,37,15,11,2,1,101,97,16,21,1,0,1,0,0,0
FR_BRE_22,2020-06-16,26,3,198,37,15,11,2,1,101,97,16,21,0,0,0,0,0,0
FR_BRE_22,2020-06-17,26,3,198,37,15,11,2,1,101,97,16,21,0,0,0,0,0,0
FR_BRE_22,2020-06-18,24,3,199,37,14,10,2,1,101,98,16,21,1,0,0,1,0,0
FR_BRE_22,2020-06-19,20,2,202,37,12,8,1,1,103,99,16,21,3,0,2,1,0,0
FR_BRE_22,2020-06-20,19,1,202,37,11,8,0,1,103,99,16,21,0,0,0,0,0,0
FR_BRE_22,2020-06-21,19,1,202,37,11,8,0,1,103,99,16,21,0,0,0,0,0,0
FR_BRE_29,2020-03-18,13,5,3,0,5,8,1,4,1,2,0,0,,,,,,
FR_BRE_29,2020-03-19,17,5,6,0,8,9,1,4,3,3,0,0,3,0,2,1,0,0
FR_BRE_29,2020-03-20,20,4,6,1,11,9,1,3,3,3,0,1,0,1,0,0,0,1
FR_BRE_29,2020-03-21,20,2,6,1,11,9,0,2,3,3,0,1,0,0,0,0,0,0
FR_BRE_29,2020-03-22,17,2,9,2,8,9,0,2,6,3,0,2,3,1,3,0,0,1
FR_BRE_29,2020-03-23,20,1,9,4,9,11,0,1,6,3,1,3,0,2,0,0,1,1
FR_BRE_29,2020-03-24,21,1,14,5,10,11,0,1,9,5,1,4,5,1,3,2,0,1
FR_BRE_29,2020-03-25,33,9,17,5,14,19,3,6,10,7,1,4,3,0,1,2,0,0
FR_BRE_29,2020-03-26,41,9,20,5,14,27,2,7,12,8,1,4,3,0,2,1,0,0
FR_BRE_29,2020-03-27,41,9,23,5,15,26,2,7,12,11,1,4,3,0,0,3,0,0
FR_BRE_29,2020-03-28,48,11,25,5,20,28,2,9,13,12,1,4,2,0,1,1,0,0
FR_BRE_29,2020-03-29,50,11,28,5,20,30,2,9,16,12,1,4,3,0,3,0,0,0
FR_BRE_29,2020-03-30,54,12,29,6,23,31,2,10,16,13,2,4,1,1,0,1,1,0
FR_BRE_29,2020-03-31,49,12,37,7,22,27,1,11,18,19,3,4,8,1,2,6,1,0
FR_BRE_29,2020-04-01,56,17,41,7,23,33,2,15,21,20,3,4,4,0,3,1,0,0
FR_BRE_29,2020-04-02,66,27,47,7,23,43,5,22,25,22,3,4,6,0,4,2,0,0
FR_BRE_29,2020-04-03,74,32,54,7,26,48,6,26,28,26,3,4,7,0,3,4,0,0
FR_BRE_29,2020-04-04,79,33,55,8,28,51,7,26,28,27,3,5,1,1,0,1,0,1
FR_BRE_29,2020-04-05,82,34,58,9,33,49,8,26,29,29,3,6,3,1,1,2,0,1
FR_BRE_29,2020-04-06,93,40,59,9,36,57,9,31,30,29,3,6,1,0,1,0,0,0
FR_BRE_29,2020-04-07,94,42,61,9,34,60,9,33,32,29,3,6,2,0,2,0,0,0
FR_BRE_29,2020-04-08,102,43,65,11,37,65,9,34,34,31,4,7,4,2,2,2,1,1
FR_BRE_29,2020-04-09,109,40,68,11,41,68,9,31,34,34,4,7,3,0,0,3,0,0
FR_BRE_29,2020-04-10,110,40,77,12,40,70,8,32,36,41,5,7,9,1,2,7,1,0
FR_BRE_29,2020-04-11,115,39,81,13,42,73,8,31,37,44,5,8,4,1,1,3,0,1
FR_BRE_29,2020-04-12,122,38,81,13,45,77,8,30,36,45,5,8,0,0,-1,1,0,0
FR_BRE_29,2020-04-13,120,37,83,16,45,75,8,29,37,46,6,10,2,3,1,1,1,2
FR_BRE_29,2020-04-14,119,37,85,19,46,73,8,29,37,48,7,12,2,3,0,2,1,2
FR_BRE_29,2020-04-15,114,34,88,20,45,69,8,26,38,50,7,13,3,1,1,2,0,1
FR_BRE_29,2020-04-16,107,32,96,23,39,68,8,24,42,54,9,14,8,3,4,4,2,1
FR_BRE_29,2020-04-17,101,29,101,25,39,62,8,21,43,58,9,16,5,2,1,4,0,2
FR_BRE_29,2020-04-18,101,27,102,29,39,62,8,19,44,58,10,19,1,4,1,0,1,3
FR_BRE_29,2020-04-19,101,26,104,29,41,60,7,19,44,60,10,19,2,0,0,2,0,0
FR_BRE_29,2020-04-20,97,25,107,30,39,58,7,18,45,62,11,19,3,1,1,2,1,0
FR_BRE_29,2020-04-21,86,25,112,30,37,49,7,18,46,66,11,19,5,0,1,4,0,0
FR_BRE_29,2020-04-22,82,22,118,30,36,46,6,16,48,70,11,19,6,0,2,4,0,0
FR_BRE_29,2020-04-23,79,20,120,33,32,47,6,14,49,71,13,20,2,3,1,1,2,1
FR_BRE_29,2020-04-24,80,19,120,33,33,47,6,13,49,71,13,20,0,0,0,0,0,0
FR_BRE_29,2020-04-25,76,18,121,34,31,45,6,12,50,71,13,21,1,1,1,0,0,1
FR_BRE_29,2020-04-26,75,17,121,35,31,44,6,11,50,71,13,22,0,1,0,0,0,1
FR_BRE_29,2020-04-27,73,16,122,35,31,42,6,10,50,72,13,22,1,0,0,1,0,0
FR_BRE_29,2020-04-28,68,14,125,36,30,38,5,9,51,74,13,23,3,1,1,2,0,1
FR_BRE_29,2020-04-29,64,14,128,37,29,35,5,9,52,76,14,23,3,1,1,2,1,0
FR_BRE_29,2020-04-30,64,14,128,37,29,35,5,9,52,76,14,23,0,0,0,0,0,0
FR_BRE_29,2020-05-01,59,14,133,37,27,32,5,9,54,79,14,23,5,0,2,3,0,0
FR_BRE_29,2020-05-02,59,13,133,37,27,32,5,8,54,79,14,23,0,0,0,0,0,0
FR_BRE_29,2020-05-03,58,13,134,37,27,31,5,8,54,80,14,23,1,0,0,1,0,0
FR_BRE_29,2020-05-04,57,12,134,38,27,30,4,8,54,80,14,24,0,1,0,0,0,1
FR_BRE_29,2020-05-05,57,11,135,38,27,30,3,8,55,80,14,24,1,0,1,0,0,0
FR_BRE_29,2020-05-06,57,12,135,38,26,31,3,9,55,80,14,24,0,0,0,0,0,0
FR_BRE_29,2020-05-07,55,10,137,38,25,30,3,7,56,81,14,24,2,0,1,1,0,0
FR_BRE_29,2020-05-08,51,10,140,38,24,27,3,7,57,83,14,24,3,0,1,2,0,0
FR_BRE_29,2020-05-09,51,10,140,39,25,26,3,7,57,83,14,25,0,1,0,0,0,1
FR_BRE_29,2020-05-10,52,10,139,39,25,27,3,7,57,82,14,25,-1,0,0,-1,0,0
FR_BRE_29,2020-05-11,52,10,141,39,24,28,3,7,58,83,14,25,2,0,1,1,0,0
FR_BRE_29,2020-05-12,49,8,144,39,23,26,3,5,59,85,14,25,3,0,1,2,0,0
FR_BRE_29,2020-05-13,48,7,145,39,22,26,3,4,60,85,14,25,1,0,1,0,0,0
FR_BRE_29,2020-05-14,46,6,147,40,23,23,3,3,60,87,14,26,2,1,0,2,0,1
FR_BRE_29,2020-05-15,37,5,152,40,19,18,2,3,63,89,14,26,5,0,3,2,0,0
FR_BRE_29,2020-05-16,36,4,154,40,18,18,1,3,64,90,14,26,2,0,1,1,0,0
FR_BRE_29,2020-05-17,36,4,154,40,18,18,1,3,64,90,14,26,0,0,0,0,0,0
FR_BRE_29,2020-05-18,36,4,154,40,18,18,1,3,64,90,14,26,0,0,0,0,0,0
FR_BRE_29,2020-05-19,34,2,155,41,19,15,0,2,64,91,14,27,1,1,0,1,0,1
FR_BRE_29,2020-05-20,32,2,156,41,17,15,0,2,65,91,14,27,1,0,1,0,0,0
FR_BRE_29,2020-05-21,29,2,157,41,16,13,0,2,65,92,14,27,1,0,0,1,0,0
FR_BRE_29,2020-05-22,29,2,157,42,16,13,0,2,65,92,15,27,0,1,0,0,1,0
FR_BRE_29,2020-05-23,30,2,157,42,16,14,0,2,65,92,15,27,0,0,0,0,0,0
FR_BRE_29,2020-05-24,28,2,157,42,14,14,0,2,65,92,15,27,0,0,0,0,0,0
FR_BRE_29,2020-05-25,28,2,157,42,14,14,0,2,65,92,15,27,0,0,0,0,0,0
FR_BRE_29,2020-05-26,27,2,157,43,14,13,0,2,65,92,15,28,0,1,0,0,0,1
FR_BRE_29,2020-05-27,29,2,157,43,15,14,0,2,65,92,15,28,0,0,0,0,0,0
FR_BRE_29,2020-05-28,28,2,157,43,14,14,0,2,65,92,15,28,0,0,0,0,0,0
FR_BRE_29,2020-05-29,26,1,158,43,14,12,0,1,65,93,15,28,1,0,0,1,0,0
FR_BRE_29,2020-05-30,26,1,158,43,14,12,0,1,65,93,15,28,0,0,0,0,0,0
FR_BRE_29,2020-05-31,26,1,158,43,14,12,0,1,65,93,15,28,0,0,0,0,0,0
FR_BRE_29,2020-06-01,26,1,159,43,14,12,0,1,65,94,15,28,1,0,0,1,0,0
FR_BRE_29,2020-06-02,26,1,159,43,14,12,0,1,65,94,15,28,0,0,0,0,0,0
FR_BRE_29,2020-06-03,26,1,159,43,14,12,0,1,65,94,15,28,0,0,0,0,0,0
FR_BRE_29,2020-06-04,25,1,159,43,13,12,0,1,65,94,15,28,0,0,0,0,0,0
FR_BRE_29,2020-06-05,24,1,160,43,13,11,0,1,65,95,15,28,1,0,0,1,0,0
FR_BRE_29,2020-06-06,24,1,161,43,13,11,0,1,65,96,15,28,1,0,0,1,0,0
FR_BRE_29,2020-06-07,24,1,161,43,13,11,0,1,65,96,15,28,0,0,0,0,0,0
FR_BRE_29,2020-06-08,21,1,164,43,10,11,0,1,68,96,15,28,3,0,3,0,0,0
FR_BRE_29,2020-06-09,21,1,164,43,10,11,0,1,68,96,15,28,0,0,0,0,0,0
FR_BRE_29,2020-06-10,21,1,164,43,10,11,0,1,68,96,15,28,0,0,0,0,0,0
FR_BRE_29,2020-06-11,20,1,165,43,9,11,0,1,69,96,15,28,1,0,1,0,0,0
FR_BRE_29,2020-06-12,19,1,166,43,8,11,0,1,70,96,15,28,1,0,1,0,0,0
FR_BRE_29,2020-06-13,19,2,166,43,8,11,0,2,70,96,15,28,0,0,0,0,0,0
FR_BRE_29,2020-06-14,19,2,166,43,8,11,0,2,70,96,15,28,0,0,0,0,0,0
FR_BRE_29,2020-06-15,19,2,166,43,8,11,0,2,70,96,15,28,0,0,0,0,0,0
FR_BRE_29,2020-06-16,19,2,166,43,8,11,0,2,70,96,15,28,0,0,0,0,0,0
FR_BRE_29,2020-06-17,19,2,166,43,8,11,0,2,70,96,15,28,0,0,0,0,0,0
FR_BRE_29,2020-06-18,18,0,166,43,8,10,0,0,70,96,15,28,0,0,0,0,0,0
FR_BRE_29,2020-06-19,18,0,166,43,8,10,0,0,70,96,15,28,0,0,0,0,0,0
FR_BRE_29,2020-06-20,18,0,166,43,8,10,0,0,70,96,15,28,0,0,0,0,0,0
FR_BRE_29,2020-06-21,18,0,166,43,8,10,0,0,70,96,15,28,0,0,0,0,0,0
FR_BRE_35,2020-03-18,7,3,0,0,3,4,1,2,0,0,0,0,,,,,,
FR_BRE_35,2020-03-19,16,8,15,0,4,12,2,6,9,6,0,0,15,0,9,6,0,0
FR_BRE_35,2020-03-20,20,9,17,1,4,16,2,7,10,7,0,1,2,1,1,1,0,1
FR_BRE_35,2020-03-21,20,10,18,1,4,16,2,8,10,8,0,1,1,0,0,1,0,0
FR_BRE_35,2020-03-22,27,13,18,1,6,21,2,11,10,8,0,1,0,0,0,0,0,0
FR_BRE_35,2020-03-23,34,14,20,1,10,24,2,12,10,10,0,1,2,0,0,2,0,0
FR_BRE_35,2020-03-24,33,13,26,2,9,24,2,11,13,13,0,2,6,1,3,3,0,1
FR_BRE_35,2020-03-25,41,14,30,2,13,28,2,12,13,17,0,2,4,0,0,4,0,0
FR_BRE_35,2020-03-26,50,14,34,2,21,29,2,12,13,21,0,2,4,0,0,4,0,0
FR_BRE_35,2020-03-27,53,16,38,3,21,32,3,13,15,23,0,3,4,1,2,2,0,1
FR_BRE_35,2020-03-28,65,16,40,5,29,36,4,12,17,23,0,5,2,2,2,0,0,2
FR_BRE_35,2020-03-29,84,15,51,5,33,51,3,12,23,28,0,5,11,0,6,5,0,0
FR_BRE_35,2020-03-30,91,17,53,7,34,57,3,14,24,29,1,6,2,2,1,1,1,1
FR_BRE_35,2020-03-31,94,22,59,9,33,61,4,18,24,35,3,6,6,2,0,6,2,0
FR_BRE_35,2020-04-01,106,25,62,10,34,72,4,21,25,37,4,6,3,1,1,2,1,0
FR_BRE_35,2020-04-02,128,38,68,12,42,86,8,30,27,41,4,8,6,2,2,4,0,2
FR_BRE_35,2020-04-03,129,36,72,16,43,86,7,29,29,43,6,10,4,4,2,2,2,2
FR_BRE_35,2020-04-04,131,38,82,17,48,83,8,30,31,51,7,10,10,1,2,8,1,0
FR_BRE_35,2020-04-05,136,38,83,17,53,83,9,29,31,52,7,10,1,0,0,1,0,0
FR_BRE_35,2020-04-06,156,49,88,20,62,94,14,35,32,56,8,12,5,3,1,4,1,2
FR_BRE_35,2020-04-07,154,44,104,23,66,88,13,31,39,65,9,14,16,3,7,9,1,2
FR_BRE_35,2020-04-08,162,46,113,27,74,88,14,32,41,72,9,18,9,4,2,7,0,4
FR_BRE_35,2020-04-09,173,48,117,27,80,93,13,35,43,74,9,18,4,0,2,2,0,0
FR_BRE_35,2020-04-10,171,42,124,36,79,92,10,32,46,78,14,22,7,9,3,4,5,4
FR_BRE_35,2020-04-11,171,38,135,39,80,91,11,27,53,82,15,24,11,3,7,4,1,2
FR_BRE_35,2020-04-12,181,35,141,39,84,97,10,25,55,86,15,24,6,0,2,4,0,0
FR_BRE_35,2020-04-13,183,35,144,40,86,97,11,24,55,89,15,25,3,1,0,3,0,1
FR_BRE_35,2020-04-14,189,36,152,44,89,100,12,24,57,95,17,27,8,4,2,6,2,2
FR_BRE_35,2020-04-15,195,33,163,48,87,108,12,21,65,98,19,29,11,4,8,3,2,2
FR_BRE_35,2020-04-16,192,32,177,49,85,107,11,21,70,107,20,29,14,1,5,9,1,0
FR_BRE_35,2020-04-17,189,25,186,51,79,110,7,18,79,107,21,30,9,2,9,0,1,1
FR_BRE_35,2020-04-18,177,26,202,56,76,101,7,19,81,121,25,31,16,5,2,14,4,1
FR_BRE_35,2020-04-19,173,26,208,59,72,101,6,20,85,123,28,31,6,3,4,2,3,0
FR_BRE_35,2020-04-20,171,24,210,60,70,101,5,19,87,123,29,31,2,1,2,0,1,0
FR_BRE_35,2020-04-21,168,23,219,63,75,93,6,17,85,134,30,33,9,3,-2,11,1,2
FR_BRE_35,2020-04-22,168,23,229,63,71,97,7,16,93,136,30,33,10,0,8,2,0,0
FR_BRE_35,2020-04-23,168,20,234,66,70,98,5,15,96,138,32,34,5,3,3,2,2,1
FR_BRE_35,2020-04-24,162,16,245,66,69,93,5,11,101,144,32,34,11,0,5,6,0,0
FR_BRE_35,2020-04-25,156,18,257,67,65,91,5,13,106,151,32,35,12,1,5,7,0,1
FR_BRE_35,2020-04-26,155,18,260,67,64,91,5,13,108,152,32,35,3,0,2,1,0,0
FR_BRE_35,2020-04-27,154,18,260,68,63,91,5,13,108,152,33,35,0,1,0,0,1,0
FR_BRE_35,2020-04-28,148,17,268,69,60,88,5,12,112,156,34,35,8,1,4,4,1,0
FR_BRE_35,2020-04-29,149,15,274,70,59,90,4,11,116,158,34,36,6,1,4,2,0,1
FR_BRE_35,2020-04-30,149,15,277,70,59,90,4,11,117,160,34,36,3,0,1,2,0,0
FR_BRE_35,2020-05-01,142,13,286,70,59,83,4,9,119,167,34,36,9,0,2,7,0,0
FR_BRE_35,2020-05-02,138,14,290,72,57,81,4,10,121,169,35,37,4,2,2,2,1,1
FR_BRE_35,2020-05-03,136,14,293,74,56,80,4,10,122,171,35,39,3,2,1,2,0,2
FR_BRE_35,2020-05-04,136,14,295,75,57,79,4,10,123,172,36,39,2,1,1,1,1,0
FR_BRE_35,2020-05-05,132,12,300,75,55,77,4,8,125,175,36,39,5,0,2,3,0,0
FR_BRE_35,2020-05-06,130,10,303,76,55,75,3,7,126,177,37,39,3,1,1,2,1,0
FR_BRE_35,2020-05-07,118,10,316,76,49,69,3,7,133,183,37,39,13,0,7,6,0,0
FR_BRE_35,2020-05-08,114,9,324,76,45,69,3,6,138,186,37,39,8,0,5,3,0,0
FR_BRE_35,2020-05-09,112,9,326,76,44,68,3,6,139,187,37,39,2,0,1,1,0,0
FR_BRE_35,2020-05-10,112,9,328,76,46,66,3,6,139,189,37,39,2,0,0,2,0,0
FR_BRE_35,2020-05-11,110,8,329,78,46,64,2,6,139,190,38,40,1,2,0,1,1,1
FR_BRE_35,2020-05-12,103,5,338,79,43,60,1,4,144,194,39,40,9,1,5,4,1,0
FR_BRE_35,2020-05-13,92,5,351,79,40,52,1,4,149,202,39,40,13,0,5,8,0,0
FR_BRE_35,2020-05-14,92,5,352,78,41,51,1,4,149,203,38,40,1,-1,0,1,-1,0
FR_BRE_35,2020-05-15,83,4,364,79,36,47,1,3,157,207,39,40,12,1,8,4,1,0
FR_BRE_35,2020-05-16,82,5,372,81,38,44,1,4,158,214,39,42,8,2,1,7,0,2
FR_BRE_35,2020-05-17,84,5,374,81,39,45,1,4,159,215,39,42,2,0,1,1,0,0
FR_BRE_35,2020-05-18,85,6,374,81,40,45,2,4,159,215,39,42,0,0,0,0,0,0
FR_BRE_35,2020-05-19,86,6,376,81,41,45,2,4,160,216,39,42,2,0,1,1,0,0
FR_BRE_35,2020-05-20,89,5,379,81,42,47,2,3,162,217,39,42,3,0,2,1,0,0
FR_BRE_35,2020-05-21,88,5,381,82,41,47,2,3,164,217,39,43,2,1,2,0,0,1
FR_BRE_35,2020-05-22,94,5,381,82,44,50,2,3,164,217,39,43,0,0,0,0,0,0
FR_BRE_35,2020-05-23,93,5,382,82,43,50,2,3,165,217,39,43,1,0,1,0,0,0
FR_BRE_35,2020-05-24,94,5,382,82,43,51,2,3,165,217,39,43,0,0,0,0,0,0
FR_BRE_35,2020-05-25,90,6,387,83,41,49,2,4,167,220,39,44,5,1,2,3,0,1
FR_BRE_35,2020-05-26,84,7,395,83,37,47,3,4,171,224,39,44,8,0,4,4,0,0
FR_BRE_35,2020-05-27,81,6,398,84,36,45,2,4,173,225,40,44,3,1,2,1,1,0
FR_BRE_35,2020-05-28,76,5,403,84,35,41,1,4,174,229,40,44,5,0,1,4,0,0
FR_BRE_35,2020-05-29,78,5,403,84,37,41,1,4,174,229,40,44,0,0,0,0,0,0
FR_BRE_35,2020-05-30,70,5,412,84,31,39,1,4,181,231,40,44,9,0,7,2,0,0
FR_BRE_35,2020-05-31,70,5,412,84,31,39,1,4,181,231,40,44,0,0,0,0,0,0
FR_BRE_35,2020-06-01,70,5,412,85,31,39,1,4,181,231,40,45,0,1,0,0,0,1
FR_BRE_35,2020-06-02,70,5,412,85,31,39,1,4,181,231,40,45,0,0,0,0,0,0
FR_BRE_35,2020-06-03,60,3,424,86,29,31,1,2,184,240,41,45,12,1,3,9,1,0
FR_BRE_35,2020-06-04,60,3,425,86,29,31,1,2,184,241,41,45,1,0,0,1,0,0
FR_BRE_35,2020-06-05,58,3,430,86,27,31,1,2,187,243,41,45,5,0,3,2,0,0
FR_BRE_35,2020-06-06,59,3,430,86,27,32,1,2,187,243,41,45,0,0,0,0,0,0
FR_BRE_35,2020-06-07,59,3,431,86,26,33,1,2,188,243,41,45,1,0,1,0,0,0
FR_BRE_35,2020-06-08,58,3,432,86,26,32,1,2,188,244,41,45,1,0,0,1,0,0
FR_BRE_35,2020-06-09,58,3,432,86,26,32,1,2,188,244,41,45,0,0,0,0,0,0
FR_BRE_35,2020-06-10,60,3,432,86,26,34,1,2,188,244,41,45,0,0,0,0,0,0
FR_BRE_35,2020-06-11,57,3,436,86,23,34,1,2,191,245,41,45,4,0,3,1,0,0
FR_BRE_35,2020-06-12,56,3,438,86,23,33,1,2,191,247,41,45,2,0,0,2,0,0
FR_BRE_35,2020-06-13,54,3,440,86,22,32,1,2,192,248,41,45,2,0,1,1,0,0
FR_BRE_35,2020-06-14,54,3,440,86,22,32,1,2,192,248,41,45,0,0,0,0,0,0
FR_BRE_35,2020-06-15,57,3,440,86,23,34,1,2,192,248,41,45,0,0,0,0,0,0
FR_BRE_35,2020-06-16,55,3,441,86,23,32,1,2,193,248,41,45,1,0,1,0,0,0
FR_BRE_35,2020-06-17,54,3,442,86,22,32,1,2,194,248,41,45,1,0,1,0,0,0
FR_BRE_35,2020-06-18,53,3,443,86,21,32,1,2,195,248,41,45,1,0,1,0,0,0
FR_BRE_35,2020-06-19,52,3,447,86,22,30,1,2,195,252,41,45,4,0,0,4,0,0
FR_BRE_35,2020-06-20,51,3,449,86,22,29,1,2,195,254,41,45,2,0,0,2,0,0
FR_BRE_35,2020-06-21,51,3,449,86,22,29,1,2,195,254,41,45,0,0,0,0,0,0
FR_BRE_56,2020-03-18,39,14,63,7,17,22,4,10,35,28,2,5,,,,,,
FR_BRE_56,2020-03-19,42,12,53,9,16,26,3,9,31,22,4,5,-10,2,-4,-6,2,0
FR_BRE_56,2020-03-20,49,12,29,9,21,28,3,9,15,14,4,5,-24,0,-16,-8,0,0
FR_BRE_56,2020-03-21,62,11,28,12,28,34,3,8,16,12,5,7,-1,3,1,-2,1,2
FR_BRE_56,2020-03-22,77,15,29,13,30,47,3,12,17,12,5,8,1,1,1,0,0,1
FR_BRE_56,2020-03-23,67,14,36,17,25,42,3,11,20,16,7,10,7,4,3,4,2,2
FR_BRE_56,2020-03-24,67,14,43,17,26,41,2,12,24,19,7,10,7,0,4,3,0,0
FR_BRE_56,2020-03-25,69,13,52,20,25,44,1,12,28,24,8,12,9,3,4,5,1,2
FR_BRE_56,2020-03-26,89,18,57,21,29,60,1,17,31,26,8,13,5,1,3,2,0,1
FR_BRE_56,2020-03-27,89,19,67,25,28,61,1,18,35,32,10,15,10,4,4,6,2,2
FR_BRE_56,2020-03-28,93,25,74,25,31,62,2,23,38,36,10,15,7,0,3,4,0,0
FR_BRE_56,2020-03-29,98,26,79,28,32,66,2,24,41,38,12,16,5,3,3,2,2,1
FR_BRE_56,2020-03-30,106,29,79,29,41,65,2,27,40,39,12,17,0,1,-1,1,0,1
FR_BRE_56,2020-03-31,117,30,81,30,45,72,4,26,42,39,12,18,2,1,2,0,0,1
FR_BRE_56,2020-04-01,133,32,86,32,57,76,5,27,46,40,13,19,5,2,4,1,1,1
FR_BRE_56,2020-04-02,138,30,95,35,54,84,4,26,52,43,15,20,9,3,6,3,2,1
FR_BRE_56,2020-04-03,143,29,98,37,60,83,5,24,54,44,15,22,3,2,2,1,0,2
FR_BRE_56,2020-04-04,136,24,110,40,58,78,3,21,58,52,16,24,12,3,4,8,1,2
FR_BRE_56,2020-04-05,134,23,113,45,55,79,3,20,60,53,18,27,3,5,2,1,2,3
FR_BRE_56,2020-04-06,147,35,119,48,56,91,4,31,62,57,20,28,6,3,2,4,2,1
FR_BRE_56,2020-04-07,144,34,127,52,53,91,3,31,65,62,22,30,8,4,3,5,2,2
FR_BRE_56,2020-04-08,154,34,149,55,57,97,4,30,72,77,23,32,22,3,7,15,1,2
FR_BRE_56,2020-04-09,147,33,162,55,56,91,3,30,75,87,23,32,13,0,3,10,0,0
FR_BRE_56,2020-04-10,139,34,175,56,57,82,4,30,80,95,23,33,13,1,5,8,0,1
FR_BRE_56,2020-04-11,130,35,194,59,49,81,3,32,90,104,24,35,19,3,10,9,1,2
FR_BRE_56,2020-04-12,132,34,197,60,50,82,4,30,91,106,24,36,3,1,1,2,0,1
FR_BRE_56,2020-04-13,131,35,200,60,49,82,4,31,93,107,24,36,3,0,2,1,0,0
FR_BRE_56,2020-04-14,127,34,207,65,49,78,4,30,95,112,26,39,7,5,2,5,2,3
FR_BRE_56,2020-04-15,118,31,215,69,45,73,4,27,98,117,28,41,8,4,3,5,2,2
FR_BRE_56,2020-04-16,115,30,221,71,45,70,4,26,100,121,27,44,6,2,2,4,-1,3
FR_BRE_56,2020-04-17,116,28,225,71,45,71,4,24,102,123,27,44,4,0,2,2,0,0
FR_BRE_56,2020-04-18,116,26,235,72,46,70,4,22,106,129,27,45,10,1,4,6,0,1
FR_BRE_56,2020-04-19,118,25,234,73,47,71,4,21,106,128,27,46,-1,1,0,-1,0,1
FR_BRE_56,2020-04-20,119,25,236,74,49,70,4,21,107,129,28,46,2,1,1,1,1,0
FR_BRE_56,2020-04-21,120,22,243,75,53,67,3,19,109,134,29,46,7,1,2,5,1,0
FR_BRE_56,2020-04-22,119,21,249,75,50,69,2,19,111,138,29,46,6,0,2,4,0,0
FR_BRE_56,2020-04-23,125,21,253,75,53,72,2,19,112,141,29,46,4,0,1,3,0,0
FR_BRE_56,2020-04-24,131,17,260,75,58,73,2,15,114,146,29,46,7,0,2,5,0,0
FR_BRE_56,2020-04-25,125,16,265,76,56,69,2,14,117,148,29,47,5,1,3,2,0,1
FR_BRE_56,2020-04-26,124,16,267,76,56,68,2,14,117,150,29,47,2,0,0,2,0,0
FR_BRE_56,2020-04-27,124,16,268,76,56,68,3,13,117,151,29,47,1,0,0,1,0,0
FR_BRE_56,2020-04-28,123,15,273,77,54,69,3,12,120,153,30,47,5,1,3,2,1,0
FR_BRE_56,2020-04-29,130,16,278,78,57,73,3,13,123,155,30,48,5,1,3,2,0,1
FR_BRE_56,2020-04-30,127,14,286,80,56,71,2,12,128,158,31,49,8,2,5,3,1,1
FR_BRE_56,2020-05-01,125,13,289,80,57,68,1,12,128,161,31,49,3,0,0,3,0,0
FR_BRE_56,2020-05-02,123,14,291,81,56,67,1,13,129,162,32,49,2,1,1,1,1,0
FR_BRE_56,2020-05-03,122,14,293,82,55,67,1,13,130,163,32,50,2,1,1,1,0,1
FR_BRE_56,2020-05-04,120,15,296,83,56,64,3,12,132,164,32,51,3,1,2,1,0,1
FR_BRE_56,2020-05-05,119,14,299,83,56,63,3,11,134,165,32,51,3,0,2,1,0,0
FR_BRE_56,2020-05-06,114,15,306,83,52,62,3,12,137,169,32,51,7,0,3,4,0,0
FR_BRE_56,2020-05-07,113,17,308,83,51,62,4,13,138,170,32,51,2,0,1,1,0,0
FR_BRE_56,2020-05-08,111,17,312,83,48,63,4,13,142,170,32,51,4,0,4,0,0,0
FR_BRE_56,2020-05-09,108,18,316,83,48,60,5,13,143,173,32,51,4,0,1,3,0,0
FR_BRE_56,2020-05-10,108,19,321,83,47,61,5,14,146,175,32,51,5,0,3,2,0,0
FR_BRE_56,2020-05-11,109,18,320,84,47,62,5,13,145,175,33,51,-1,1,-1,0,1,0
FR_BRE_56,2020-05-12,109,18,324,84,46,63,5,13,147,177,33,51,4,0,2,2,0,0
FR_BRE_56,2020-05-13,95,17,337,84,40,55,4,13,153,184,33,51,13,0,6,7,0,0
FR_BRE_56,2020-05-14,92,14,340,84,39,53,3,11,154,186,33,51,3,0,1,2,0,0
FR_BRE_56,2020-05-15,89,14,343,84,36,53,3,11,157,186,33,51,3,0,3,0,0,0
FR_BRE_56,2020-05-16,89,15,345,84,37,52,4,11,157,188,33,51,2,0,0,2,0,0
FR_BRE_56,2020-05-17,87,15,347,84,37,50,4,11,157,190,33,51,2,0,0,2,0,0
FR_BRE_56,2020-05-18,75,13,355,87,32,43,5,8,161,194,34,53,8,3,4,4,1,2
FR_BRE_56,2020-05-19,65,13,366,87,26,39,5,8,168,198,34,53,11,0,7,4,0,0
FR_BRE_56,2020-05-20,66,11,369,87,26,40,3,8,172,197,34,53,3,0,4,-1,0,0
FR_BRE_56,2020-05-21,66,11,370,87,26,40,3,8,173,197,34,53,1,0,1,0,0,0
FR_BRE_56,2020-05-22,66,11,370,87,26,40,3,8,173,197,34,53,0,0,0,0,0,0
FR_BRE_56,2020-05-23,65,11,371,87,26,39,3,8,173,198,34,53,1,0,0,1,0,0
FR_BRE_56,2020-05-24,65,11,371,87,26,39,3,8,173,198,34,53,0,0,0,0,0,0
FR_BRE_56,2020-05-25,66,11,372,88,27,39,3,8,173,199,35,53,1,1,0,1,1,0
FR_BRE_56,2020-05-26,61,9,375,89,23,38,2,7,176,199,36,53,3,1,3,0,1,0
FR_BRE_56,2020-05-27,60,9,378,89,21,39,2,7,178,200,36,53,3,0,2,1,0,0
FR_BRE_56,2020-05-28,60,10,379,90,20,40,2,8,179,200,36,54,1,1,1,0,0,1
FR_BRE_56,2020-05-29,59,9,381,90,21,38,2,7,180,201,36,54,2,0,1,1,0,0
FR_BRE_56,2020-05-30,61,7,383,90,24,37,1,6,181,202,36,54,2,0,1,1,0,0
FR_BRE_56,2020-05-31,62,7,383,90,25,37,1,6,181,202,36,54,0,0,0,0,0,0
FR_BRE_56,2020-06-01,62,7,383,90,25,37,1,6,181,202,36,54,0,0,0,0,0,0
FR_BRE_56,2020-06-02,57,7,389,90,23,34,0,7,183,206,36,54,6,0,2,4,0,0
FR_BRE_56,2020-06-03,56,7,392,90,22,34,0,7,185,207,36,54,3,0,2,1,0,0
FR_BRE_56,2020-06-04,55,6,395,90,20,35,0,6,187,208,36,54,3,0,2,1,0,0
FR_BRE_56,2020-06-05,52,6,397,90,18,34,0,6,188,209,36,54,2,0,1,1,0,0
FR_BRE_56,2020-06-06,49,6,397,90,18,31,0,6,188,209,36,54,0,0,0,0,0,0
FR_BRE_56,2020-06-07,50,6,397,90,18,32,0,6,188,209,36,54,0,0,0,0,0,0
FR_BRE_56,2020-06-08,50,6,397,90,18,32,0,6,188,209,36,54,0,0,0,0,0,0
FR_BRE_56,2020-06-09,48,4,399,90,17,31,0,4,189,210,36,54,2,0,1,1,0,0
FR_BRE_56,2020-06-10,47,4,400,90,16,31,0,4,190,210,36,54,1,0,1,0,0,0
FR_BRE_56,2020-06-11,46,3,401,90,16,30,0,3,190,211,36,54,1,0,0,1,0,0
FR_BRE_56,2020-06-12,43,3,403,91,14,29,0,3,192,211,36,55,2,1,2,0,0,1
FR_BRE_56,2020-06-13,36,2,411,91,12,24,0,2,194,217,36,55,8,0,2,6,0,0
FR_BRE_56,2020-06-14,36,2,411,91,12,24,0,2,194,217,36,55,0,0,0,0,0,0
FR_BRE_56,2020-06-15,36,2,411,91,12,24,0,2,194,217,36,55,0,0,0,0,0,0
FR_BRE_56,2020-06-16,35,2,412,91,12,23,0,2,194,218,36,55,1,0,0,1,0,0
FR_BRE_56,2020-06-17,35,2,412,91,12,23,0,2,194,218,36,55,0,0,0,0,0,0
FR_BRE_56,2020-06-18,33,2,414,91,10,23,0,2,196,218,36,55,2,0,2,0,0,0
FR_BRE_56,2020-06-19,32,2,416,91,8,24,0,2,198,218,36,55,2,0,2,0,0,0
FR_BRE_56,2020-06-20,29,2,419,91,6,23,0,2,200,219,36,55,3,0,2,1,0,0
FR_BRE_56,2020-06-21,29,2,419,91,6,23,0,2,200,219,36,55,0,0,0,0,0,0
FR_COR,2020-03-18,0,0,0,0,0,0,0,0,0,0,0,0,,,,,,
FR_COR,2020-03-19,1,0,1,1,0,1,0,0,0,1,1,0,1,1,0,1,1,0
FR_COR,2020-03-20,66,14,33,3,28,38,5,9,15,18,2,1,32,2,15,17,1,1
FR_COR,2020-03-21,68,14,35,4,29,39,4,10,17,18,3,1,2,1,2,0,1,0
FR_COR,2020-03-22,64,13,36,6,26,38,3,10,18,18,4,2,1,2,1,0,1,1
FR_COR,2020-03-23,65,9,45,7,32,33,4,5,23,22,4,3,9,1,5,4,0,1
FR_COR,2020-03-24,70,9,51,7,38,32,4,5,25,26,4,3,6,0,2,4,0,0
FR_COR,2020-03-25,81,9,54,15,39,42,4,5,27,27,7,8,3,8,2,1,3,5
FR_COR,2020-03-26,95,13,63,19,46,49,4,9,31,32,8,11,9,4,4,5,1,3
FR_COR,2020-03-27,102,13,70,19,47,55,4,9,35,35,8,11,7,0,4,3,0,0
FR_COR,2020-03-28,108,18,71,19,56,52,6,12,35,36,8,11,1,0,0,1,0,0
FR_COR,2020-03-29,98,20,79,19,50,48,5,15,39,40,8,11,8,0,4,4,0,0
FR_COR,2020-03-30,98,20,91,19,51,47,5,15,47,44,8,11,12,0,8,4,0,0
FR_COR,2020-03-31,98,22,100,20,51,47,5,17,51,49,8,12,9,1,4,5,0,1
FR_COR,2020-04-01,95,25,102,21,48,47,6,19,53,49,8,13,2,1,2,0,0,1
FR_COR,2020-04-02,86,25,110,23,43,43,7,18,55,55,8,15,8,2,2,6,0,2
FR_COR,2020-04-03,88,25,116,26,45,43,7,18,59,57,8,18,6,3,4,2,0,3
FR_COR,2020-04-04,97,26,116,26,50,47,7,19,58,58,8,18,0,0,-1,1,0,0
FR_COR,2020-04-05,95,26,117,26,50,45,7,19,58,59,8,18,1,0,0,1,0,0
FR_COR,2020-04-06,92,24,115,30,51,41,7,17,57,58,8,22,-2,4,-1,-1,0,4
FR_COR,2020-04-07,94,23,113,32,55,39,8,15,55,58,9,23,-2,2,-2,0,1,1
FR_COR,2020-04-08,90,21,110,32,54,36,7,14,56,54,9,23,-3,0,1,-4,0,0
FR_COR,2020-04-09,88,19,112,34,52,36,5,14,58,54,9,25,2,2,2,0,0,2
FR_COR,2020-04-10,78,15,120,35,46,32,3,12,63,57,10,25,8,1,5,3,1,0
FR_COR,2020-04-11,76,15,122,36,44,32,3,12,65,57,10,26,2,1,2,0,0,1
FR_COR,2020-04-12,74,14,126,36,44,30,2,12,67,59,10,26,4,0,2,2,0,0
FR_COR,2020-04-13,75,15,126,38,43,32,2,13,67,59,11,27,0,2,0,0,1,1
FR_COR,2020-04-14,74,16,129,38,43,31,3,13,68,61,11,27,3,0,1,2,0,0
FR_COR,2020-04-15,83,16,131,41,45,38,3,13,69,62,14,27,2,3,1,1,3,0
FR_COR,2020-04-16,84,15,134,41,44,40,3,12,71,63,14,27,3,0,2,1,0,0
FR_COR,2020-04-17,84,14,135,42,46,38,4,10,71,64,14,28,1,1,0,1,0,1
FR_COR,2020-04-18,76,12,146,42,44,32,3,9,75,71,14,28,11,0,4,7,0,0
FR_COR,2020-04-19,75,12,150,44,41,34,3,9,78,72,16,28,4,2,3,1,2,0
FR_COR,2020-04-20,70,13,152,47,40,30,4,9,78,74,17,30,2,3,0,2,1,2
FR_COR,2020-04-21,67,13,157,48,41,26,5,8,79,78,18,30,5,1,1,4,1,0
FR_COR,2020-04-22,69,11,162,49,40,29,3,8,84,78,18,31,5,1,5,0,0,1
FR_COR,2020-04-23,66,9,166,49,38,28,2,7,87,79,18,31,4,0,3,1,0,0
FR_COR,2020-04-24,70,9,168,49,41,29,2,7,88,80,18,31,2,0,1,1,0,0
FR_COR,2020-04-25,64,9,172,50,38,26,2,7,90,82,18,32,4,1,2,2,0,1
FR_COR,2020-04-26,64,9,172,50,38,26,2,7,90,82,18,32,0,0,0,0,0,0
FR_COR,2020-04-27,64,8,172,50,38,26,2,6,90,82,18,32,0,0,0,0,0,0
FR_COR,2020-04-28,62,8,175,50,38,24,2,6,91,84,18,32,3,0,1,2,0,0
FR_COR,2020-04-29,56,8,186,50,33,23,2,6,99,87,18,32,11,0,8,3,0,0
FR_COR,2020-04-30,57,8,188,50,34,23,2,6,100,88,18,32,2,0,1,1,0,0
FR_COR,2020-05-01,59,8,189,50,36,23,2,6,101,88,18,32,1,0,1,0,0,0
FR_COR,2020-05-02,57,8,191,50,36,21,2,6,101,90,18,32,2,0,0,2,0,0
FR_COR,2020-05-03,56,8,191,51,35,21,2,6,101,90,19,32,0,1,0,0,1,0
FR_COR,2020-05-04,57,8,192,51,36,21,2,6,101,91,19,32,1,0,0,1,0,0
FR_COR,2020-05-05,56,6,194,51,35,21,2,4,102,92,19,32,2,0,1,1,0,0
FR_COR,2020-05-06,54,6,195,52,33,21,2,4,103,92,20,32,1,1,1,0,1,0
FR_COR,2020-05-07,52,6,197,52,33,19,2,4,103,94,20,32,2,0,0,2,0,0
FR_COR,2020-05-08,50,6,199,52,31,19,2,4,105,94,20,32,2,0,2,0,0,0
FR_COR,2020-05-09,51,6,199,52,31,20,2,4,105,94,20,32,0,0,0,0,0,0
FR_COR,2020-05-10,51,6,199,52,31,20,2,4,105,94,20,32,0,0,0,0,0,0
FR_COR,2020-05-11,52,6,199,52,32,20,2,4,105,94,20,32,0,0,0,0,0,0
FR_COR,2020-05-12,51,9,204,53,31,20,3,6,107,97,21,32,5,1,2,3,1,0
FR_COR,2020-05-13,48,7,206,54,29,19,1,6,108,98,22,32,2,1,1,1,1,0
FR_COR,2020-05-14,48,8,207,54,29,19,2,6,108,99,22,32,1,0,0,1,0,0
FR_COR,2020-05-15,42,5,211,56,24,18,2,3,111,100,24,32,4,2,3,1,2,0
FR_COR,2020-05-16,42,5,211,56,24,18,2,3,111,100,24,32,0,0,0,0,0,0
FR_COR,2020-05-17,42,5,211,56,24,18,2,3,111,100,24,32,0,0,0,0,0,0
FR_COR,2020-05-18,40,4,212,57,22,18,1,3,112,100,25,32,1,1,1,0,1,0
FR_COR,2020-05-19,39,4,214,57,21,18,1,3,114,100,25,32,2,0,2,0,0,0
FR_COR,2020-05-20,36,4,217,57,19,17,1,3,116,101,25,32,3,0,2,1,0,0
FR_COR,2020-05-21,36,4,217,57,19,17,1,3,116,101,25,32,0,0,0,0,0,0
FR_COR,2020-05-22,35,4,218,57,19,16,1,3,116,102,25,32,1,0,0,1,0,0
FR_COR,2020-05-23,35,4,218,57,19,16,1,3,116,102,25,32,0,0,0,0,0,0
FR_COR,2020-05-24,34,4,218,58,18,16,1,3,116,102,26,32,0,1,0,0,1,0
FR_COR,2020-05-25,34,4,218,58,18,16,1,3,116,102,26,32,0,0,0,0,0,0
FR_COR,2020-05-26,35,5,218,58,18,17,1,4,116,102,26,32,0,0,0,0,0,0
FR_COR,2020-05-27,30,5,224,58,15,15,1,4,119,105,26,32,6,0,3,3,0,0
FR_COR,2020-05-28,29,5,225,58,15,14,1,4,119,106,26,32,1,0,0,1,0,0
FR_COR,2020-05-29,27,5,228,58,14,13,1,4,120,108,26,32,3,0,1,2,0,0
FR_COR,2020-05-30,27,5,228,58,14,13,1,4,120,108,26,32,0,0,0,0,0,0
FR_COR,2020-05-31,27,5,228,58,14,13,1,4,120,108,26,32,0,0,0,0,0,0
FR_COR,2020-06-01,27,5,228,58,14,13,1,4,120,108,26,32,0,0,0,0,0,0
FR_COR,2020-06-02,27,5,228,58,14,13,1,4,120,108,26,32,0,0,0,0,0,0
FR_COR,2020-06-03,26,5,229,58,13,13,1,4,121,108,26,32,1,0,1,0,0,0
FR_COR,2020-06-04,24,6,232,58,11,13,1,5,123,109,26,32,3,0,2,1,0,0
FR_COR,2020-06-05,24,6,232,58,11,13,1,5,123,109,26,32,0,0,0,0,0,0
FR_COR,2020-06-06,25,6,232,58,11,14,1,5,123,109,26,32,0,0,0,0,0,0
FR_COR,2020-06-07,25,6,232,58,11,14,1,5,123,109,26,32,0,0,0,0,0,0
FR_COR,2020-06-08,26,6,233,58,12,14,1,5,123,110,26,32,1,0,0,1,0,0
FR_COR,2020-06-09,26,6,233,58,12,14,1,5,123,110,26,32,0,0,0,0,0,0
FR_COR,2020-06-10,25,6,234,58,12,13,1,5,123,111,26,32,1,0,0,1,0,0
FR_COR,2020-06-11,25,6,234,58,12,13,1,5,123,111,26,32,0,0,0,0,0,0
FR_COR,2020-06-12,22,3,236,59,11,11,1,2,124,112,26,33,2,1,1,1,0,1
FR_COR,2020-06-13,18,3,240,59,8,10,1,2,127,113,26,33,4,0,3,1,0,0
FR_COR,2020-06-14,18,3,240,59,8,10,1,2,127,113,26,33,0,0,0,0,0,0
FR_COR,2020-06-15,16,3,242,59,8,8,1,2,127,115,26,33,2,0,0,2,0,0
FR_COR,2020-06-16,16,3,242,59,8,8,1,2,127,115,26,33,0,0,0,0,0,0
FR_COR,2020-06-17,16,2,242,59,8,8,1,1,127,115,26,33,0,0,0,0,0,0
FR_COR,2020-06-18,16,2,242,59,8,8,1,1,127,115,26,33,0,0,0,0,0,0
FR_COR,2020-06-19,16,2,242,59,8,8,1,1,127,115,26,33,0,0,0,0,0,0
FR_COR,2020-06-20,16,2,242,59,8,8,1,1,127,115,26,33,0,0,0,0,0,0
FR_COR,2020-06-21,16,2,242,59,8,8,1,1,127,115,26,33,0,0,0,0,0,0
FR_COR_2A,2020-03-18,0,0,0,0,0,0,0,0,0,0,0,0,,,,,,
FR_COR_2A,2020-03-19,1,0,1,1,0,1,0,0,0,1,1,0,1,1,0,1,1,0
FR_COR_2A,2020-03-20,60,14,10,3,25,35,5,9,3,7,2,1,9,2,3,6,1,1
FR_COR_2A,2020-03-21,62,14,12,4,26,36,4,10,5,7,3,1,2,1,2,0,1,0
FR_COR_2A,2020-03-22,58,13,13,6,23,35,3,10,6,7,4,2,1,2,1,0,1,1
FR_COR_2A,2020-03-23,59,9,14,7,29,30,4,5,7,7,4,3,1,1,1,0,0,1
FR_COR_2A,2020-03-24,63,9,18,7,34,29,4,5,8,10,4,3,4,0,1,3,0,0
FR_COR_2A,2020-03-25,74,9,21,14,35,39,4,5,10,11,7,7,3,7,2,1,3,4
FR_COR_2A,2020-03-26,88,13,22,17,42,46,4,9,11,11,8,9,1,3,1,0,1,2
FR_COR_2A,2020-03-27,95,12,24,17,43,52,3,9,12,12,8,9,2,0,1,1,0,0
FR_COR_2A,2020-03-28,101,17,25,17,52,49,5,12,12,13,8,9,1,0,0,1,0,0
FR_COR_2A,2020-03-29,91,19,31,17,46,45,4,15,15,16,8,9,6,0,3,3,0,0
FR_COR_2A,2020-03-30,91,19,43,17,47,44,4,15,23,20,8,9,12,0,8,4,0,0
FR_COR_2A,2020-03-31,88,21,45,18,44,44,4,17,25,20,8,10,2,1,2,0,0,1
FR_COR_2A,2020-04-01,87,24,45,19,43,44,5,19,25,20,8,11,0,1,0,0,0,1
FR_COR_2A,2020-04-02,74,22,47,21,36,38,5,17,26,21,8,13,2,2,1,1,0,2
FR_COR_2A,2020-04-03,72,22,48,24,38,34,5,17,27,21,8,16,1,3,1,0,0,3
FR_COR_2A,2020-04-04,80,23,46,24,43,37,5,18,25,21,8,16,-2,0,-2,0,0,0
FR_COR_2A,2020-04-05,78,23,48,24,42,36,5,18,26,22,8,16,2,0,1,1,0,0
FR_COR_2A,2020-04-06,76,22,48,27,43,33,5,17,26,22,8,19,0,3,0,0,0,3
FR_COR_2A,2020-04-07,79,21,45,29,47,32,6,15,24,21,9,20,-3,2,-2,-1,1,1
FR_COR_2A,2020-04-08,81,19,45,29,47,34,5,14,25,20,9,20,0,0,1,-1,0,0
FR_COR_2A,2020-04-09,78,17,47,31,45,33,3,14,27,20,9,22,2,2,2,0,0,2
FR_COR_2A,2020-04-10,72,14,51,32,42,30,2,12,29,22,10,22,4,1,2,2,1,0
FR_COR_2A,2020-04-11,70,14,53,33,40,30,2,12,31,22,10,23,2,1,2,0,0,1
FR_COR_2A,2020-04-12,70,14,55,33,42,28,2,12,31,24,10,23,2,0,0,2,0,0
FR_COR_2A,2020-04-13,71,15,55,35,41,30,2,13,31,24,11,24,0,2,0,0,1,1
FR_COR_2A,2020-04-14,71,16,57,35,41,30,3,13,32,25,11,24,2,0,1,1,0,0
FR_COR_2A,2020-04-15,69,15,59,36,40,29,3,12,33,26,12,24,2,1,1,1,1,0
FR_COR_2A,2020-04-16,69,13,60,36,40,29,2,11,33,27,12,24,1,0,0,1,0,0
FR_COR_2A,2020-04-17,70,12,60,37,42,28,3,9,33,27,12,25,0,1,0,0,0,1
FR_COR_2A,2020-04-18,63,10,68,37,39,24,2,8,37,31,12,25,8,0,4,4,0,0
FR_COR_2A,2020-04-19,64,10,70,39,37,27,2,8,39,31,14,25,2,2,2,0,2,0
FR_COR_2A,2020-04-20,62,11,70,41,36,26,3,8,39,31,15,26,0,2,0,0,1,1
FR_COR_2A,2020-04-21,60,11,74,41,37,23,4,7,40,34,15,26,4,0,1,3,0,0
FR_COR_2A,2020-04-22,58,9,79,41,35,23,2,7,45,34,15,26,5,0,5,0,0,0
FR_COR_2A,2020-04-23,55,7,83,41,33,22,1,6,48,35,15,26,4,0,3,1,0,0
FR_COR_2A,2020-04-24,57,7,85,41,35,22,1,6,49,36,15,26,2,0,1,1,0,0
FR_COR_2A,2020-04-25,54,7,87,42,34,20,1,6,50,37,15,27,2,1,1,1,0,1
FR_COR_2A,2020-04-26,54,7,87,42,34,20,1,6,50,37,15,27,0,0,0,0,0,0
FR_COR_2A,2020-04-27,54,7,87,42,34,20,1,6,50,37,15,27,0,0,0,0,0,0
FR_COR_2A,2020-04-28,52,7,89,42,34,18,1,6,50,39,15,27,2,0,0,2,0,0
FR_COR_2A,2020-04-29,46,6,97,42,29,17,1,5,56,41,15,27,8,0,6,2,0,0
FR_COR_2A,2020-04-30,46,6,99,42,29,17,1,5,57,42,15,27,2,0,1,1,0,0
FR_COR_2A,2020-05-01,48,6,100,42,31,17,1,5,58,42,15,27,1,0,1,0,0,0
FR_COR_2A,2020-05-02,48,6,100,42,31,17,1,5,58,42,15,27,0,0,0,0,0,0
FR_COR_2A,2020-05-03,47,6,100,43,30,17,1,5,58,42,16,27,0,1,0,0,1,0
FR_COR_2A,2020-05-04,48,6,99,43,31,17,1,5,57,42,16,27,-1,0,-1,0,0,0
FR_COR_2A,2020-05-05,48,4,99,43,31,17,1,3,57,42,16,27,0,0,0,0,0,0
FR_COR_2A,2020-05-06,47,4,99,44,30,17,1,3,57,42,17,27,0,1,0,0,1,0
FR_COR_2A,2020-05-07,47,4,99,44,30,17,1,3,57,42,17,27,0,0,0,0,0,0
FR_COR_2A,2020-05-08,45,4,101,44,28,17,1,3,59,42,17,27,2,0,2,0,0,0
FR_COR_2A,2020-05-09,46,4,101,44,28,18,1,3,59,42,17,27,0,0,0,0,0,0
FR_COR_2A,2020-05-10,46,4,101,44,28,18,1,3,59,42,17,27,0,0,0,0,0,0
FR_COR_2A,2020-05-11,47,4,101,44,29,18,1,3,59,42,17,27,0,0,0,0,0,0
FR_COR_2A,2020-05-12,42,4,106,44,27,15,1,3,61,45,17,27,5,0,2,3,0,0
FR_COR_2A,2020-05-13,40,3,106,45,26,14,0,3,61,45,18,27,0,1,0,0,1,0
FR_COR_2A,2020-05-14,40,3,107,45,26,14,0,3,61,46,18,27,1,0,0,1,0,0
FR_COR_2A,2020-05-15,36,2,109,47,22,14,0,2,63,46,20,27,2,2,2,0,2,0
FR_COR_2A,2020-05-16,36,2,109,47,22,14,0,2,63,46,20,27,0,0,0,0,0,0
FR_COR_2A,2020-05-17,36,2,109,47,22,14,0,2,63,46,20,27,0,0,0,0,0,0
FR_COR_2A,2020-05-18,35,2,110,47,21,14,0,2,64,46,20,27,1,0,1,0,0,0
FR_COR_2A,2020-05-19,33,2,112,47,19,14,0,2,66,46,20,27,2,0,2,0,0,0
FR_COR_2A,2020-05-20,30,2,115,47,17,13,0,2,68,47,20,27,3,0,2,1,0,0
FR_COR_2A,2020-05-21,30,2,115,47,17,13,0,2,68,47,20,27,0,0,0,0,0,0
FR_COR_2A,2020-05-22,30,2,115,47,17,13,0,2,68,47,20,27,0,0,0,0,0,0
FR_COR_2A,2020-05-23,30,2,115,47,17,13,0,2,68,47,20,27,0,0,0,0,0,0
FR_COR_2A,2020-05-24,29,2,115,48,16,13,0,2,68,47,21,27,0,1,0,0,1,0
FR_COR_2A,2020-05-25,29,2,115,48,16,13,0,2,68,47,21,27,0,0,0,0,0,0
FR_COR_2A,2020-05-26,30,3,115,48,16,14,0,3,68,47,21,27,0,0,0,0,0,0
FR_COR_2A,2020-05-27,24,3,121,48,13,11,0,3,71,50,21,27,6,0,3,3,0,0
FR_COR_2A,2020-05-28,23,3,122,48,13,10,0,3,71,51,21,27,1,0,0,1,0,0
FR_COR_2A,2020-05-29,24,3,122,48,13,11,0,3,71,51,21,27,0,0,0,0,0,0
FR_COR_2A,2020-05-30,24,3,122,48,13,11,0,3,71,51,21,27,0,0,0,0,0,0
FR_COR_2A,2020-05-31,24,3,122,48,13,11,0,3,71,51,21,27,0,0,0,0,0,0
FR_COR_2A,2020-06-01,24,3,122,48,13,11,0,3,71,51,21,27,0,0,0,0,0,0
FR_COR_2A,2020-06-02,24,3,122,48,13,11,0,3,71,51,21,27,0,0,0,0,0,0
FR_COR_2A,2020-06-03,23,3,123,48,12,11,0,3,72,51,21,27,1,0,1,0,0,0
FR_COR_2A,2020-06-04,21,4,126,48,10,11,0,4,74,52,21,27,3,0,2,1,0,0
FR_COR_2A,2020-06-05,21,4,126,48,10,11,0,4,74,52,21,27,0,0,0,0,0,0
FR_COR_2A,2020-06-06,21,4,126,48,10,11,0,4,74,52,21,27,0,0,0,0,0,0
FR_COR_2A,2020-06-07,21,4,126,48,10,11,0,4,74,52,21,27,0,0,0,0,0,0
FR_COR_2A,2020-06-08,23,4,126,48,11,12,0,4,74,52,21,27,0,0,0,0,0,0
FR_COR_2A,2020-06-09,23,4,126,48,11,12,0,4,74,52,21,27,0,0,0,0,0,0
FR_COR_2A,2020-06-10,22,4,127,48,11,11,0,4,74,53,21,27,1,0,0,1,0,0
FR_COR_2A,2020-06-11,22,4,127,48,11,11,0,4,74,53,21,27,0,0,0,0,0,0
FR_COR_2A,2020-06-12,20,2,129,48,10,10,0,2,75,54,21,27,2,0,1,1,0,0
FR_COR_2A,2020-06-13,16,2,133,48,7,9,0,2,78,55,21,27,4,0,3,1,0,0
FR_COR_2A,2020-06-14,16,2,133,48,7,9,0,2,78,55,21,27,0,0,0,0,0,0
FR_COR_2A,2020-06-15,15,2,134,48,7,8,0,2,78,56,21,27,1,0,0,1,0,0
FR_COR_2A,2020-06-16,15,2,134,48,7,8,0,2,78,56,21,27,0,0,0,0,0,0
FR_COR_2A,2020-06-17,15,1,134,48,7,8,0,1,78,56,21,27,0,0,0,0,0,0
FR_COR_2A,2020-06-18,15,1,134,48,7,8,0,1,78,56,21,27,0,0,0,0,0,0
FR_COR_2A,2020-06-19,15,1,134,48,7,8,0,1,78,56,21,27,0,0,0,0,0,0
FR_COR_2A,2020-06-20,15,1,134,48,7,8,0,1,78,56,21,27,0,0,0,0,0,0
FR_COR_2A,2020-06-21,15,1,134,48,7,8,0,1,78,56,21,27,0,0,0,0,0,0
FR_COR_2B,2020-03-18,0,0,0,0,0,0,0,0,0,0,0,0,,,,,,
FR_COR_2B,2020-03-19,0,0,0,0,0,0,0,0,0,0,0,0,0,0,0,0,0,0
FR_COR_2B,2020-03-20,6,0,23,0,3,3,0,0,12,11,0,0,23,0,12,11,0,0
FR_COR_2B,2020-03-21,6,0,23,0,3,3,0,0,12,11,0,0,0,0,0,0,0,0
FR_COR_2B,2020-03-22,6,0,23,0,3,3,0,0,12,11,0,0,0,0,0,0,0,0
FR_COR_2B,2020-03-23,6,0,31,0,3,3,0,0,16,15,0,0,8,0,4,4,0,0
FR_COR_2B,2020-03-24,7,0,33,0,4,3,0,0,17,16,0,0,2,0,1,1,0,0
FR_COR_2B,2020-03-25,7,0,33,1,4,3,0,0,17,16,0,1,0,1,0,0,0,1
FR_COR_2B,2020-03-26,7,0,41,2,4,3,0,0,20,21,0,2,8,1,3,5,0,1
FR_COR_2B,2020-03-27,7,1,46,2,4,3,1,0,23,23,0,2,5,0,3,2,0,0
FR_COR_2B,2020-03-28,7,1,46,2,4,3,1,0,23,23,0,2,0,0,0,0,0,0
FR_COR_2B,2020-03-29,7,1,48,2,4,3,1,0,24,24,0,2,2,0,1,1,0,0
FR_COR_2B,2020-03-30,7,1,48,2,4,3,1,0,24,24,0,2,0,0,0,0,0,0
FR_COR_2B,2020-03-31,10,1,55,2,7,3,1,0,26,29,0,2,7,0,2,5,0,0
FR_COR_2B,2020-04-01,8,1,57,2,5,3,1,0,28,29,0,2,2,0,2,0,0,0
FR_COR_2B,2020-04-02,12,3,63,2,7,5,2,1,29,34,0,2,6,0,1,5,0,0
FR_COR_2B,2020-04-03,16,3,68,2,7,9,2,1,32,36,0,2,5,0,3,2,0,0
FR_COR_2B,2020-04-04,17,3,70,2,7,10,2,1,33,37,0,2,2,0,1,1,0,0
FR_COR_2B,2020-04-05,17,3,69,2,8,9,2,1,32,37,0,2,-1,0,-1,0,0,0
FR_COR_2B,2020-04-06,16,2,67,3,8,8,2,0,31,36,0,3,-2,1,-1,-1,0,1
FR_COR_2B,2020-04-07,15,2,68,3,8,7,2,0,31,37,0,3,1,0,0,1,0,0
FR_COR_2B,2020-04-08,9,2,65,3,7,2,2,0,31,34,0,3,-3,0,0,-3,0,0
FR_COR_2B,2020-04-09,10,2,65,3,7,3,2,0,31,34,0,3,0,0,0,0,0,0
FR_COR_2B,2020-04-10,6,1,69,3,4,2,1,0,34,35,0,3,4,0,3,1,0,0
FR_COR_2B,2020-04-11,6,1,69,3,4,2,1,0,34,35,0,3,0,0,0,0,0,0
FR_COR_2B,2020-04-12,4,0,71,3,2,2,0,0,36,35,0,3,2,0,2,0,0,0
FR_COR_2B,2020-04-13,4,0,71,3,2,2,0,0,36,35,0,3,0,0,0,0,0,0
FR_COR_2B,2020-04-14,3,0,72,3,2,1,0,0,36,36,0,3,1,0,0,1,0,0
FR_COR_2B,2020-04-15,14,1,72,5,5,9,0,1,36,36,2,3,0,2,0,0,2,0
FR_COR_2B,2020-04-16,15,2,74,5,4,11,1,1,38,36,2,3,2,0,2,0,0,0
FR_COR_2B,2020-04-17,14,2,75,5,4,10,1,1,38,37,2,3,1,0,0,1,0,0
FR_COR_2B,2020-04-18,13,2,78,5,5,8,1,1,38,40,2,3,3,0,0,3,0,0
FR_COR_2B,2020-04-19,11,2,80,5,4,7,1,1,39,41,2,3,2,0,1,1,0,0
FR_COR_2B,2020-04-20,8,2,82,6,4,4,1,1,39,43,2,4,2,1,0,2,0,1
FR_COR_2B,2020-04-21,7,2,83,7,4,3,1,1,39,44,3,4,1,1,0,1,1,0
FR_COR_2B,2020-04-22,11,2,83,8,5,6,1,1,39,44,3,5,0,1,0,0,0,1
FR_COR_2B,2020-04-23,11,2,83,8,5,6,1,1,39,44,3,5,0,0,0,0,0,0
FR_COR_2B,2020-04-24,13,2,83,8,6,7,1,1,39,44,3,5,0,0,0,0,0,0
FR_COR_2B,2020-04-25,10,2,85,8,4,6,1,1,40,45,3,5,2,0,1,1,0,0
FR_COR_2B,2020-04-26,10,2,85,8,4,6,1,1,40,45,3,5,0,0,0,0,0,0
FR_COR_2B,2020-04-27,10,1,85,8,4,6,1,0,40,45,3,5,0,0,0,0,0,0
FR_COR_2B,2020-04-28,10,1,86,8,4,6,1,0,41,45,3,5,1,0,1,0,0,0
FR_COR_2B,2020-04-29,10,2,89,8,4,6,1,1,43,46,3,5,3,0,2,1,0,0
FR_COR_2B,2020-04-30,11,2,89,8,5,6,1,1,43,46,3,5,0,0,0,0,0,0
FR_COR_2B,2020-05-01,11,2,89,8,5,6,1,1,43,46,3,5,0,0,0,0,0,0
FR_COR_2B,2020-05-02,9,2,91,8,5,4,1,1,43,48,3,5,2,0,0,2,0,0
FR_COR_2B,2020-05-03,9,2,91,8,5,4,1,1,43,48,3,5,0,0,0,0,0,0
FR_COR_2B,2020-05-04,9,2,93,8,5,4,1,1,44,49,3,5,2,0,1,1,0,0
FR_COR_2B,2020-05-05,8,2,95,8,4,4,1,1,45,50,3,5,2,0,1,1,0,0
FR_COR_2B,2020-05-06,7,2,96,8,3,4,1,1,46,50,3,5,1,0,1,0,0,0
FR_COR_2B,2020-05-07,5,2,98,8,3,2,1,1,46,52,3,5,2,0,0,2,0,0
FR_COR_2B,2020-05-08,5,2,98,8,3,2,1,1,46,52,3,5,0,0,0,0,0,0
FR_COR_2B,2020-05-09,5,2,98,8,3,2,1,1,46,52,3,5,0,0,0,0,0,0
FR_COR_2B,2020-05-10,5,2,98,8,3,2,1,1,46,52,3,5,0,0,0,0,0,0
FR_COR_2B,2020-05-11,5,2,98,8,3,2,1,1,46,52,3,5,0,0,0,0,0,0
FR_COR_2B,2020-05-12,9,5,98,9,4,5,2,3,46,52,4,5,0,1,0,0,1,0
FR_COR_2B,2020-05-13,8,4,100,9,3,5,1,3,47,53,4,5,2,0,1,1,0,0
FR_COR_2B,2020-05-14,8,5,100,9,3,5,2,3,47,53,4,5,0,0,0,0,0,0
FR_COR_2B,2020-05-15,6,3,102,9,2,4,2,1,48,54,4,5,2,0,1,1,0,0
FR_COR_2B,2020-05-16,6,3,102,9,2,4,2,1,48,54,4,5,0,0,0,0,0,0
FR_COR_2B,2020-05-17,6,3,102,9,2,4,2,1,48,54,4,5,0,0,0,0,0,0
FR_COR_2B,2020-05-18,5,2,102,10,1,4,1,1,48,54,5,5,0,1,0,0,1,0
FR_COR_2B,2020-05-19,6,2,102,10,2,4,1,1,48,54,5,5,0,0,0,0,0,0
FR_COR_2B,2020-05-20,6,2,102,10,2,4,1,1,48,54,5,5,0,0,0,0,0,0
FR_COR_2B,2020-05-21,6,2,102,10,2,4,1,1,48,54,5,5,0,0,0,0,0,0
FR_COR_2B,2020-05-22,5,2,103,10,2,3,1,1,48,55,5,5,1,0,0,1,0,0
FR_COR_2B,2020-05-23,5,2,103,10,2,3,1,1,48,55,5,5,0,0,0,0,0,0
FR_COR_2B,2020-05-24,5,2,103,10,2,3,1,1,48,55,5,5,0,0,0,0,0,0
FR_COR_2B,2020-05-25,5,2,103,10,2,3,1,1,48,55,5,5,0,0,0,0,0,0
FR_COR_2B,2020-05-26,5,2,103,10,2,3,1,1,48,55,5,5,0,0,0,0,0,0
FR_COR_2B,2020-05-27,6,2,103,10,2,4,1,1,48,55,5,5,0,0,0,0,0,0
FR_COR_2B,2020-05-28,6,2,103,10,2,4,1,1,48,55,5,5,0,0,0,0,0,0
FR_COR_2B,2020-05-29,3,2,106,10,1,2,1,1,49,57,5,5,3,0,1,2,0,0
FR_COR_2B,2020-05-30,3,2,106,10,1,2,1,1,49,57,5,5,0,0,0,0,0,0
FR_COR_2B,2020-05-31,3,2,106,10,1,2,1,1,49,57,5,5,0,0,0,0,0,0
FR_COR_2B,2020-06-01,3,2,106,10,1,2,1,1,49,57,5,5,0,0,0,0,0,0
FR_COR_2B,2020-06-02,3,2,106,10,1,2,1,1,49,57,5,5,0,0,0,0,0,0
FR_COR_2B,2020-06-03,3,2,106,10,1,2,1,1,49,57,5,5,0,0,0,0,0,0
FR_COR_2B,2020-06-04,3,2,106,10,1,2,1,1,49,57,5,5,0,0,0,0,0,0
FR_COR_2B,2020-06-05,3,2,106,10,1,2,1,1,49,57,5,5,0,0,0,0,0,0
FR_COR_2B,2020-06-06,4,2,106,10,1,3,1,1,49,57,5,5,0,0,0,0,0,0
FR_COR_2B,2020-06-07,4,2,106,10,1,3,1,1,49,57,5,5,0,0,0,0,0,0
FR_COR_2B,2020-06-08,3,2,107,10,1,2,1,1,49,58,5,5,1,0,0,1,0,0
FR_COR_2B,2020-06-09,3,2,107,10,1,2,1,1,49,58,5,5,0,0,0,0,0,0
FR_COR_2B,2020-06-10,3,2,107,10,1,2,1,1,49,58,5,5,0,0,0,0,0,0
FR_COR_2B,2020-06-11,3,2,107,10,1,2,1,1,49,58,5,5,0,0,0,0,0,0
FR_COR_2B,2020-06-12,2,1,107,11,1,1,1,0,49,58,5,6,0,1,0,0,0,1
FR_COR_2B,2020-06-13,2,1,107,11,1,1,1,0,49,58,5,6,0,0,0,0,0,0
FR_COR_2B,2020-06-14,2,1,107,11,1,1,1,0,49,58,5,6,0,0,0,0,0,0
FR_COR_2B,2020-06-15,1,1,108,11,1,0,1,0,49,59,5,6,1,0,0,1,0,0
FR_COR_2B,2020-06-16,1,1,108,11,1,0,1,0,49,59,5,6,0,0,0,0,0,0
FR_COR_2B,2020-06-17,1,1,108,11,1,0,1,0,49,59,5,6,0,0,0,0,0,0
FR_COR_2B,2020-06-18,1,1,108,11,1,0,1,0,49,59,5,6,0,0,0,0,0,0
FR_COR_2B,2020-06-19,1,1,108,11,1,0,1,0,49,59,5,6,0,0,0,0,0,0
FR_COR_2B,2020-06-20,1,1,108,11,1,0,1,0,49,59,5,6,0,0,0,0,0,0
FR_COR_2B,2020-06-21,1,1,108,11,1,0,1,0,49,59,5,6,0,0,0,0,0,0
FR_CVL,2020-03-18,14,5,0,1,8,6,2,3,0,0,0,1,,,,,,
FR_CVL,2020-03-19,31,10,1,1,14,17,3,7,0,1,0,1,1,0,0,1,0,0
FR_CVL,2020-03-20,58,13,2,2,26,32,3,10,1,1,0,2,1,1,1,0,0,1
FR_CVL,2020-03-21,64,14,5,2,31,33,2,12,3,2,0,2,3,0,2,1,0,0
FR_CVL,2020-03-22,74,21,10,3,34,40,5,16,7,3,1,2,5,1,4,1,1,0
FR_CVL,2020-03-23,114,37,15,8,55,59,10,27,8,7,2,6,5,5,1,4,1,4
FR_CVL,2020-03-24,135,43,24,8,62,73,14,29,11,13,2,6,9,0,3,6,0,0
FR_CVL,2020-03-25,162,58,36,12,68,94,18,40,18,18,5,7,12,4,7,5,3,1
FR_CVL,2020-03-26,195,68,49,20,72,123,17,51,27,22,11,9,13,8,9,4,6,2
FR_CVL,2020-03-27,243,79,63,26,88,155,16,63,33,30,16,10,14,6,6,8,5,1
FR_CVL,2020-03-28,289,88,76,35,104,185,17,71,39,37,20,15,13,9,6,7,4,5
FR_CVL,2020-03-29,354,101,81,39,129,225,23,78,42,39,22,17,5,4,3,2,2,2
FR_CVL,2020-03-30,454,114,97,53,169,285,26,88,52,45,27,26,16,14,10,6,5,9
FR_CVL,2020-03-31,500,133,110,60,194,306,32,101,57,53,29,31,13,7,5,8,2,5
FR_CVL,2020-04-01,559,152,135,77,219,340,36,116,67,68,33,44,25,17,10,15,4,13
FR_CVL,2020-04-02,633,170,175,84,247,386,42,128,87,88,36,48,40,7,20,20,3,4
FR_CVL,2020-04-03,666,179,221,98,271,395,41,138,104,117,39,59,46,14,17,29,3,11
FR_CVL,2020-04-04,721,191,266,106,305,416,44,147,131,135,40,66,45,8,27,18,1,7
FR_CVL,2020-04-05,740,191,293,115,315,425,41,150,145,148,44,71,27,9,14,13,4,5
FR_CVL,2020-04-06,779,200,324,131,325,454,46,154,162,162,50,81,31,16,17,14,6,10
FR_CVL,2020-04-07,792,204,373,140,335,457,51,153,186,187,52,88,49,9,24,25,2,7
FR_CVL,2020-04-08,827,211,428,154,359,468,54,157,209,219,58,96,55,14,23,32,6,8
FR_CVL,2020-04-09,853,205,467,164,378,475,54,151,228,239,61,103,39,10,19,20,3,7
FR_CVL,2020-04-10,881,207,520,179,395,486,53,154,250,270,64,115,53,15,22,31,3,12
FR_CVL,2020-04-11,910,199,559,193,408,502,55,144,267,292,71,122,39,14,17,22,7,7
FR_CVL,2020-04-12,929,190,572,201,423,506,49,141,274,298,77,124,13,8,7,6,6,2
FR_CVL,2020-04-13,967,193,586,214,451,516,49,144,276,310,81,133,14,13,2,12,4,9
FR_CVL,2020-04-14,985,186,618,226,467,518,47,139,290,328,85,141,32,12,14,18,4,8
FR_CVL,2020-04-15,984,178,676,244,474,510,45,133,312,364,90,154,58,18,22,36,5,13
FR_CVL,2020-04-16,952,163,759,251,463,489,38,125,362,397,94,157,83,7,50,33,4,3
FR_CVL,2020-04-17,960,172,809,263,474,486,41,131,384,425,99,164,50,12,22,28,5,7
FR_CVL,2020-04-18,951,164,840,275,471,480,39,125,400,440,103,172,31,12,16,15,4,8
FR_CVL,2020-04-19,957,167,854,283,476,481,38,129,407,447,108,175,14,8,7,7,5,3
FR_CVL,2020-04-20,947,169,883,296,472,475,40,129,423,460,115,181,29,13,16,13,7,6
FR_CVL,2020-04-21,958,154,929,306,486,472,37,117,448,481,121,185,46,10,25,21,6,4
FR_CVL,2020-04-22,961,149,963,326,493,468,36,113,463,500,130,196,34,20,15,19,9,11
FR_CVL,2020-04-23,952,141,1008,332,494,458,32,109,482,526,134,198,45,6,19,26,4,2
FR_CVL,2020-04-24,953,140,1023,341,495,458,36,104,490,533,139,202,15,9,8,7,5,4
FR_CVL,2020-04-25,962,143,1041,346,502,460,37,106,501,540,141,205,18,5,11,7,2,3
FR_CVL,2020-04-26,961,137,1053,353,495,466,37,100,511,542,146,207,12,7,10,2,5,2
FR_CVL,2020-04-27,966,139,1070,365,496,470,38,101,521,549,155,210,17,12,10,7,9,3
FR_CVL,2020-04-28,946,135,1093,368,486,460,38,97,532,561,157,211,23,3,11,12,2,1
FR_CVL,2020-04-29,959,126,1156,383,498,461,37,89,567,589,165,218,63,15,35,28,8,7
FR_CVL,2020-04-30,966,116,1193,388,500,466,32,84,587,606,168,220,37,5,20,17,3,2
FR_CVL,2020-05-01,975,115,1208,395,501,474,30,85,595,613,172,223,15,7,8,7,4,3
FR_CVL,2020-05-02,982,112,1216,397,504,478,29,83,599,617,173,224,8,2,4,4,1,1
FR_CVL,2020-05-03,990,115,1219,401,505,485,30,85,602,617,175,226,3,4,3,0,2,2
FR_CVL,2020-05-04,977,113,1235,411,497,480,29,84,613,622,181,230,16,10,11,5,6,4
FR_CVL,2020-05-05,968,104,1291,421,491,477,28,76,640,651,188,233,56,10,27,29,7,3
FR_CVL,2020-05-06,912,91,1347,429,467,445,24,67,666,681,190,239,56,8,26,30,2,6
FR_CVL,2020-05-07,893,87,1378,434,458,435,22,65,682,696,190,244,31,5,16,15,0,5
FR_CVL,2020-05-08,861,78,1413,439,450,411,21,57,695,718,190,249,35,5,13,22,0,5
FR_CVL,2020-05-09,864,77,1417,441,454,410,21,56,698,719,190,251,4,2,3,1,0,2
FR_CVL,2020-05-10,865,75,1420,444,454,411,21,54,701,719,192,252,3,3,3,0,2,1
FR_CVL,2020-05-11,853,73,1433,449,441,412,21,52,712,721,195,254,13,5,11,2,3,2
FR_CVL,2020-05-12,825,72,1468,453,432,393,21,51,725,743,196,257,35,4,13,22,1,3
FR_CVL,2020-05-13,807,70,1493,455,426,381,20,50,735,758,197,258,25,2,10,15,1,1
FR_CVL,2020-05-14,786,67,1523,460,409,377,17,50,752,771,200,260,30,5,17,13,3,2
FR_CVL,2020-05-15,771,64,1546,467,393,378,15,49,769,777,201,266,23,7,17,6,1,6
FR_CVL,2020-05-16,751,59,1561,470,385,366,14,45,775,786,204,266,15,3,6,9,3,0
FR_CVL,2020-05-17,747,59,1565,472,383,364,14,45,777,788,205,267,4,2,2,2,1,1
FR_CVL,2020-05-18,732,60,1585,476,371,361,14,46,790,795,207,269,20,4,13,7,2,2
FR_CVL,2020-05-19,721,56,1599,482,360,361,14,42,802,797,210,272,14,6,12,2,3,3
FR_CVL,2020-05-20,704,50,1621,489,354,350,13,37,812,809,212,277,22,7,10,12,2,5
FR_CVL,2020-05-21,691,50,1634,491,343,348,13,37,822,812,214,277,13,2,10,3,2,0
FR_CVL,2020-05-22,693,49,1641,492,343,350,13,36,825,816,214,278,7,1,3,4,0,1
FR_CVL,2020-05-23,685,47,1650,494,339,346,12,35,829,821,215,279,9,2,4,5,1,1
FR_CVL,2020-05-24,685,47,1651,495,340,345,12,35,829,822,215,280,1,1,0,1,0,1
FR_CVL,2020-05-25,686,46,1654,498,343,343,12,34,829,825,216,282,3,3,0,3,1,2
FR_CVL,2020-05-26,665,44,1674,500,332,333,11,33,839,835,217,283,20,2,10,10,1,1
FR_CVL,2020-05-27,656,42,1684,501,327,329,11,31,846,838,217,284,10,1,7,3,0,1
FR_CVL,2020-05-28,635,41,1706,501,315,320,11,30,860,846,217,284,22,0,14,8,0,0
FR_CVL,2020-05-29,603,37,1733,506,299,304,10,27,873,860,221,285,27,5,13,14,4,1
FR_CVL,2020-05-30,605,38,1736,506,297,308,10,28,875,861,221,285,3,0,2,1,0,0
FR_CVL,2020-05-31,604,38,1737,507,297,307,10,28,875,862,221,286,1,1,0,1,0,1
FR_CVL,2020-06-01,602,36,1738,508,297,305,9,27,875,863,221,287,1,1,0,1,0,1
FR_CVL,2020-06-02,599,35,1744,509,295,304,9,26,878,866,222,287,6,1,3,3,1,0
FR_CVL,2020-06-03,587,36,1754,514,290,297,10,26,883,871,223,291,10,5,5,5,1,4
FR_CVL,2020-06-04,581,34,1760,517,285,296,9,25,887,873,224,293,6,3,4,2,1,2
FR_CVL,2020-06-05,566,31,1777,517,278,288,8,23,895,882,224,293,17,0,8,9,0,0
FR_CVL,2020-06-06,562,31,1781,517,279,283,8,23,896,885,224,293,4,0,1,3,0,0
FR_CVL,2020-06-07,559,31,1784,518,278,281,8,23,896,888,225,293,3,1,0,3,1,0
FR_CVL,2020-06-08,554,30,1787,521,274,280,8,22,899,888,226,295,3,3,3,0,1,2
FR_CVL,2020-06-09,540,28,1797,522,269,271,7,21,903,894,226,296,10,1,4,6,0,1
FR_CVL,2020-06-10,515,29,1820,523,254,261,8,21,918,902,227,296,23,1,15,8,1,0
FR_CVL,2020-06-11,511,29,1826,524,253,258,8,21,919,907,227,297,6,1,1,5,0,1
FR_CVL,2020-06-12,505,29,1830,526,250,255,8,21,922,908,227,299,4,2,3,1,0,2
FR_CVL,2020-06-13,504,29,1832,527,249,255,8,21,923,909,228,299,2,1,1,1,1,0
FR_CVL,2020-06-14,503,29,1833,527,249,254,8,21,923,910,228,299,1,0,0,1,0,0
FR_CVL,2020-06-15,505,29,1834,527,251,254,8,21,924,910,228,299,1,0,1,0,0,0
FR_CVL,2020-06-16,499,29,1843,527,245,254,7,22,931,912,228,299,9,0,7,2,0,0
FR_CVL,2020-06-17,464,25,1880,533,224,240,6,19,952,928,233,300,37,6,21,16,5,1
FR_CVL,2020-06-18,461,22,1882,540,223,238,5,17,952,930,238,302,2,7,0,2,5,2
FR_CVL,2020-06-19,456,21,1886,542,222,234,5,16,953,933,238,304,4,2,1,3,0,2
FR_CVL,2020-06-20,456,20,1887,542,223,233,5,15,953,934,238,304,1,0,0,1,0,0
FR_CVL,2020-06-21,456,20,1887,542,223,233,5,15,953,934,238,304,0,0,0,0,0,0
FR_CVL_18,2020-03-18,0,0,0,0,0,0,0,0,0,0,0,0,,,,,,
FR_CVL_18,2020-03-19,0,0,0,0,0,0,0,0,0,0,0,0,0,0,0,0,0,0
FR_CVL_18,2020-03-20,0,0,0,0,0,0,0,0,0,0,0,0,0,0,0,0,0,0
FR_CVL_18,2020-03-21,0,0,0,0,0,0,0,0,0,0,0,0,0,0,0,0,0,0
FR_CVL_18,2020-03-22,0,0,0,0,0,0,0,0,0,0,0,0,0,0,0,0,0,0
FR_CVL_18,2020-03-23,0,0,0,0,0,0,0,0,0,0,0,0,0,0,0,0,0,0
FR_CVL_18,2020-03-24,2,2,1,0,2,0,2,0,0,1,0,0,1,0,0,1,0,0
FR_CVL_18,2020-03-25,7,5,1,0,3,4,3,2,0,1,0,0,0,0,0,0,0,0
FR_CVL_18,2020-03-26,9,6,1,1,4,5,3,3,0,1,1,0,0,1,0,0,1,0
FR_CVL_18,2020-03-27,12,4,3,2,3,9,1,3,1,2,2,0,2,1,1,1,1,0
FR_CVL_18,2020-03-28,16,8,3,4,2,14,1,7,1,2,3,1,0,2,0,0,1,1
FR_CVL_18,2020-03-29,18,8,3,4,2,16,1,7,1,2,3,1,0,0,0,0,0,0
FR_CVL_18,2020-03-30,32,12,3,6,4,28,1,11,1,2,3,3,0,2,0,0,0,2
FR_CVL_18,2020-03-31,38,14,4,8,8,30,1,13,1,3,3,5,1,2,0,1,0,2
FR_CVL_18,2020-04-01,40,15,4,11,11,29,1,14,1,3,3,8,0,3,0,0,0,3
FR_CVL_18,2020-04-02,38,14,7,14,9,29,1,13,3,4,5,9,3,3,2,1,2,1
FR_CVL_18,2020-04-03,43,13,10,14,15,28,1,12,3,7,5,9,3,0,0,3,0,0
FR_CVL_18,2020-04-04,47,16,11,15,19,28,3,13,4,7,5,10,1,1,1,0,0,1
FR_CVL_18,2020-04-05,49,16,12,19,20,29,2,14,4,8,8,11,1,4,0,1,3,1
FR_CVL_18,2020-04-06,55,15,14,22,25,30,2,13,6,8,10,12,2,3,2,0,2,1
FR_CVL_18,2020-04-07,54,17,21,24,25,29,3,14,8,13,11,13,7,2,2,5,1,1
FR_CVL_18,2020-04-08,51,15,25,26,25,26,3,12,9,16,12,14,4,2,1,3,1,1
FR_CVL_18,2020-04-09,60,13,26,26,30,30,3,10,9,17,12,14,1,0,0,1,0,0
FR_CVL_18,2020-04-10,66,14,30,28,34,32,3,11,11,19,12,16,4,2,2,2,0,2
FR_CVL_18,2020-04-11,66,15,35,29,33,33,4,11,15,20,12,17,5,1,4,1,0,1
FR_CVL_18,2020-04-12,68,14,35,31,34,34,3,11,15,20,14,17,0,2,0,0,2,0
FR_CVL_18,2020-04-13,72,14,34,35,36,36,3,11,15,19,16,19,-1,4,0,-1,2,2
FR_CVL_18,2020-04-14,72,13,35,35,36,36,3,10,15,20,16,19,1,0,0,1,0,0
FR_CVL_18,2020-04-15,74,13,37,36,36,38,3,10,16,21,16,20,2,1,1,1,0,1
FR_CVL_18,2020-04-16,67,7,42,37,33,34,0,7,18,24,17,20,5,1,2,3,1,0
FR_CVL_18,2020-04-17,77,4,48,40,40,37,0,4,22,26,18,22,6,3,4,2,1,2
FR_CVL_18,2020-04-18,77,4,48,41,40,37,0,4,22,26,18,23,0,1,0,0,0,1
FR_CVL_18,2020-04-19,82,4,49,42,43,39,0,4,23,26,18,24,1,1,1,0,0,1
FR_CVL_18,2020-04-20,83,4,49,42,44,39,0,4,23,26,18,24,0,0,0,0,0,0
FR_CVL_18,2020-04-21,91,4,53,42,48,43,0,4,26,27,19,23,4,0,3,1,1,-1
FR_CVL_18,2020-04-22,84,4,61,46,48,36,0,4,27,34,21,25,8,4,1,7,2,2
FR_CVL_18,2020-04-23,82,4,64,47,47,35,0,4,30,34,21,26,3,1,3,0,0,1
FR_CVL_18,2020-04-24,82,3,65,49,48,34,0,3,30,35,22,27,1,2,0,1,1,1
FR_CVL_18,2020-04-25,86,6,64,50,51,35,1,5,29,35,22,28,-1,1,-1,0,0,1
FR_CVL_18,2020-04-26,89,6,64,51,52,37,1,5,29,35,22,29,0,1,0,0,0,1
FR_CVL_18,2020-04-27,91,6,64,55,51,40,1,5,29,35,26,29,0,4,0,0,4,0
FR_CVL_18,2020-04-28,89,3,69,56,51,38,1,2,31,38,27,29,5,1,2,3,1,0
FR_CVL_18,2020-04-29,92,3,76,60,52,40,1,2,34,42,30,30,7,4,3,4,3,1
FR_CVL_18,2020-04-30,90,3,81,60,51,39,1,2,37,44,30,30,5,0,3,2,0,0
FR_CVL_18,2020-05-01,90,3,83,60,50,40,1,2,39,44,30,30,2,0,2,0,0,0
FR_CVL_18,2020-05-02,89,3,84,60,49,40,1,2,40,44,30,30,1,0,1,0,0,0
FR_CVL_18,2020-05-03,91,3,84,60,49,42,1,2,40,44,30,30,0,0,0,0,0,0
FR_CVL_18,2020-05-04,90,4,87,60,49,41,1,3,41,46,30,30,3,0,1,2,0,0
FR_CVL_18,2020-05-05,90,4,94,63,49,41,1,3,44,50,32,31,7,3,3,4,2,1
FR_CVL_18,2020-05-06,79,3,104,65,46,33,1,2,47,57,33,32,10,2,3,7,1,1
FR_CVL_18,2020-05-07,76,3,107,66,44,32,1,2,49,58,33,33,3,1,2,1,0,1
FR_CVL_18,2020-05-08,71,3,114,66,42,29,1,2,51,63,33,33,7,0,2,5,0,0
FR_CVL_18,2020-05-09,76,3,113,66,46,30,1,2,51,62,33,33,-1,0,0,-1,0,0
FR_CVL_18,2020-05-10,75,3,114,67,45,30,1,2,52,62,34,33,1,1,1,0,1,0
FR_CVL_18,2020-05-11,72,3,117,68,43,29,1,2,55,62,35,33,3,1,3,0,1,0
FR_CVL_18,2020-05-12,70,3,120,68,43,27,1,2,56,64,35,33,3,0,1,2,0,0
FR_CVL_18,2020-05-13,68,3,122,68,41,27,1,2,57,65,35,33,2,0,1,1,0,0
FR_CVL_18,2020-05-14,66,2,125,68,41,25,1,1,58,67,35,33,3,0,1,2,0,0
FR_CVL_18,2020-05-15,61,2,130,69,37,24,1,1,63,67,35,34,5,1,5,0,0,1
FR_CVL_18,2020-05-16,60,2,131,69,36,24,1,1,64,67,35,34,1,0,1,0,0,0
FR_CVL_18,2020-05-17,58,2,132,70,36,22,1,1,64,68,35,35,1,1,0,1,0,1
FR_CVL_18,2020-05-18,57,2,134,71,35,22,1,1,65,69,36,35,2,1,1,1,1,0
FR_CVL_18,2020-05-19,59,2,134,71,36,23,1,1,65,69,36,35,0,0,0,0,0,0
FR_CVL_18,2020-05-20,54,0,138,73,32,22,0,0,67,71,37,36,4,2,2,2,1,1
FR_CVL_18,2020-05-21,54,0,138,73,32,22,0,0,67,71,37,36,0,0,0,0,0,0
FR_CVL_18,2020-05-22,58,0,142,74,32,26,0,0,71,71,37,37,4,1,4,0,0,1
FR_CVL_18,2020-05-23,58,0,142,74,32,26,0,0,71,71,37,37,0,0,0,0,0,0
FR_CVL_18,2020-05-24,59,0,142,74,32,27,0,0,71,71,37,37,0,0,0,0,0,0
FR_CVL_18,2020-05-25,60,0,142,74,33,27,0,0,71,71,37,37,0,0,0,0,0,0
FR_CVL_18,2020-05-26,60,0,142,74,33,27,0,0,71,71,37,37,0,0,0,0,0,0
FR_CVL_18,2020-05-27,60,0,143,74,34,26,0,0,71,72,37,37,1,0,0,1,0,0
FR_CVL_18,2020-05-28,58,0,144,74,33,25,0,0,72,72,37,37,1,0,1,0,0,0
FR_CVL_18,2020-05-29,52,0,150,74,29,23,0,0,76,74,37,37,6,0,4,2,0,0
FR_CVL_18,2020-05-30,54,0,150,74,30,24,0,0,76,74,37,37,0,0,0,0,0,0
FR_CVL_18,2020-05-31,54,0,150,75,30,24,0,0,76,74,37,38,0,1,0,0,0,1
FR_CVL_18,2020-06-01,53,0,151,75,30,23,0,0,76,75,37,38,1,0,0,1,0,0
FR_CVL_18,2020-06-02,53,0,152,76,29,24,0,0,77,75,38,38,1,1,1,0,1,0
FR_CVL_18,2020-06-03,53,0,152,76,29,24,0,0,77,75,38,38,0,0,0,0,0,0
FR_CVL_18,2020-06-04,51,0,154,76,27,24,0,0,79,75,38,38,2,0,2,0,0,0
FR_CVL_18,2020-06-05,51,0,154,76,27,24,0,0,79,75,38,38,0,0,0,0,0,0
FR_CVL_18,2020-06-06,50,0,155,76,27,23,0,0,79,76,38,38,1,0,0,1,0,0
FR_CVL_18,2020-06-07,50,0,155,76,27,23,0,0,79,76,38,38,0,0,0,0,0,0
FR_CVL_18,2020-06-08,48,0,156,77,25,23,0,0,80,76,39,38,1,1,1,0,1,0
FR_CVL_18,2020-06-09,48,0,156,77,25,23,0,0,80,76,39,38,0,0,0,0,0,0
FR_CVL_18,2020-06-10,47,0,156,77,25,22,0,0,80,76,39,38,0,0,0,0,0,0
FR_CVL_18,2020-06-11,46,0,157,77,25,21,0,0,80,77,39,38,1,0,0,1,0,0
FR_CVL_18,2020-06-12,45,0,158,77,24,21,0,0,81,77,39,38,1,0,1,0,0,0
FR_CVL_18,2020-06-13,45,0,158,77,24,21,0,0,81,77,39,38,0,0,0,0,0,0
FR_CVL_18,2020-06-14,44,0,159,77,24,20,0,0,81,78,39,38,1,0,0,1,0,0
FR_CVL_18,2020-06-15,44,0,159,77,24,20,0,0,81,78,39,38,0,0,0,0,0,0
FR_CVL_18,2020-06-16,44,0,159,77,24,20,0,0,81,78,39,38,0,0,0,0,0,0
FR_CVL_18,2020-06-17,43,0,159,78,23,20,0,0,81,78,40,38,0,1,0,0,1,0
FR_CVL_18,2020-06-18,43,0,159,82,23,20,0,0,80,79,43,39,0,4,-1,1,3,1
FR_CVL_18,2020-06-19,42,0,160,82,23,19,0,0,80,80,43,39,1,0,0,1,0,0
FR_CVL_18,2020-06-20,42,0,160,82,23,19,0,0,80,80,43,39,0,0,0,0,0,0
FR_CVL_18,2020-06-21,42,0,160,82,23,19,0,0,80,80,43,39,0,0,0,0,0,0
FR_CVL_28,2020-03-18,5,3,0,1,4,1,2,1,0,0,0,1,,,,,,
FR_CVL_28,2020-03-19,11,4,0,1,6,5,2,2,0,0,0,1,0,0,0,0,0,0
FR_CVL_28,2020-03-20,12,2,0,1,7,5,1,1,0,0,0,1,0,0,0,0,0,0
FR_CVL_28,2020-03-21,13,2,1,1,7,6,1,1,1,0,0,1,1,0,1,0,0,0
FR_CVL_28,2020-03-22,15,2,2,1,7,8,1,1,2,0,0,1,1,0,1,0,0,0
FR_CVL_28,2020-03-23,31,9,2,2,14,17,4,5,2,0,0,2,0,1,0,0,0,1
FR_CVL_28,2020-03-24,39,11,3,2,16,23,5,6,2,1,0,2,1,0,0,1,0,0
FR_CVL_28,2020-03-25,48,18,6,3,17,31,6,12,4,2,1,2,3,1,2,1,1,0
FR_CVL_28,2020-03-26,56,19,9,8,16,40,5,14,7,2,5,3,3,5,3,0,4,1
FR_CVL_28,2020-03-27,65,24,12,10,14,51,4,20,9,3,7,3,3,2,2,1,2,0
FR_CVL_28,2020-03-28,70,23,14,10,17,53,4,19,9,5,7,3,2,0,0,2,0,0
FR_CVL_28,2020-03-29,96,26,15,11,31,65,5,21,10,5,8,3,1,1,1,0,1,0
FR_CVL_28,2020-03-30,112,28,20,17,36,76,6,22,13,7,10,7,5,6,3,2,2,4
FR_CVL_28,2020-03-31,119,26,24,17,40,79,6,20,15,9,10,7,4,0,2,2,0,0
FR_CVL_28,2020-04-01,119,28,31,17,40,79,8,20,16,15,10,7,7,0,1,6,0,0
FR_CVL_28,2020-04-02,142,30,49,18,53,89,8,22,25,24,10,8,18,1,9,9,0,1
FR_CVL_28,2020-04-03,147,27,60,21,59,88,6,21,28,32,10,11,11,3,3,8,0,3
FR_CVL_28,2020-04-04,157,27,71,24,66,91,6,21,33,38,11,13,11,3,5,6,1,2
FR_CVL_28,2020-04-05,168,30,74,25,70,98,7,23,35,39,11,14,3,1,2,1,0,1
FR_CVL_28,2020-04-06,158,29,91,29,65,93,8,21,43,48,12,17,17,4,8,9,1,3
FR_CVL_28,2020-04-07,163,28,99,31,68,95,7,21,49,50,12,19,8,2,6,2,0,2
FR_CVL_28,2020-04-08,169,30,117,36,76,93,9,21,55,62,16,20,18,5,6,12,4,1
FR_CVL_28,2020-04-09,177,28,125,37,85,92,8,20,57,68,16,21,8,1,2,6,0,1
FR_CVL_28,2020-04-10,189,29,136,40,87,102,7,22,62,74,17,23,11,3,5,6,1,2
FR_CVL_28,2020-04-11,194,24,139,41,90,104,7,17,62,77,18,23,3,1,0,3,1,0
FR_CVL_28,2020-04-12,210,24,140,41,105,105,7,17,62,78,18,23,1,0,0,1,0,0
FR_CVL_28,2020-04-13,223,24,140,42,116,107,7,17,62,78,19,23,0,1,0,0,1,0
FR_CVL_28,2020-04-14,230,23,152,46,125,105,6,17,65,87,21,25,12,4,3,9,2,2
FR_CVL_28,2020-04-15,235,21,162,55,127,108,5,16,68,94,25,30,10,9,3,7,4,5
FR_CVL_28,2020-04-16,231,23,198,57,120,111,5,18,95,103,26,31,36,2,27,9,1,1
FR_CVL_28,2020-04-17,244,25,211,61,133,111,4,21,98,113,27,34,13,4,3,10,1,3
FR_CVL_28,2020-04-18,246,22,219,61,136,110,4,18,101,118,27,34,8,0,3,5,0,0
FR_CVL_28,2020-04-19,248,22,222,62,136,112,4,18,104,118,27,35,3,1,3,0,0,1
FR_CVL_28,2020-04-20,235,23,233,65,128,107,5,18,109,124,30,35,11,3,5,6,3,0
FR_CVL_28,2020-04-21,230,22,244,69,126,104,4,18,114,130,33,36,11,4,5,6,3,1
FR_CVL_28,2020-04-22,232,21,251,74,130,102,4,17,116,135,35,39,7,5,2,5,2,3
FR_CVL_28,2020-04-23,230,23,266,77,127,103,4,19,123,143,38,39,15,3,7,8,3,0
FR_CVL_28,2020-04-24,230,22,267,78,127,103,4,18,123,144,39,39,1,1,0,1,1,0
FR_CVL_28,2020-04-25,226,22,272,78,126,100,4,18,124,148,39,39,5,0,1,4,0,0
FR_CVL_28,2020-04-26,221,18,280,81,120,101,4,14,130,150,42,39,8,3,6,2,3,0
FR_CVL_28,2020-04-27,219,18,291,83,117,102,4,14,137,154,43,40,11,2,7,4,1,1
FR_CVL_28,2020-04-28,212,18,300,83,113,99,4,14,142,158,43,40,9,0,5,4,0,0
FR_CVL_28,2020-04-29,221,19,307,86,115,106,4,15,146,161,45,41,7,3,4,3,2,1
FR_CVL_28,2020-04-30,216,16,320,88,116,100,3,13,151,169,45,43,13,2,5,8,0,2
FR_CVL_28,2020-05-01,217,17,322,91,116,101,3,14,152,170,46,45,2,3,1,1,1,2
FR_CVL_28,2020-05-02,220,17,325,92,117,103,3,14,154,171,47,45,3,1,2,1,1,0
FR_CVL_28,2020-05-03,216,17,326,95,114,102,3,14,155,171,49,46,1,3,1,0,2,1
FR_CVL_28,2020-05-04,217,17,328,96,114,103,3,14,157,171,50,46,2,1,2,0,1,0
FR_CVL_28,2020-05-05,223,20,335,99,115,108,3,17,161,174,52,47,7,3,4,3,2,1
FR_CVL_28,2020-05-06,209,17,349,101,110,99,2,15,165,184,53,48,14,2,4,10,1,1
FR_CVL_28,2020-05-07,210,16,355,102,112,98,2,14,167,188,53,49,6,1,2,4,0,1
FR_CVL_28,2020-05-08,206,15,359,104,111,95,2,13,170,189,53,51,4,2,3,1,0,2
FR_CVL_28,2020-05-09,206,15,361,104,111,95,2,13,170,191,53,51,2,0,0,2,0,0
FR_CVL_28,2020-05-10,205,15,362,104,110,95,2,13,171,191,53,51,1,0,1,0,0,0
FR_CVL_28,2020-05-11,195,15,372,105,102,93,2,13,179,193,53,52,10,1,8,2,0,1
FR_CVL_28,2020-05-12,186,14,380,107,101,85,2,12,181,199,53,54,8,2,2,6,0,2
FR_CVL_28,2020-05-13,186,15,382,107,102,84,3,12,182,200,53,54,2,0,1,1,0,0
FR_CVL_28,2020-05-14,181,15,389,107,99,82,3,12,185,204,53,54,7,0,3,4,0,0
FR_CVL_28,2020-05-15,178,13,394,110,98,80,2,11,186,208,54,56,5,3,1,4,1,2
FR_CVL_28,2020-05-16,174,13,399,111,96,78,2,11,189,210,55,56,5,1,3,2,1,0
FR_CVL_28,2020-05-17,176,13,399,111,97,79,2,11,189,210,55,56,0,0,0,0,0,0
FR_CVL_28,2020-05-18,171,13,403,112,95,76,2,11,191,212,55,57,4,1,2,2,0,1
FR_CVL_28,2020-05-19,172,13,404,112,94,78,2,11,192,212,55,57,1,0,1,0,0,0
FR_CVL_28,2020-05-20,170,10,409,115,94,76,2,8,194,215,56,59,5,3,2,3,1,2
FR_CVL_28,2020-05-21,169,10,411,115,94,75,2,8,195,216,56,59,2,0,1,1,0,0
FR_CVL_28,2020-05-22,173,10,408,115,96,77,2,8,192,216,56,59,-3,0,-3,0,0,0
FR_CVL_28,2020-05-23,172,9,410,115,96,76,2,7,192,218,56,59,2,0,0,2,0,0
FR_CVL_28,2020-05-24,171,9,411,116,97,74,2,7,192,219,56,60,1,1,0,1,0,1
FR_CVL_28,2020-05-25,170,9,412,116,97,73,2,7,192,220,56,60,1,0,0,1,0,0
FR_CVL_28,2020-05-26,168,9,414,116,97,71,2,7,192,222,56,60,2,0,0,2,0,0
FR_CVL_28,2020-05-27,166,9,415,116,96,70,2,7,193,222,56,60,1,0,1,0,0,0
FR_CVL_28,2020-05-28,163,8,418,116,95,68,2,6,194,224,56,60,3,0,1,2,0,0
FR_CVL_28,2020-05-29,151,8,427,118,88,63,2,6,200,227,57,61,9,2,6,3,1,1
FR_CVL_28,2020-05-30,153,10,427,118,88,65,2,8,200,227,57,61,0,0,0,0,0,0
FR_CVL_28,2020-05-31,153,10,427,118,88,65,2,8,200,227,57,61,0,0,0,0,0,0
FR_CVL_28,2020-06-01,153,10,427,118,88,65,2,8,200,227,57,61,0,0,0,0,0,0
FR_CVL_28,2020-06-02,152,9,428,118,87,65,2,7,201,227,57,61,1,0,1,0,0,0
FR_CVL_28,2020-06-03,147,9,430,121,85,62,2,7,202,228,58,63,2,3,1,1,1,2
FR_CVL_28,2020-06-04,144,9,432,124,83,61,2,7,203,229,59,65,2,3,1,1,1,2
FR_CVL_28,2020-06-05,139,9,438,124,80,59,2,7,206,232,59,65,6,0,3,3,0,0
FR_CVL_28,2020-06-06,140,9,438,124,81,59,2,7,206,232,59,65,0,0,0,0,0,0
FR_CVL_28,2020-06-07,139,10,439,125,80,59,2,8,206,233,60,65,1,1,0,1,1,0
FR_CVL_28,2020-06-08,140,11,439,126,80,60,2,9,206,233,60,66,0,1,0,0,0,1
FR_CVL_28,2020-06-09,139,11,440,126,79,60,2,9,207,233,60,66,1,0,1,0,0,0
FR_CVL_28,2020-06-10,126,11,452,127,70,56,2,9,215,237,61,66,12,1,8,4,1,0
FR_CVL_28,2020-06-11,127,12,454,127,70,57,2,10,215,239,61,66,2,0,0,2,0,0
FR_CVL_28,2020-06-12,127,12,454,127,70,57,2,10,215,239,61,66,0,0,0,0,0,0
FR_CVL_28,2020-06-13,126,12,455,127,69,57,2,10,216,239,61,66,1,0,1,0,0,0
FR_CVL_28,2020-06-14,126,12,455,127,69,57,2,10,216,239,61,66,0,0,0,0,0,0
FR_CVL_28,2020-06-15,127,12,456,127,70,57,2,10,217,239,61,66,1,0,1,0,0,0
FR_CVL_28,2020-06-16,128,13,458,127,69,59,2,11,219,239,61,66,2,0,2,0,0,0
FR_CVL_28,2020-06-17,97,9,492,131,51,46,1,8,238,254,64,67,34,4,19,15,3,1
FR_CVL_28,2020-06-18,97,9,493,133,51,46,1,8,239,254,65,68,1,2,1,0,1,1
FR_CVL_28,2020-06-19,97,9,493,133,51,46,1,8,239,254,65,68,0,0,0,0,0,0
FR_CVL_28,2020-06-20,96,9,494,133,51,45,1,8,239,255,65,68,1,0,0,1,0,0
FR_CVL_28,2020-06-21,96,9,494,133,51,45,1,8,239,255,65,68,0,0,0,0,0,0
FR_CVL_36,2020-03-18,0,0,0,0,0,0,0,0,0,0,0,0,,,,,,
FR_CVL_36,2020-03-19,3,0,0,0,1,2,0,0,0,0,0,0,0,0,0,0,0,0
FR_CVL_36,2020-03-20,4,1,0,0,1,3,0,1,0,0,0,0,0,0,0,0,0,0
FR_CVL_36,2020-03-21,5,2,0,0,1,4,0,2,0,0,0,0,0,0,0,0,0,0
FR_CVL_36,2020-03-22,5,2,0,0,1,4,0,2,0,0,0,0,0,0,0,0,0,0
FR_CVL_36,2020-03-23,16,5,0,2,9,7,2,3,0,0,1,1,0,2,0,0,1,1
FR_CVL_36,2020-03-24,19,7,0,2,11,8,3,4,0,0,1,1,0,0,0,0,0,0
FR_CVL_36,2020-03-25,23,7,0,5,12,11,3,4,0,0,3,2,0,3,0,0,2,1
FR_CVL_36,2020-03-26,23,7,1,5,11,12,3,4,1,0,3,2,1,0,1,0,0,0
FR_CVL_36,2020-03-27,29,7,2,7,14,15,3,4,1,1,5,2,1,2,0,1,2,0
FR_CVL_36,2020-03-28,41,9,2,8,16,25,4,5,1,1,5,3,0,1,0,0,0,1
FR_CVL_36,2020-03-29,40,8,2,9,16,24,4,4,1,1,5,4,0,1,0,0,0,1
FR_CVL_36,2020-03-30,43,8,3,11,18,25,4,4,2,1,6,5,1,2,1,0,1,1
FR_CVL_36,2020-03-31,43,8,3,13,18,25,4,4,2,1,7,6,0,2,0,0,1,1
FR_CVL_36,2020-04-01,51,6,4,17,21,30,3,3,3,1,8,9,1,4,1,0,1,3
FR_CVL_36,2020-04-02,49,7,7,17,20,29,3,4,5,2,8,9,3,0,2,1,0,0
FR_CVL_36,2020-04-03,47,9,7,17,19,28,4,5,5,2,8,9,0,0,0,0,0,0
FR_CVL_36,2020-04-04,56,11,9,17,23,33,4,7,7,2,8,9,2,0,2,0,0,0
FR_CVL_36,2020-04-05,64,10,9,18,26,38,4,6,7,2,8,10,0,1,0,0,0,1
FR_CVL_36,2020-04-06,62,10,9,21,25,37,4,6,7,2,9,12,0,3,0,0,1,2
FR_CVL_36,2020-04-07,63,10,14,23,24,39,4,6,11,3,9,14,5,2,4,1,0,2
FR_CVL_36,2020-04-08,63,11,16,25,25,38,6,5,13,3,9,16,2,2,2,0,0,2
FR_CVL_36,2020-04-09,66,11,19,25,27,39,6,5,15,4,9,16,3,0,2,1,0,0
FR_CVL_36,2020-04-10,78,9,20,29,32,46,5,4,16,4,10,19,1,4,1,0,1,3
FR_CVL_36,2020-04-11,83,9,23,30,36,47,5,4,16,7,11,19,3,1,0,3,1,0
FR_CVL_36,2020-04-12,81,9,24,32,34,47,5,4,17,7,12,20,1,2,1,0,1,1
FR_CVL_36,2020-04-13,91,9,24,38,41,50,5,4,17,7,13,25,0,6,0,0,1,5
FR_CVL_36,2020-04-14,90,9,26,38,42,48,5,4,18,8,13,25,2,0,1,1,0,0
FR_CVL_36,2020-04-15,97,9,27,38,47,50,5,4,18,9,13,25,1,0,0,1,0,0
FR_CVL_36,2020-04-16,96,9,30,38,48,48,5,4,18,12,13,25,3,0,0,3,0,0
FR_CVL_36,2020-04-17,94,9,38,39,48,46,5,4,21,17,14,25,8,1,3,5,1,0
FR_CVL_36,2020-04-18,97,9,38,41,50,47,5,4,21,17,15,26,0,2,0,0,1,1
FR_CVL_36,2020-04-19,96,9,38,44,50,46,5,4,21,17,17,27,0,3,0,0,2,1
FR_CVL_36,2020-04-20,97,9,39,46,52,45,5,4,22,17,17,29,1,2,1,0,0,2
FR_CVL_36,2020-04-21,110,8,44,50,62,48,5,3,25,19,18,32,5,4,3,2,1,3
FR_CVL_36,2020-04-22,110,8,49,56,60,50,4,4,29,20,22,34,5,6,4,1,4,2
FR_CVL_36,2020-04-23,109,8,54,57,58,51,4,4,32,22,23,34,5,1,3,2,1,0
FR_CVL_36,2020-04-24,112,9,54,58,59,53,5,4,32,22,24,34,0,1,0,0,1,0
FR_CVL_36,2020-04-25,117,10,55,60,62,55,6,4,32,23,25,35,1,2,0,1,1,1
FR_CVL_36,2020-04-26,117,10,55,61,62,55,6,4,32,23,25,36,0,1,0,0,0,1
FR_CVL_36,2020-04-27,116,10,55,63,63,53,6,4,32,23,26,37,0,2,0,0,1,1
FR_CVL_36,2020-04-28,115,9,55,63,62,53,5,4,32,23,26,37,0,0,0,0,0,0
FR_CVL_36,2020-04-29,120,9,60,64,64,56,6,3,37,23,26,38,5,1,5,0,0,1
FR_CVL_36,2020-04-30,126,9,60,64,68,58,6,3,37,23,26,38,0,0,0,0,0,0
FR_CVL_36,2020-05-01,127,9,61,65,69,58,6,3,37,24,27,38,1,1,0,1,1,0
FR_CVL_36,2020-05-02,129,9,61,65,70,59,6,3,37,24,27,38,0,0,0,0,0,0
FR_CVL_36,2020-05-03,130,9,62,65,70,60,6,3,38,24,27,38,1,0,1,0,0,0
FR_CVL_36,2020-05-04,125,8,64,68,66,59,6,2,40,24,29,39,2,3,2,0,2,1
FR_CVL_36,2020-05-05,116,8,72,69,61,55,6,2,44,28,30,39,8,1,4,4,1,0
FR_CVL_36,2020-05-06,114,8,75,69,62,52,6,2,44,31,30,39,3,0,0,3,0,0
FR_CVL_36,2020-05-07,110,7,80,69,58,52,5,2,48,32,30,39,5,0,4,1,0,0
FR_CVL_36,2020-05-08,108,6,83,69,59,49,4,2,48,35,30,39,3,0,0,3,0,0
FR_CVL_36,2020-05-09,107,6,83,70,59,48,4,2,48,35,30,40,0,1,0,0,0,1
FR_CVL_36,2020-05-10,107,6,84,70,59,48,4,2,49,35,30,40,1,0,1,0,0,0
FR_CVL_36,2020-05-11,106,6,84,71,58,48,4,2,49,35,31,40,0,1,0,0,1,0
FR_CVL_36,2020-05-12,104,5,86,71,57,47,3,2,50,36,31,40,2,0,1,1,0,0
FR_CVL_36,2020-05-13,101,5,89,71,55,46,3,2,52,37,31,40,3,0,2,1,0,0
FR_CVL_36,2020-05-14,101,5,90,72,55,46,2,3,52,38,32,40,1,1,0,1,1,0
FR_CVL_36,2020-05-15,100,5,92,72,55,45,2,3,52,40,32,40,2,0,0,2,0,0
FR_CVL_36,2020-05-16,100,5,92,72,55,45,2,3,52,40,32,40,0,0,0,0,0,0
FR_CVL_36,2020-05-17,99,5,92,73,54,45,2,3,52,40,33,40,0,1,0,0,1,0
FR_CVL_36,2020-05-18,99,5,94,73,52,47,2,3,54,40,33,40,2,0,2,0,0,0
FR_CVL_36,2020-05-19,97,4,95,74,51,46,2,2,55,40,33,41,1,1,1,0,0,1
FR_CVL_36,2020-05-20,98,4,95,74,52,46,2,2,55,40,33,41,0,0,0,0,0,0
FR_CVL_36,2020-05-21,97,4,95,75,51,46,2,2,55,40,34,41,0,1,0,0,1,0
FR_CVL_36,2020-05-22,94,4,99,75,50,44,2,2,57,42,34,41,4,0,2,2,0,0
FR_CVL_36,2020-05-23,94,4,99,75,50,44,2,2,57,42,34,41,0,0,0,0,0,0
FR_CVL_36,2020-05-24,94,4,99,75,50,44,2,2,57,42,34,41,0,0,0,0,0,0
FR_CVL_36,2020-05-25,93,4,99,76,49,44,2,2,57,42,35,41,0,1,0,0,1,0
FR_CVL_36,2020-05-26,92,4,100,76,48,44,2,2,58,42,35,41,1,0,1,0,0,0
FR_CVL_36,2020-05-27,92,4,100,76,48,44,2,2,58,42,35,41,0,0,0,0,0,0
FR_CVL_36,2020-05-28,92,4,100,76,48,44,2,2,58,42,35,41,0,0,0,0,0,0
FR_CVL_36,2020-05-29,90,3,102,76,47,43,1,2,59,43,35,41,2,0,1,1,0,0
FR_CVL_36,2020-05-30,90,3,102,76,47,43,1,2,59,43,35,41,0,0,0,0,0,0
FR_CVL_36,2020-05-31,90,3,102,76,47,43,1,2,59,43,35,41,0,0,0,0,0,0
FR_CVL_36,2020-06-01,90,3,102,76,47,43,1,2,59,43,35,41,0,0,0,0,0,0
FR_CVL_36,2020-06-02,90,3,102,76,47,43,1,2,59,43,35,41,0,0,0,0,0,0
FR_CVL_36,2020-06-03,88,3,104,76,45,43,1,2,61,43,35,41,2,0,2,0,0,0
FR_CVL_36,2020-06-04,88,3,104,76,45,43,1,2,61,43,35,41,0,0,0,0,0,0
FR_CVL_36,2020-06-05,88,3,104,76,45,43,1,2,61,43,35,41,0,0,0,0,0,0
FR_CVL_36,2020-06-06,88,3,104,76,45,43,1,2,61,43,35,41,0,0,0,0,0,0
FR_CVL_36,2020-06-07,88,3,104,76,45,43,1,2,61,43,35,41,0,0,0,0,0,0
FR_CVL_36,2020-06-08,88,3,104,76,45,43,1,2,61,43,35,41,0,0,0,0,0,0
FR_CVL_36,2020-06-09,84,3,107,77,43,41,1,2,63,44,35,42,3,1,2,1,0,1
FR_CVL_36,2020-06-10,84,3,107,77,43,41,1,2,63,44,35,42,0,0,0,0,0,0
FR_CVL_36,2020-06-11,84,3,107,77,43,41,1,2,63,44,35,42,0,0,0,0,0,0
FR_CVL_36,2020-06-12,84,3,107,77,43,41,1,2,63,44,35,42,0,0,0,0,0,0
FR_CVL_36,2020-06-13,82,3,109,78,42,40,1,2,64,45,36,42,2,1,1,1,1,0
FR_CVL_36,2020-06-14,82,3,109,78,42,40,1,2,64,45,36,42,0,0,0,0,0,0
FR_CVL_36,2020-06-15,82,3,109,78,42,40,1,2,64,45,36,42,0,0,0,0,0,0
FR_CVL_36,2020-06-16,82,3,109,78,42,40,1,2,64,45,36,42,0,0,0,0,0,0
FR_CVL_36,2020-06-17,81,3,109,79,41,40,1,2,64,45,37,42,0,1,0,0,1,0
FR_CVL_36,2020-06-18,81,3,109,79,41,40,1,2,64,45,37,42,0,0,0,0,0,0
FR_CVL_36,2020-06-19,81,3,109,79,41,40,1,2,64,45,37,42,0,0,0,0,0,0
FR_CVL_36,2020-06-20,81,3,109,79,41,40,1,2,64,45,37,42,0,0,0,0,0,0
FR_CVL_36,2020-06-21,81,3,109,79,41,40,1,2,64,45,37,42,0,0,0,0,0,0
FR_CVL_37,2020-03-18,4,1,0,0,2,2,0,1,0,0,0,0,,,,,,
FR_CVL_37,2020-03-19,6,3,0,0,2,4,1,2,0,0,0,0,0,0,0,0,0,0
FR_CVL_37,2020-03-20,12,5,0,1,4,8,1,4,0,0,0,1,0,1,0,0,0,1
FR_CVL_37,2020-03-21,12,4,1,1,4,8,0,4,1,0,0,1,1,0,1,0,0,0
FR_CVL_37,2020-03-22,13,5,1,1,5,8,1,4,1,0,0,1,0,0,0,0,0,0
FR_CVL_37,2020-03-23,18,6,1,2,7,11,1,5,1,0,0,2,0,1,0,0,0,1
FR_CVL_37,2020-03-24,22,6,4,2,8,14,1,5,3,1,0,2,3,0,2,1,0,0
FR_CVL_37,2020-03-25,25,8,9,3,9,16,1,7,6,3,0,3,5,1,3,2,0,1
FR_CVL_37,2020-03-26,33,9,12,3,13,20,1,8,7,5,0,3,3,0,1,2,0,0
FR_CVL_37,2020-03-27,51,15,18,3,24,27,3,12,10,8,0,3,6,0,3,3,0,0
FR_CVL_37,2020-03-28,51,15,22,4,24,27,3,12,12,10,0,4,4,1,2,2,0,1
FR_CVL_37,2020-03-29,57,17,23,4,26,31,4,13,12,11,0,4,1,0,0,1,0,0
FR_CVL_37,2020-03-30,81,21,25,4,38,43,6,15,13,12,0,4,2,0,1,1,0,0
FR_CVL_37,2020-03-31,101,29,27,5,46,55,9,20,14,13,1,4,2,1,1,1,1,0
FR_CVL_37,2020-04-01,113,35,37,11,52,61,11,24,19,18,2,9,10,6,5,5,1,5
FR_CVL_37,2020-04-02,137,42,40,12,62,75,14,28,19,21,3,9,3,1,0,3,1,0
FR_CVL_37,2020-04-03,147,45,47,16,67,80,14,31,21,26,4,12,7,4,2,5,1,3
FR_CVL_37,2020-04-04,169,54,55,17,78,91,16,38,27,28,4,13,8,1,6,2,0,1
FR_CVL_37,2020-04-05,165,52,64,18,79,86,14,38,30,34,4,14,9,1,3,6,0,1
FR_CVL_37,2020-04-06,180,56,66,21,84,96,14,42,30,36,5,16,2,3,0,2,1,2
FR_CVL_37,2020-04-07,180,60,73,21,84,96,18,42,32,41,5,16,7,0,2,5,0,0
FR_CVL_37,2020-04-08,191,59,82,23,94,97,16,43,34,48,5,18,9,2,2,7,0,2
FR_CVL_37,2020-04-09,192,60,89,28,95,97,16,44,38,51,7,21,7,5,4,3,2,3
FR_CVL_37,2020-04-10,191,59,95,30,96,95,15,44,40,55,8,22,6,2,2,4,1,1
FR_CVL_37,2020-04-11,198,62,103,33,100,98,19,43,43,60,9,24,8,3,3,5,1,2
FR_CVL_37,2020-04-12,192,56,106,36,93,99,14,42,47,59,11,25,3,3,4,-1,2,1
FR_CVL_37,2020-04-13,194,55,108,36,96,98,13,42,47,61,11,25,2,0,0,2,0,0
FR_CVL_37,2020-04-14,193,49,115,38,94,99,12,37,52,63,11,27,7,2,5,2,0,2
FR_CVL_37,2020-04-15,193,48,130,40,93,100,12,36,59,71,11,29,15,2,7,8,0,2
FR_CVL_37,2020-04-16,185,45,139,42,91,94,9,36,64,75,12,30,9,2,5,4,1,1
FR_CVL_37,2020-04-17,178,43,144,45,87,91,9,34,67,77,14,31,5,3,3,2,2,1
FR_CVL_37,2020-04-18,172,41,150,48,82,90,8,33,70,80,15,33,6,3,3,3,1,2
FR_CVL_37,2020-04-19,167,41,155,49,81,86,8,33,71,84,16,33,5,1,1,4,1,0
FR_CVL_37,2020-04-20,164,41,161,51,78,86,8,33,76,85,17,34,6,2,5,1,1,1
FR_CVL_37,2020-04-21,167,40,167,51,83,84,9,31,79,88,17,34,6,0,3,3,0,0
FR_CVL_37,2020-04-22,167,37,167,53,83,84,8,29,80,87,17,36,0,2,1,-1,0,2
FR_CVL_37,2020-04-23,161,36,174,54,84,77,8,28,82,92,17,37,7,1,2,5,0,1
FR_CVL_37,2020-04-24,158,36,181,55,81,77,8,28,88,93,17,38,7,1,6,1,0,1
FR_CVL_37,2020-04-25,162,38,184,56,83,79,8,30,90,94,17,39,3,1,2,1,0,1
FR_CVL_37,2020-04-26,164,35,187,56,83,81,8,27,93,94,17,39,3,0,3,0,0,0
FR_CVL_37,2020-04-27,161,35,188,57,82,79,9,26,93,95,18,39,1,1,0,1,1,0
FR_CVL_37,2020-04-28,158,35,191,57,80,78,9,26,94,97,18,39,3,0,1,2,0,0
FR_CVL_37,2020-04-29,162,33,203,58,87,75,8,25,101,102,19,39,12,1,7,5,1,0
FR_CVL_37,2020-04-30,159,29,206,58,86,73,7,22,104,102,19,39,3,0,3,0,0,0
FR_CVL_37,2020-05-01,159,30,209,59,84,75,6,24,107,102,20,39,3,1,3,0,1,0
FR_CVL_37,2020-05-02,159,29,211,59,83,76,6,23,108,103,20,39,2,0,1,1,0,0
FR_CVL_37,2020-05-03,162,29,211,59,84,78,6,23,108,103,20,39,0,0,0,0,0,0
FR_CVL_37,2020-05-04,162,28,210,63,85,77,5,23,107,103,21,42,-1,4,-1,0,1,3
FR_CVL_37,2020-05-05,155,24,222,65,81,74,5,19,113,109,23,42,12,2,6,6,2,0
FR_CVL_37,2020-05-06,153,23,228,65,78,75,5,18,119,109,23,42,6,0,6,0,0,0
FR_CVL_37,2020-05-07,151,23,231,66,76,75,5,18,121,110,23,43,3,1,2,1,0,1
FR_CVL_37,2020-05-08,146,22,235,66,75,71,5,17,122,113,23,43,4,0,1,3,0,0
FR_CVL_37,2020-05-09,145,21,236,67,75,70,5,16,123,113,23,44,1,1,1,0,0,1
FR_CVL_37,2020-05-10,145,19,236,68,75,70,5,14,123,113,23,45,0,1,0,0,0,1
FR_CVL_37,2020-05-11,141,17,241,69,72,69,5,12,127,114,23,46,5,1,4,1,0,1
FR_CVL_37,2020-05-12,135,17,250,71,69,66,5,12,131,119,24,47,9,2,4,5,1,1
FR_CVL_37,2020-05-13,133,15,254,71,69,64,4,11,133,121,24,47,4,0,2,2,0,0
FR_CVL_37,2020-05-14,129,14,258,73,66,63,3,11,135,123,25,48,4,2,2,2,1,1
FR_CVL_37,2020-05-15,127,14,263,73,62,65,2,12,139,124,25,48,5,0,4,1,0,0
FR_CVL_37,2020-05-16,126,14,264,73,62,64,2,12,139,125,25,48,1,0,0,1,0,0
FR_CVL_37,2020-05-17,125,14,265,73,62,63,2,12,139,126,25,48,1,0,0,1,0,0
FR_CVL_37,2020-05-18,119,14,269,74,58,61,2,12,143,126,25,49,4,1,4,0,0,1
FR_CVL_37,2020-05-19,116,13,270,76,55,61,2,11,145,125,27,49,1,2,2,-1,2,0
FR_CVL_37,2020-05-20,114,12,273,77,56,58,2,10,146,127,27,50,3,1,1,2,0,1
FR_CVL_37,2020-05-21,109,12,278,77,52,57,2,10,150,128,27,50,5,0,4,1,0,0
FR_CVL_37,2020-05-22,107,10,278,77,52,55,2,8,150,128,27,50,0,0,0,0,0,0
FR_CVL_37,2020-05-23,105,10,280,77,50,55,2,8,152,128,27,50,2,0,2,0,0,0
FR_CVL_37,2020-05-24,105,10,280,77,50,55,2,8,152,128,27,50,0,0,0,0,0,0
FR_CVL_37,2020-05-25,104,9,280,77,49,55,1,8,152,128,27,50,0,0,0,0,0,0
FR_CVL_37,2020-05-26,101,9,282,78,45,56,1,8,155,127,28,50,2,1,3,-1,1,0
FR_CVL_37,2020-05-27,94,9,290,79,40,54,1,8,161,129,28,51,8,1,6,2,0,1
FR_CVL_37,2020-05-28,92,9,292,79,39,53,1,8,162,130,28,51,2,0,1,1,0,0
FR_CVL_37,2020-05-29,89,9,296,79,39,50,1,8,163,133,28,51,4,0,1,3,0,0
FR_CVL_37,2020-05-30,90,8,297,79,38,52,1,7,164,133,28,51,1,0,1,0,0,0
FR_CVL_37,2020-05-31,90,8,297,79,38,52,1,7,164,133,28,51,0,0,0,0,0,0
FR_CVL_37,2020-06-01,89,8,297,80,38,51,1,7,164,133,28,52,0,1,0,0,0,1
FR_CVL_37,2020-06-02,89,8,297,80,38,51,1,7,164,133,28,52,0,0,0,0,0,0
FR_CVL_37,2020-06-03,89,8,298,80,37,52,1,7,165,133,28,52,1,0,1,0,0,0
FR_CVL_37,2020-06-04,88,8,299,80,37,51,1,7,165,134,28,52,1,0,0,1,0,0
FR_CVL_37,2020-06-05,88,8,300,80,37,51,1,7,165,135,28,52,1,0,0,1,0,0
FR_CVL_37,2020-06-06,88,8,300,80,37,51,1,7,165,135,28,52,0,0,0,0,0,0
FR_CVL_37,2020-06-07,87,7,300,80,37,50,1,6,165,135,28,52,0,0,0,0,0,0
FR_CVL_37,2020-06-08,81,5,302,81,34,47,1,4,167,135,28,53,2,1,2,0,0,1
FR_CVL_37,2020-06-09,80,5,303,81,34,46,1,4,167,136,28,53,1,0,0,1,0,0
FR_CVL_37,2020-06-10,78,6,305,81,34,44,2,4,168,137,28,53,2,0,1,1,0,0
FR_CVL_37,2020-06-11,74,5,308,82,33,41,2,3,169,139,28,54,3,1,1,2,0,1
FR_CVL_37,2020-06-12,72,5,309,82,32,40,2,3,170,139,28,54,1,0,1,0,0,0
FR_CVL_37,2020-06-13,73,5,308,82,33,40,2,3,169,139,28,54,-1,0,-1,0,0,0
FR_CVL_37,2020-06-14,73,5,308,82,33,40,2,3,169,139,28,54,0,0,0,0,0,0
FR_CVL_37,2020-06-15,74,5,308,82,34,40,2,3,169,139,28,54,0,0,0,0,0,0
FR_CVL_37,2020-06-16,70,5,312,82,31,39,2,3,172,140,28,54,4,0,3,1,0,0
FR_CVL_37,2020-06-17,70,5,312,82,31,39,2,3,172,140,28,54,0,0,0,0,0,0
FR_CVL_37,2020-06-18,69,4,312,82,31,38,2,2,172,140,28,54,0,0,0,0,0,0
FR_CVL_37,2020-06-19,66,3,314,84,30,36,2,1,173,141,28,56,2,2,1,1,0,2
FR_CVL_37,2020-06-20,66,3,314,84,30,36,2,1,173,141,28,56,0,0,0,0,0,0
FR_CVL_37,2020-06-21,66,3,314,84,30,36,2,1,173,141,28,56,0,0,0,0,0,0
FR_CVL_41,2020-03-18,0,0,0,0,0,0,0,0,0,0,0,0,,,,,,
FR_CVL_41,2020-03-19,2,0,1,0,2,0,0,0,0,1,0,0,1,0,0,1,0,0
FR_CVL_41,2020-03-20,4,0,0,0,3,1,0,0,0,0,0,0,-1,0,0,-1,0,0
FR_CVL_41,2020-03-21,4,0,0,0,3,1,0,0,0,0,0,0,0,0,0,0,0,0
FR_CVL_41,2020-03-22,4,0,0,0,3,1,0,0,0,0,0,0,0,0,0,0,0,0
FR_CVL_41,2020-03-23,6,1,1,0,3,3,0,1,0,1,0,0,1,0,0,1,0,0
FR_CVL_41,2020-03-24,10,1,6,0,3,7,0,1,2,4,0,0,5,0,2,3,0,0
FR_CVL_41,2020-03-25,11,2,7,0,4,7,1,1,2,5,0,0,1,0,0,1,0,0
FR_CVL_41,2020-03-26,16,2,8,0,4,12,0,2,3,5,0,0,1,0,1,0,0,0
FR_CVL_41,2020-03-27,24,4,8,0,7,17,0,4,3,5,0,0,0,0,0,0,0,0
FR_CVL_41,2020-03-28,29,4,12,3,11,18,0,4,5,7,1,2,4,3,2,2,1,2
FR_CVL_41,2020-03-29,29,4,12,3,11,18,0,4,5,7,1,2,0,0,0,0,0,0
FR_CVL_41,2020-03-30,48,6,14,4,18,30,0,6,7,7,2,2,2,1,2,0,1,0
FR_CVL_41,2020-03-31,49,10,16,4,21,28,2,8,7,9,2,2,2,0,0,2,0,0
FR_CVL_41,2020-04-01,58,11,17,7,23,35,2,9,7,10,3,4,1,3,0,1,1,2
FR_CVL_41,2020-04-02,73,14,18,7,26,47,2,12,8,10,3,4,1,0,1,0,0,0
FR_CVL_41,2020-04-03,67,13,32,10,24,43,2,11,14,18,4,6,14,3,6,8,1,2
FR_CVL_41,2020-04-04,67,14,34,12,25,42,3,11,16,18,4,8,2,2,2,0,0,2
FR_CVL_41,2020-04-05,66,14,36,12,25,41,3,11,17,19,4,8,2,0,1,1,0,0
FR_CVL_41,2020-04-06,83,14,37,13,30,53,4,10,17,20,5,8,1,1,0,1,1,0
FR_CVL_41,2020-04-07,86,14,43,14,35,51,4,10,20,23,6,8,6,1,3,3,1,0
FR_CVL_41,2020-04-08,91,16,47,16,33,58,4,12,24,23,7,9,4,2,4,0,1,1
FR_CVL_41,2020-04-09,103,17,48,16,38,65,5,12,24,24,7,9,1,0,0,1,0,0
FR_CVL_41,2020-04-10,93,17,58,18,36,57,5,12,26,32,7,11,10,2,2,8,0,2
FR_CVL_41,2020-04-11,93,15,61,21,37,56,4,11,28,33,8,13,3,3,2,1,1,2
FR_CVL_41,2020-04-12,96,15,61,21,38,58,4,11,28,33,8,13,0,0,0,0,0,0
FR_CVL_41,2020-04-13,97,14,62,22,39,58,4,10,28,34,8,14,1,1,0,1,0,1
FR_CVL_41,2020-04-14,104,15,64,25,45,59,4,11,29,35,8,17,2,3,1,1,0,3
FR_CVL_41,2020-04-15,99,16,70,27,45,54,4,12,30,40,8,19,6,2,1,5,0,2
FR_CVL_41,2020-04-16,101,12,73,28,46,55,3,9,32,41,9,19,3,1,2,1,1,0
FR_CVL_41,2020-04-17,107,18,77,29,47,60,5,13,35,42,9,20,4,1,3,1,0,1
FR_CVL_41,2020-04-18,109,17,78,31,51,58,5,12,36,42,9,22,1,2,1,0,0,2
FR_CVL_41,2020-04-19,109,17,78,31,51,58,5,12,36,42,9,22,0,0,0,0,0,0
FR_CVL_41,2020-04-20,114,19,85,35,55,59,6,13,39,46,11,24,7,4,3,4,2,2
FR_CVL_41,2020-04-21,111,17,90,36,55,56,4,13,41,49,12,24,5,1,2,3,1,0
FR_CVL_41,2020-04-22,113,15,97,36,57,56,3,12,45,52,12,24,7,0,4,3,0,0
FR_CVL_41,2020-04-23,115,13,100,36,59,56,2,11,46,54,12,24,3,0,1,2,0,0
FR_CVL_41,2020-04-24,120,14,102,38,62,58,4,10,47,55,14,24,2,2,1,1,2,0
FR_CVL_41,2020-04-25,124,14,105,38,65,59,4,10,50,55,14,24,3,0,3,0,0,0
FR_CVL_41,2020-04-26,126,14,105,38,67,59,4,10,50,55,14,24,0,0,0,0,0,0
FR_CVL_41,2020-04-27,130,13,107,40,69,61,3,10,52,55,15,25,2,2,2,0,1,1
FR_CVL_41,2020-04-28,128,13,108,40,69,59,3,10,52,56,15,25,1,0,0,1,0,0
FR_CVL_41,2020-04-29,127,12,122,43,68,59,3,9,61,61,16,27,14,3,9,5,1,2
FR_CVL_41,2020-04-30,136,11,131,46,69,67,2,9,66,65,19,27,9,3,5,4,3,0
FR_CVL_41,2020-05-01,136,12,133,47,68,68,1,11,66,67,20,27,2,1,0,2,1,0
FR_CVL_41,2020-05-02,138,11,134,48,70,68,1,10,66,68,20,28,1,1,0,1,0,1
FR_CVL_41,2020-05-03,142,12,134,48,72,70,2,10,66,68,20,28,0,0,0,0,0,0
FR_CVL_41,2020-05-04,138,12,139,49,69,69,2,10,69,70,21,28,5,1,3,2,1,0
FR_CVL_41,2020-05-05,142,9,143,50,73,69,1,8,70,73,21,29,4,1,1,3,0,1
FR_CVL_41,2020-05-06,132,8,151,51,69,63,1,7,74,77,21,30,8,1,4,4,0,1
FR_CVL_41,2020-05-07,136,7,155,52,72,64,1,6,76,79,21,31,4,1,2,2,0,1
FR_CVL_41,2020-05-08,133,6,158,53,70,63,1,5,78,80,21,32,3,1,2,1,0,1
FR_CVL_41,2020-05-09,134,6,159,53,71,63,1,5,79,80,21,32,1,0,1,0,0,0
FR_CVL_41,2020-05-10,137,6,159,54,73,64,1,5,79,80,22,32,0,1,0,0,1,0
FR_CVL_41,2020-05-11,143,5,159,54,76,67,1,4,79,80,22,32,0,0,0,0,0,0
FR_CVL_41,2020-05-12,140,5,164,54,74,66,1,4,82,82,22,32,5,0,3,2,0,0
FR_CVL_41,2020-05-13,135,5,172,55,73,62,1,4,83,89,23,32,8,1,1,7,1,0
FR_CVL_41,2020-05-14,133,6,180,55,69,64,1,5,88,92,23,32,8,0,5,3,0,0
FR_CVL_41,2020-05-15,133,7,179,57,67,66,1,6,90,89,23,34,-1,2,2,-3,0,2
FR_CVL_41,2020-05-16,129,5,180,57,65,64,1,4,90,90,24,33,1,0,0,1,1,-1
FR_CVL_41,2020-05-17,129,5,180,57,65,64,1,4,90,90,24,33,0,0,0,0,0,0
FR_CVL_41,2020-05-18,129,6,185,58,62,67,1,5,94,91,25,33,5,1,4,1,1,0
FR_CVL_41,2020-05-19,125,7,190,60,57,68,1,6,98,92,26,34,5,2,4,1,1,1
FR_CVL_41,2020-05-20,120,7,196,60,55,65,1,6,101,95,26,34,6,0,3,3,0,0
FR_CVL_41,2020-05-21,120,7,196,60,55,65,1,6,101,95,26,34,0,0,0,0,0,0
FR_CVL_41,2020-05-22,123,9,196,60,55,68,2,7,101,95,26,34,0,0,0,0,0,0
FR_CVL_41,2020-05-23,120,8,199,61,54,66,1,7,101,98,27,34,3,1,0,3,1,0
FR_CVL_41,2020-05-24,120,8,199,61,54,66,1,7,101,98,27,34,0,0,0,0,0,0
FR_CVL_41,2020-05-25,119,8,201,63,55,64,2,6,101,100,27,36,2,2,0,2,0,2
FR_CVL_41,2020-05-26,114,6,206,63,54,60,1,5,102,104,27,36,5,0,1,4,0,0
FR_CVL_41,2020-05-27,113,4,207,63,54,59,1,3,102,105,27,36,1,0,0,1,0,0
FR_CVL_41,2020-05-28,105,4,216,63,48,57,1,3,109,107,27,36,9,0,7,2,0,0
FR_CVL_41,2020-05-29,102,2,219,63,48,54,1,1,109,110,27,36,3,0,0,3,0,0
FR_CVL_41,2020-05-30,100,2,221,63,47,53,1,1,110,111,27,36,2,0,1,1,0,0
FR_CVL_41,2020-05-31,100,2,221,63,47,53,1,1,110,111,27,36,0,0,0,0,0,0
FR_CVL_41,2020-06-01,100,2,221,63,47,53,1,1,110,111,27,36,0,0,0,0,0,0
FR_CVL_41,2020-06-02,100,2,223,63,47,53,1,1,111,112,27,36,2,0,1,1,0,0
FR_CVL_41,2020-06-03,97,2,226,63,46,51,1,1,112,114,27,36,3,0,1,2,0,0
FR_CVL_41,2020-06-04,96,0,227,63,46,50,0,0,112,115,27,36,1,0,0,1,0,0
FR_CVL_41,2020-06-05,93,0,229,63,45,48,0,0,113,116,27,36,2,0,1,1,0,0
FR_CVL_41,2020-06-06,91,0,229,63,45,46,0,0,113,116,27,36,0,0,0,0,0,0
FR_CVL_41,2020-06-07,91,0,229,63,45,46,0,0,113,116,27,36,0,0,0,0,0,0
FR_CVL_41,2020-06-08,92,0,229,63,46,46,0,0,113,116,27,36,0,0,0,0,0,0
FR_CVL_41,2020-06-09,92,0,229,63,46,46,0,0,113,116,27,36,0,0,0,0,0,0
FR_CVL_41,2020-06-10,89,0,232,63,44,45,0,0,115,117,27,36,3,0,2,1,0,0
FR_CVL_41,2020-06-11,89,0,232,63,44,45,0,0,115,117,27,36,0,0,0,0,0,0
FR_CVL_41,2020-06-12,89,0,232,63,44,45,0,0,115,117,27,36,0,0,0,0,0,0
FR_CVL_41,2020-06-13,89,0,232,63,44,45,0,0,115,117,27,36,0,0,0,0,0,0
FR_CVL_41,2020-06-14,89,0,232,63,44,45,0,0,115,117,27,36,0,0,0,0,0,0
FR_CVL_41,2020-06-15,89,0,232,63,44,45,0,0,115,117,27,36,0,0,0,0,0,0
FR_CVL_41,2020-06-16,89,0,232,63,44,45,0,0,115,117,27,36,0,0,0,0,0,0
FR_CVL_41,2020-06-17,87,0,234,63,43,44,0,0,116,118,27,36,2,0,1,1,0,0
FR_CVL_41,2020-06-18,87,0,234,63,43,44,0,0,116,118,27,36,0,0,0,0,0,0
FR_CVL_41,2020-06-19,87,0,234,63,43,44,0,0,116,118,27,36,0,0,0,0,0,0
FR_CVL_41,2020-06-20,88,0,234,63,44,44,0,0,116,118,27,36,0,0,0,0,0,0
FR_CVL_41,2020-06-21,88,0,234,63,44,44,0,0,116,118,27,36,0,0,0,0,0,0
FR_CVL_45,2020-03-18,5,1,0,0,2,3,0,1,0,0,0,0,,,,,,
FR_CVL_45,2020-03-19,9,3,0,0,3,6,0,3,0,0,0,0,0,0,0,0,0,0
FR_CVL_45,2020-03-20,26,5,2,0,11,15,1,4,1,1,0,0,2,0,1,1,0,0
FR_CVL_45,2020-03-21,30,6,3,0,16,14,1,5,1,2,0,0,1,0,0,1,0,0
FR_CVL_45,2020-03-22,37,12,7,1,18,19,3,9,4,3,1,0,4,1,3,1,1,0
FR_CVL_45,2020-03-23,43,16,11,2,22,21,3,13,5,6,1,1,4,1,1,3,0,1
FR_CVL_45,2020-03-24,43,16,10,2,22,21,3,13,4,6,1,1,-1,0,-1,0,0,0
FR_CVL_45,2020-03-25,48,18,13,1,23,25,4,14,6,7,1,0,3,-1,2,1,0,-1
FR_CVL_45,2020-03-26,58,25,18,3,24,34,5,20,9,9,2,1,5,2,3,2,1,1
FR_CVL_45,2020-03-27,62,25,20,4,26,36,5,20,9,11,2,2,2,1,0,2,0,1
FR_CVL_45,2020-03-28,82,29,23,6,34,48,5,24,11,12,4,2,3,2,2,1,2,0
FR_CVL_45,2020-03-29,114,38,26,8,43,71,9,29,13,13,5,3,3,2,2,1,1,1
FR_CVL_45,2020-03-30,138,39,32,11,55,83,9,30,16,16,6,5,6,3,3,3,1,2
FR_CVL_45,2020-03-31,150,46,36,13,61,89,10,36,18,18,6,7,4,2,2,2,0,2
FR_CVL_45,2020-04-01,178,57,42,14,72,106,11,46,21,21,7,7,6,1,3,3,1,0
FR_CVL_45,2020-04-02,194,63,54,16,77,117,14,49,27,27,7,9,12,2,6,6,0,2
FR_CVL_45,2020-04-03,215,72,65,20,87,128,14,58,33,32,8,12,11,4,6,5,1,3
FR_CVL_45,2020-04-04,225,69,86,21,94,131,12,57,44,42,8,13,21,1,11,10,0,1
FR_CVL_45,2020-04-05,228,69,98,23,95,133,11,58,52,46,9,14,12,2,8,4,1,1
FR_CVL_45,2020-04-06,241,76,107,25,96,145,14,62,59,48,9,16,9,2,7,2,0,2
FR_CVL_45,2020-04-07,246,75,123,27,99,147,15,60,66,57,9,18,16,2,7,9,0,2
FR_CVL_45,2020-04-08,262,80,141,28,106,156,16,64,74,67,9,19,18,1,8,10,0,1
FR_CVL_45,2020-04-09,255,76,160,32,103,152,16,60,85,75,10,22,19,4,11,8,1,3
FR_CVL_45,2020-04-10,264,79,181,34,110,154,18,61,95,86,10,24,21,2,10,11,0,2
FR_CVL_45,2020-04-11,276,74,198,39,112,164,16,58,103,95,13,26,17,5,8,9,3,2
FR_CVL_45,2020-04-12,282,72,206,40,119,163,16,56,105,101,14,26,8,1,2,6,1,0
FR_CVL_45,2020-04-13,290,77,218,41,123,167,17,60,107,111,14,27,12,1,2,10,0,1
FR_CVL_45,2020-04-14,296,77,226,44,125,171,17,60,111,115,16,28,8,3,4,4,2,1
FR_CVL_45,2020-04-15,286,71,250,48,126,160,16,55,121,129,17,31,24,4,10,14,1,3
FR_CVL_45,2020-04-16,272,67,277,49,125,147,16,51,135,142,17,32,27,1,14,13,0,1
FR_CVL_45,2020-04-17,260,73,291,49,119,141,18,55,141,150,17,32,14,0,6,8,0,0
FR_CVL_45,2020-04-18,250,71,307,53,112,138,17,54,150,157,19,34,16,4,9,7,2,2
FR_CVL_45,2020-04-19,255,74,312,55,115,140,16,58,152,160,21,34,5,2,2,3,2,0
FR_CVL_45,2020-04-20,254,73,316,57,115,139,16,57,154,162,22,35,4,2,2,2,1,1
FR_CVL_45,2020-04-21,249,63,331,58,112,137,15,48,163,168,22,36,15,1,9,6,0,1
FR_CVL_45,2020-04-22,255,64,338,61,115,140,17,47,166,172,23,38,7,3,3,4,1,2
FR_CVL_45,2020-04-23,255,57,350,61,119,136,14,43,169,181,23,38,12,0,3,9,0,0
FR_CVL_45,2020-04-24,251,56,354,63,118,133,15,41,170,184,23,40,4,2,1,3,0,2
FR_CVL_45,2020-04-25,247,53,361,64,115,132,14,39,176,185,24,40,7,1,6,1,1,0
FR_CVL_45,2020-04-26,244,54,362,66,111,133,14,40,177,185,26,40,1,2,1,0,2,0
FR_CVL_45,2020-04-27,249,57,365,67,114,135,15,42,178,187,27,40,3,1,1,2,1,0
FR_CVL_45,2020-04-28,244,57,370,69,111,133,16,41,181,189,28,41,5,2,3,2,1,1
FR_CVL_45,2020-04-29,237,50,388,72,112,125,15,35,188,200,29,43,18,3,7,11,1,2
FR_CVL_45,2020-04-30,239,48,395,72,110,129,13,35,192,203,29,43,7,0,4,3,0,0
FR_CVL_45,2020-05-01,246,44,400,73,114,132,13,31,194,206,29,44,5,1,2,3,0,1
FR_CVL_45,2020-05-02,247,43,401,73,115,132,12,31,194,207,29,44,1,0,0,1,0,0
FR_CVL_45,2020-05-03,249,45,402,74,116,133,12,33,195,207,29,45,1,1,1,0,0,1
FR_CVL_45,2020-05-04,245,44,407,75,114,131,12,32,199,208,30,45,5,1,4,1,1,0
FR_CVL_45,2020-05-05,242,39,425,75,112,130,12,27,208,217,30,45,18,0,9,9,0,0
FR_CVL_45,2020-05-06,225,32,440,78,102,123,9,23,217,223,30,48,15,3,9,6,0,3
FR_CVL_45,2020-05-07,210,31,450,79,96,114,8,23,221,229,30,49,10,1,4,6,0,1
FR_CVL_45,2020-05-08,197,26,464,81,93,104,8,18,226,238,30,51,14,2,5,9,0,2
FR_CVL_45,2020-05-09,196,26,465,81,92,104,8,18,227,238,30,51,1,0,1,0,0,0
FR_CVL_45,2020-05-10,196,26,465,81,92,104,8,18,227,238,30,51,0,0,0,0,0,0
FR_CVL_45,2020-05-11,196,27,460,82,90,106,8,19,223,237,31,51,-5,1,-4,-1,1,0
FR_CVL_45,2020-05-12,190,28,468,82,88,102,9,19,225,243,31,51,8,0,2,6,0,0
FR_CVL_45,2020-05-13,184,27,474,83,86,98,8,19,228,246,31,52,6,1,3,3,0,1
FR_CVL_45,2020-05-14,176,25,481,85,79,97,7,18,234,247,32,53,7,2,6,1,1,1
FR_CVL_45,2020-05-15,172,23,488,86,74,98,7,16,239,249,32,54,7,1,5,2,0,1
FR_CVL_45,2020-05-16,162,20,495,88,71,91,6,14,241,254,33,55,7,2,2,5,1,1
FR_CVL_45,2020-05-17,160,20,497,88,69,91,6,14,243,254,33,55,2,0,2,0,0,0
FR_CVL_45,2020-05-18,157,20,500,88,69,88,6,14,243,257,33,55,3,0,0,3,0,0
FR_CVL_45,2020-05-19,152,17,506,89,67,85,6,11,247,259,33,56,6,1,4,2,0,1
FR_CVL_45,2020-05-20,148,17,510,90,65,83,6,11,249,261,33,57,4,1,2,2,0,1
FR_CVL_45,2020-05-21,142,17,516,91,59,83,6,11,254,262,34,57,6,1,5,1,1,0
FR_CVL_45,2020-05-22,138,16,518,91,58,80,5,11,254,264,34,57,2,0,0,2,0,0
FR_CVL_45,2020-05-23,136,16,520,92,57,79,5,11,256,264,34,58,2,1,2,0,0,1
FR_CVL_45,2020-05-24,136,16,520,92,57,79,5,11,256,264,34,58,0,0,0,0,0,0
FR_CVL_45,2020-05-25,140,16,520,92,60,80,5,11,256,264,34,58,0,0,0,0,0,0
FR_CVL_45,2020-05-26,130,16,530,93,55,75,5,11,261,269,34,59,10,1,5,5,0,1
FR_CVL_45,2020-05-27,131,16,529,93,55,76,5,11,261,268,34,59,-1,0,0,-1,0,0
FR_CVL_45,2020-05-28,125,16,536,93,52,73,5,11,265,271,34,59,7,0,4,3,0,0
FR_CVL_45,2020-05-29,119,15,539,96,48,71,5,10,266,273,37,59,3,3,1,2,3,0
FR_CVL_45,2020-05-30,118,15,539,96,47,71,5,10,266,273,37,59,0,0,0,0,0,0
FR_CVL_45,2020-05-31,117,15,540,96,47,70,5,10,266,274,37,59,1,0,0,1,0,0
FR_CVL_45,2020-06-01,117,13,540,96,47,70,4,9,266,274,37,59,0,0,0,0,0,0
FR_CVL_45,2020-06-02,115,13,542,96,47,68,4,9,266,276,37,59,2,0,0,2,0,0
FR_CVL_45,2020-06-03,113,14,544,98,48,65,5,9,266,278,37,61,2,2,0,2,0,2
FR_CVL_45,2020-06-04,114,14,544,98,47,67,5,9,267,277,37,61,0,0,1,-1,0,0
FR_CVL_45,2020-06-05,107,11,552,98,44,63,4,7,271,281,37,61,8,0,4,4,0,0
FR_CVL_45,2020-06-06,105,11,555,98,44,61,4,7,272,283,37,61,3,0,1,2,0,0
FR_CVL_45,2020-06-07,104,11,557,98,44,60,4,7,272,285,37,61,2,0,0,2,0,0
FR_CVL_45,2020-06-08,105,11,557,98,44,61,4,7,272,285,37,61,0,0,0,0,0,0
FR_CVL_45,2020-06-09,97,9,562,98,42,55,3,6,273,289,37,61,5,0,1,4,0,0
FR_CVL_45,2020-06-10,91,9,568,98,38,53,3,6,277,291,37,61,6,0,4,2,0,0
FR_CVL_45,2020-06-11,91,9,568,98,38,53,3,6,277,291,37,61,0,0,0,0,0,0
FR_CVL_45,2020-06-12,88,9,570,100,37,51,3,6,278,292,37,63,2,2,1,1,0,2
FR_CVL_45,2020-06-13,89,9,570,100,37,52,3,6,278,292,37,63,0,0,0,0,0,0
FR_CVL_45,2020-06-14,89,9,570,100,37,52,3,6,278,292,37,63,0,0,0,0,0,0
FR_CVL_45,2020-06-15,89,9,570,100,37,52,3,6,278,292,37,63,0,0,0,0,0,0
FR_CVL_45,2020-06-16,86,8,573,100,35,51,2,6,280,293,37,63,3,0,2,1,0,0
FR_CVL_45,2020-06-17,86,8,574,100,35,51,2,6,281,293,37,63,1,0,1,0,0,0
FR_CVL_45,2020-06-18,84,6,575,101,34,50,1,5,281,294,38,63,1,1,0,1,1,0
FR_CVL_45,2020-06-19,83,6,576,101,34,49,1,5,281,295,38,63,1,0,0,1,0,0
FR_CVL_45,2020-06-20,83,5,576,101,34,49,1,4,281,295,38,63,0,0,0,0,0,0
FR_CVL_45,2020-06-21,83,5,576,101,34,49,1,4,281,295,38,63,0,0,0,0,0,0
FR_GES,2020-03-18,870,203,144,119,390,480,67,136,63,81,60,59,,,,,,
FR_GES,2020-03-19,1095,240,185,147,489,606,72,168,83,102,73,74,41,28,20,21,13,15
FR_GES,2020-03-20,1348,293,279,182,600,748,84,209,140,139,89,93,94,35,57,37,16,19
FR_GES,2020-03-21,1481,330,329,209,650,831,94,236,165,164,100,109,50,27,25,25,11,16
FR_GES,2020-03-22,1652,367,388,248,723,929,95,272,193,195,119,129,59,39,28,31,19,20
FR_GES,2020-03-23,1963,428,467,323,842,1121,113,315,241,226,142,181,79,75,48,31,23,52
FR_GES,2020-03-24,2382,501,615,403,1039,1343,134,367,314,301,167,236,148,80,73,75,25,55
FR_GES,2020-03-25,2697,573,761,502,1172,1525,144,429,384,377,211,291,146,99,70,76,44,55
FR_GES,2020-03-26,2950,629,953,580,1286,1664,156,473,474,479,239,341,192,78,90,102,28,50
FR_GES,2020-03-27,3258,692,1063,654,1393,1865,176,516,536,527,274,380,110,74,62,48,35,39
FR_GES,2020-03-28,3491,747,1252,749,1469,2022,180,567,642,610,308,441,189,95,106,83,34,61
FR_GES,2020-03-29,3703,786,1335,811,1552,2151,188,598,684,651,331,480,83,62,42,41,23,39
FR_GES,2020-03-30,3914,836,1474,915,1632,2282,198,638,747,727,369,546,139,104,63,76,38,66
FR_GES,2020-03-31,4209,882,1689,1011,1760,2449,212,670,846,843,390,621,215,96,99,116,21,75
FR_GES,2020-04-01,4426,910,1957,1122,1864,2562,228,682,972,985,427,695,268,111,126,142,37,74
FR_GES,2020-04-02,4595,938,2204,1174,1945,2650,246,692,1094,1110,437,737,247,52,122,125,10,42
FR_GES,2020-04-03,4644,958,2519,1306,1953,2691,242,716,1253,1266,501,805,315,132,159,156,64,68
FR_GES,2020-04-04,4638,948,2775,1397,1981,2657,246,702,1359,1416,532,865,256,91,106,150,31,60
FR_GES,2020-04-05,4671,936,2929,1466,2002,2669,247,689,1421,1508,565,901,154,69,62,92,33,36
FR_GES,2020-04-06,4736,923,3092,1567,2066,2670,255,668,1486,1606,605,962,163,101,65,98,40,61
FR_GES,2020-04-07,4760,936,3432,1664,2122,2638,261,675,1641,1791,651,1013,340,97,155,185,46,51
FR_GES,2020-04-08,4656,924,3767,1770,2092,2564,264,660,1792,1975,699,1071,335,106,151,184,48,58
FR_GES,2020-04-09,4714,906,4127,1842,2128,2586,257,649,1965,2162,729,1113,360,72,173,187,30,42
FR_GES,2020-04-10,4844,878,4411,1939,2239,2605,256,622,2078,2333,775,1164,284,97,113,171,46,51
FR_GES,2020-04-11,4786,870,4548,1995,2216,2570,252,618,2145,2403,793,1202,137,56,67,70,18,38
FR_GES,2020-04-12,4833,867,4688,2051,2262,2571,250,617,2208,2480,817,1234,140,56,63,77,24,32
FR_GES,2020-04-13,4869,870,4750,2092,2273,2596,252,618,2230,2520,834,1258,62,41,22,40,17,24
FR_GES,2020-04-14,4939,863,4889,2150,2327,2612,256,607,2297,2592,858,1292,139,58,67,72,24,34
FR_GES,2020-04-15,4835,824,5283,2234,2296,2539,252,572,2472,2811,911,1323,394,84,175,219,53,31
FR_GES,2020-04-16,4728,803,5577,2290,2232,2496,246,557,2620,2957,936,1354,294,56,148,146,25,31
FR_GES,2020-04-17,4684,783,5786,2341,2210,2474,238,545,2727,3059,959,1382,209,51,107,102,23,28
FR_GES,2020-04-18,4592,751,6015,2406,2175,2417,231,520,2840,3175,983,1423,229,65,113,116,24,41
FR_GES,2020-04-19,4569,737,6095,2446,2167,2402,226,511,2880,3215,1002,1444,80,40,40,40,19,21
FR_GES,2020-04-20,4549,735,6174,2498,2171,2378,225,510,2913,3261,1026,1472,79,52,33,46,24,28
FR_GES,2020-04-21,4505,706,6428,2547,2165,2340,215,491,3037,3391,1046,1501,254,49,124,130,20,29
FR_GES,2020-04-22,4447,686,6622,2595,2125,2322,205,481,3127,3495,1068,1527,194,48,90,104,22,26
FR_GES,2020-04-23,4378,682,6832,2629,2103,2275,201,481,3232,3600,1083,1546,210,34,105,105,15,19
FR_GES,2020-04-24,4306,667,7002,2662,2055,2251,197,470,3312,3690,1103,1559,170,33,80,90,20,13
FR_GES,2020-04-25,4217,642,7178,2697,2034,2183,188,454,3386,3792,1113,1584,176,35,74,102,10,25
FR_GES,2020-04-26,4209,637,7220,2720,2040,2169,186,451,3404,3816,1120,1600,42,23,18,24,7,16
FR_GES,2020-04-27,4188,619,7321,2762,2016,2172,175,444,3456,3865,1137,1625,101,42,52,49,17,25
FR_GES,2020-04-28,4131,599,7436,2781,1990,2141,172,427,3522,3914,1143,1638,115,19,66,49,6,13
FR_GES,2020-04-29,3975,572,7817,2855,1920,2055,154,418,3705,4112,1170,1685,381,74,183,198,27,47
FR_GES,2020-04-30,3892,540,8018,2876,1898,1994,143,397,3793,4225,1180,1696,201,21,88,113,10,11
FR_GES,2020-05-01,3812,516,8155,2906,1866,1946,135,381,3856,4299,1193,1713,137,30,63,74,13,17
FR_GES,2020-05-02,3805,513,8224,2928,1856,1949,135,378,3893,4331,1203,1725,69,22,37,32,10,12
FR_GES,2020-05-03,3786,503,8284,2944,1844,1942,135,368,3931,4353,1206,1738,60,16,38,22,3,13
FR_GES,2020-05-04,3761,497,8354,2974,1809,1952,134,363,3975,4379,1220,1754,70,30,44,26,14,16
FR_GES,2020-05-05,3658,462,8523,3002,1765,1893,121,341,4057,4466,1231,1771,169,28,82,87,11,17
FR_GES,2020-05-06,3491,403,8689,3028,1687,1804,101,302,4149,4540,1239,1789,166,26,92,74,8,18
FR_GES,2020-05-07,3420,379,8695,3051,1667,1753,100,279,4145,4550,1247,1804,6,23,-4,10,8,15
FR_GES,2020-05-08,3364,365,8797,3081,1640,1724,95,270,4201,4596,1255,1826,102,30,56,46,8,22
FR_GES,2020-05-09,3321,361,8854,3095,1625,1696,92,269,4225,4629,1258,1837,57,14,24,33,3,11
FR_GES,2020-05-10,3309,350,8874,3103,1623,1686,87,263,4231,4643,1261,1842,20,8,6,14,3,5
FR_GES,2020-05-11,3299,342,8928,3128,1617,1682,82,260,4260,4668,1276,1852,54,25,29,25,15,10
FR_GES,2020-05-12,3228,300,9064,3160,1585,1643,73,227,4337,4727,1288,1872,136,32,77,59,12,20
FR_GES,2020-05-13,3154,278,9211,3180,1545,1609,68,210,4414,4797,1296,1884,147,20,77,70,8,12
FR_GES,2020-05-14,3013,255,9403,3211,1476,1537,58,197,4513,4890,1313,1898,192,31,99,93,17,14
FR_GES,2020-05-15,2919,253,9554,3238,1430,1489,61,192,4593,4961,1328,1910,151,27,80,71,15,12
FR_GES,2020-05-16,2821,247,9671,3245,1381,1440,62,185,4660,5011,1328,1917,117,7,67,50,0,7
FR_GES,2020-05-17,2793,234,9705,3261,1368,1425,63,171,4679,5026,1332,1929,34,16,19,15,4,12
FR_GES,2020-05-18,2786,233,9760,3280,1366,1420,63,170,4701,5059,1340,1940,55,19,22,33,8,11
FR_GES,2020-05-19,2726,226,9890,3302,1345,1381,62,164,4764,5126,1348,1954,130,22,63,67,8,14
FR_GES,2020-05-20,2636,218,10008,3320,1291,1345,62,156,4829,5179,1358,1962,118,18,65,53,10,8
FR_GES,2020-05-21,2577,217,10066,3323,1252,1325,61,156,4864,5202,1359,1964,58,3,35,23,1,2
FR_GES,2020-05-22,2519,209,10148,3338,1226,1293,57,152,4904,5244,1367,1971,82,15,40,42,8,7
FR_GES,2020-05-23,2515,209,10196,3346,1223,1292,57,152,4928,5268,1370,1976,48,8,24,24,3,5
FR_GES,2020-05-24,2495,203,10221,3357,1219,1276,56,147,4937,5284,1373,1984,25,11,9,16,3,8
FR_GES,2020-05-25,2452,194,10312,3364,1197,1255,56,138,4989,5323,1373,1991,91,7,52,39,0,7
FR_GES,2020-05-26,2378,181,10395,3368,1161,1217,51,130,5029,5366,1376,1992,83,4,40,43,3,1
FR_GES,2020-05-27,2276,180,10528,3377,1116,1160,50,130,5092,5436,1381,1996,133,9,63,70,5,4
FR_GES,2020-05-28,2212,178,10631,3385,1087,1125,48,130,5147,5484,1384,2001,103,8,55,48,3,5
FR_GES,2020-05-29,2103,167,10731,3396,1032,1071,43,124,5197,5534,1389,2007,100,11,50,50,5,6
FR_GES,2020-05-30,2013,162,10847,3405,995,1018,42,120,5251,5596,1394,2011,116,9,54,62,5,4
FR_GES,2020-05-31,2011,159,10854,3408,996,1015,41,118,5253,5601,1395,2013,7,3,2,5,1,2
FR_GES,2020-06-01,2001,157,10868,3412,994,1007,38,119,5255,5613,1397,2015,14,4,2,12,2,2
FR_GES,2020-06-02,1949,144,10934,3431,966,983,35,109,5290,5644,1408,2023,66,19,35,31,11,8
FR_GES,2020-06-03,1902,147,11027,3441,940,962,34,113,5344,5683,1411,2030,93,10,54,39,3,7
FR_GES,2020-06-04,1851,138,11088,3449,909,942,32,106,5375,5713,1415,2034,61,8,31,30,4,4
FR_GES,2020-06-05,1742,129,11225,3465,854,888,32,97,5447,5778,1423,2042,137,16,72,65,8,8
FR_GES,2020-06-06,1722,127,11269,3469,843,879,29,98,5468,5801,1426,2043,44,4,21,23,3,1
FR_GES,2020-06-07,1718,125,11274,3471,841,877,27,98,5470,5804,1428,2043,5,2,2,3,2,0
FR_GES,2020-06-08,1686,120,11313,3483,827,859,26,94,5491,5822,1434,2049,39,12,21,18,6,6
FR_GES,2020-06-09,1636,101,11377,3488,807,829,22,79,5520,5857,1437,2051,64,5,29,35,3,2
FR_GES,2020-06-10,1556,92,11443,3485,756,800,20,72,5560,5883,1438,2047,66,-3,40,26,1,-4
FR_GES,2020-06-11,1520,92,11500,3487,734,786,20,72,5590,5910,1438,2049,57,2,30,27,0,2
FR_GES,2020-06-12,1447,81,11591,3489,709,738,19,62,5626,5965,1440,2049,91,2,36,55,2,0
FR_GES,2020-06-13,1423,86,11621,3492,699,724,21,65,5640,5981,1440,2052,30,3,14,16,0,3
FR_GES,2020-06-14,1423,89,11623,3494,699,724,22,67,5641,5982,1440,2054,2,2,1,1,0,2
FR_GES,2020-06-15,1402,87,11648,3501,695,707,23,64,5649,5999,1443,2058,25,7,8,17,3,4
FR_GES,2020-06-16,1369,82,11696,3506,679,690,21,61,5674,6022,1445,2061,48,5,25,23,2,3
FR_GES,2020-06-17,1345,77,11737,3508,671,674,18,59,5690,6047,1446,2062,41,2,16,25,1,1
FR_GES,2020-06-18,1326,76,11771,3516,664,662,18,58,5705,6066,1449,2067,34,8,15,19,3,5
FR_GES,2020-06-19,1299,70,11816,3520,653,646,16,54,5728,6088,1451,2069,45,4,23,22,2,2
FR_GES,2020-06-20,1297,70,11824,3523,652,645,16,54,5732,6092,1452,2071,8,3,4,4,1,2
FR_GES,2020-06-21,1297,70,11825,3524,651,646,16,54,5732,6093,1453,2071,1,1,0,1,1,0
FR_GES_08,2020-03-18,0,0,1,0,0,0,0,0,0,1,0,0,,,,,,
FR_GES_08,2020-03-19,0,0,1,0,0,0,0,0,0,1,0,0,0,0,0,0,0,0
FR_GES_08,2020-03-20,1,1,1,0,1,0,1,0,0,1,0,0,0,0,0,0,0,0
FR_GES_08,2020-03-21,3,1,1,0,1,2,1,0,0,1,0,0,0,0,0,0,0,0
FR_GES_08,2020-03-22,4,1,1,0,1,3,1,0,0,1,0,0,0,0,0,0,0,0
FR_GES_08,2020-03-23,6,3,1,0,3,3,3,0,0,1,0,0,0,0,0,0,0,0
FR_GES_08,2020-03-24,5,3,2,0,3,2,3,0,0,2,0,0,1,0,0,1,0,0
FR_GES_08,2020-03-25,5,3,2,0,3,2,3,0,0,2,0,0,0,0,0,0,0,0
FR_GES_08,2020-03-26,13,7,2,0,6,7,3,4,0,2,0,0,0,0,0,0,0,0
FR_GES_08,2020-03-27,14,8,2,0,6,8,3,5,0,2,0,0,0,0,0,0,0,0
FR_GES_08,2020-03-28,25,8,2,0,10,15,3,5,0,2,0,0,0,0,0,0,0,0
FR_GES_08,2020-03-29,30,11,4,0,12,18,4,7,0,4,0,0,2,0,0,2,0,0
FR_GES_08,2020-03-30,30,11,4,0,12,18,4,7,0,4,0,0,0,0,0,0,0,0
FR_GES_08,2020-03-31,47,16,8,0,15,32,5,11,2,6,0,0,4,0,2,2,0,0
FR_GES_08,2020-04-01,53,15,8,1,16,37,4,11,2,6,1,0,0,1,0,0,1,0
FR_GES_08,2020-04-02,65,16,10,1,20,45,4,12,3,7,1,0,2,0,1,1,0,0
FR_GES_08,2020-04-03,66,16,13,2,21,45,4,12,4,9,1,1,3,1,1,2,0,1
FR_GES_08,2020-04-04,67,17,20,3,23,44,5,12,6,14,1,2,7,1,2,5,0,1
FR_GES_08,2020-04-05,72,17,23,4,30,42,5,12,6,17,2,2,3,1,0,3,1,0
FR_GES_08,2020-04-06,72,17,30,6,31,41,5,12,9,21,2,4,7,2,3,4,0,2
FR_GES_08,2020-04-07,78,17,37,6,36,42,4,13,11,26,2,4,7,0,2,5,0,0
FR_GES_08,2020-04-08,73,16,39,7,33,40,4,12,12,27,3,4,2,1,1,1,1,0
FR_GES_08,2020-04-09,76,17,44,9,39,37,5,12,14,30,3,6,5,2,2,3,0,2
FR_GES_08,2020-04-10,72,15,52,11,37,35,4,11,19,33,4,7,8,2,5,3,1,1
FR_GES_08,2020-04-11,67,16,57,13,34,33,5,11,22,35,5,8,5,2,3,2,1,1
FR_GES_08,2020-04-12,78,14,65,17,40,38,4,10,26,39,7,10,8,4,4,4,2,2
FR_GES_08,2020-04-13,78,14,65,17,40,38,4,10,26,39,7,10,0,0,0,0,0,0
FR_GES_08,2020-04-14,77,16,70,21,41,36,6,10,30,40,10,11,5,4,4,1,3,1
FR_GES_08,2020-04-15,69,17,75,25,37,32,6,11,32,43,13,12,5,4,2,3,3,1
FR_GES_08,2020-04-16,66,16,80,25,33,33,6,10,37,43,13,12,5,0,5,0,0,0
FR_GES_08,2020-04-17,67,16,86,27,34,33,5,11,40,46,14,13,6,2,3,3,1,1
FR_GES_08,2020-04-18,67,16,92,32,34,33,6,10,45,47,16,16,6,5,5,1,2,3
FR_GES_08,2020-04-19,66,16,94,35,33,33,6,10,45,49,18,17,2,3,0,2,2,1
FR_GES_08,2020-04-20,65,16,94,40,33,32,6,10,45,49,22,18,0,5,0,0,4,1
FR_GES_08,2020-04-21,64,16,96,41,34,30,6,10,46,50,22,19,2,1,1,1,0,1
FR_GES_08,2020-04-22,59,13,102,42,34,25,4,9,47,55,21,21,6,1,1,5,-1,2
FR_GES_08,2020-04-23,59,13,102,42,34,25,4,9,48,54,21,21,0,0,1,-1,0,0
FR_GES_08,2020-04-24,53,12,103,42,30,23,4,8,49,54,21,21,1,0,1,0,0,0
FR_GES_08,2020-04-25,53,12,104,43,32,21,5,7,49,55,21,22,1,1,0,1,0,1
FR_GES_08,2020-04-26,52,10,107,43,33,19,3,7,49,58,21,22,3,0,0,3,0,0
FR_GES_08,2020-04-27,51,10,108,45,31,20,3,7,50,58,22,23,1,2,1,0,1,1
FR_GES_08,2020-04-28,52,10,108,42,32,20,3,7,50,58,19,23,0,-3,0,0,-3,0
FR_GES_08,2020-04-29,46,9,116,42,29,17,2,7,55,61,19,23,8,0,5,3,0,0
FR_GES_08,2020-04-30,46,9,117,37,29,17,2,7,56,61,14,23,1,-5,1,0,-5,0
FR_GES_08,2020-05-01,46,7,116,39,28,18,2,5,56,60,15,24,-1,2,0,-1,1,1
FR_GES_08,2020-05-02,48,7,116,39,28,20,2,5,56,60,15,24,0,0,0,0,0,0
FR_GES_08,2020-05-03,47,10,116,40,26,21,3,7,56,60,16,24,0,1,0,0,1,0
FR_GES_08,2020-05-04,45,10,117,41,25,20,3,7,57,60,16,25,1,1,1,0,0,1
FR_GES_08,2020-05-05,45,8,118,41,24,21,3,5,58,60,16,25,1,0,1,0,0,0
FR_GES_08,2020-05-06,54,6,120,41,29,25,2,4,58,62,16,25,2,0,0,2,0,0
FR_GES_08,2020-05-07,54,7,122,41,29,25,3,4,59,63,16,25,2,0,1,1,0,0
FR_GES_08,2020-05-08,54,7,122,41,29,25,3,4,59,63,16,25,0,0,0,0,0,0
FR_GES_08,2020-05-09,53,8,122,44,28,25,3,5,59,63,16,28,0,3,0,0,0,3
FR_GES_08,2020-05-10,53,8,120,44,29,24,3,5,58,62,16,28,-2,0,-1,-1,0,0
FR_GES_08,2020-05-11,53,8,120,45,29,24,3,5,58,62,16,29,0,1,0,0,0,1
FR_GES_08,2020-05-12,49,5,121,46,26,23,2,3,60,61,16,30,1,1,2,-1,0,1
FR_GES_08,2020-05-13,49,5,121,46,26,23,2,3,60,61,16,30,0,0,0,0,0,0
FR_GES_08,2020-05-14,51,4,124,48,27,24,1,3,60,64,17,31,3,2,0,3,1,1
FR_GES_08,2020-05-15,51,4,127,49,29,22,1,3,60,67,17,32,3,1,0,3,0,1
FR_GES_08,2020-05-16,51,4,128,49,29,22,1,3,61,67,17,32,1,0,1,0,0,0
FR_GES_08,2020-05-17,50,5,128,49,29,21,2,3,61,67,17,32,0,0,0,0,0,0
FR_GES_08,2020-05-18,50,5,128,49,29,21,2,3,61,67,17,32,0,0,0,0,0,0
FR_GES_08,2020-05-19,75,8,129,51,45,30,3,5,61,68,18,33,1,2,0,1,1,1
FR_GES_08,2020-05-20,74,8,130,51,44,30,3,5,62,68,18,33,1,0,1,0,0,0
FR_GES_08,2020-05-21,71,5,130,52,43,28,1,4,62,68,18,34,0,1,0,0,0,1
FR_GES_08,2020-05-22,72,5,132,52,44,28,1,4,63,69,18,34,2,0,1,1,0,0
FR_GES_08,2020-05-23,72,5,132,52,44,28,1,4,63,69,18,34,0,0,0,0,0,0
FR_GES_08,2020-05-24,70,3,134,52,43,27,0,3,64,70,18,34,2,0,1,1,0,0
FR_GES_08,2020-05-25,70,3,134,52,43,27,0,3,64,70,18,34,0,0,0,0,0,0
FR_GES_08,2020-05-26,63,3,142,52,37,26,0,3,71,71,18,34,8,0,7,1,0,0
FR_GES_08,2020-05-27,64,3,142,52,38,26,0,3,71,71,18,34,0,0,0,0,0,0
FR_GES_08,2020-05-28,61,3,145,52,35,26,0,3,74,71,18,34,3,0,3,0,0,0
FR_GES_08,2020-05-29,62,4,145,52,36,26,1,3,74,71,18,34,0,0,0,0,0,0
FR_GES_08,2020-05-30,36,3,171,53,22,14,1,2,88,83,19,34,26,1,14,12,1,0
FR_GES_08,2020-05-31,36,3,171,53,22,14,1,2,88,83,19,34,0,0,0,0,0,0
FR_GES_08,2020-06-01,37,4,173,53,22,15,1,3,88,85,19,34,2,0,0,2,0,0
FR_GES_08,2020-06-02,37,4,173,53,22,15,1,3,88,85,19,34,0,0,0,0,0,0
FR_GES_08,2020-06-03,37,4,173,53,22,15,1,3,88,85,19,34,0,0,0,0,0,0
FR_GES_08,2020-06-04,33,0,175,53,20,13,0,0,89,86,19,34,2,0,1,1,0,0
FR_GES_08,2020-06-05,23,0,185,53,14,9,0,0,95,90,19,34,10,0,6,4,0,0
FR_GES_08,2020-06-06,30,2,185,53,16,14,0,2,95,90,19,34,0,0,0,0,0,0
FR_GES_08,2020-06-07,29,2,186,53,15,14,0,2,96,90,19,34,1,0,1,0,0,0
FR_GES_08,2020-06-08,29,2,186,53,15,14,0,2,96,90,19,34,0,0,0,0,0,0
FR_GES_08,2020-06-09,29,2,186,53,15,14,0,2,96,90,19,34,0,0,0,0,0,0
FR_GES_08,2020-06-10,26,2,189,53,12,14,0,2,99,90,19,34,3,0,3,0,0,0
FR_GES_08,2020-06-11,17,3,203,53,8,9,1,2,105,98,19,34,14,0,6,8,0,0
FR_GES_08,2020-06-12,18,3,202,53,9,9,1,2,104,98,19,34,-1,0,-1,0,0,0
FR_GES_08,2020-06-13,17,3,203,53,8,9,1,2,105,98,19,34,1,0,1,0,0,0
FR_GES_08,2020-06-14,16,3,204,53,7,9,1,2,106,98,19,34,1,0,1,0,0,0
FR_GES_08,2020-06-15,16,3,202,55,7,9,1,2,105,97,20,35,-2,2,-1,-1,1,1
FR_GES_08,2020-06-16,15,3,203,55,7,8,1,2,105,98,20,35,1,0,0,1,0,0
FR_GES_08,2020-06-17,14,3,204,55,6,8,1,2,106,98,20,35,1,0,1,0,0,0
FR_GES_08,2020-06-18,14,3,204,55,6,8,1,2,106,98,20,35,0,0,0,0,0,0
FR_GES_08,2020-06-19,13,3,205,55,6,7,1,2,106,99,20,35,1,0,0,1,0,0
FR_GES_08,2020-06-20,13,3,203,57,6,7,1,2,106,97,20,37,-2,2,0,-2,0,2
FR_GES_08,2020-06-21,13,3,203,57,6,7,1,2,106,97,20,37,0,0,0,0,0,0
FR_GES_10,2020-03-18,5,0,0,0,1,4,0,0,0,0,0,0,,,,,,
FR_GES_10,2020-03-19,6,1,0,0,1,5,1,0,0,0,0,0,0,0,0,0,0,0
FR_GES_10,2020-03-20,12,2,0,0,3,9,1,1,0,0,0,0,0,0,0,0,0,0
FR_GES_10,2020-03-21,12,2,0,0,3,9,1,1,0,0,0,0,0,0,0,0,0,0
FR_GES_10,2020-03-22,21,4,0,0,7,14,1,3,0,0,0,0,0,0,0,0,0,0
FR_GES_10,2020-03-23,33,4,0,2,10,23,1,3,0,0,0,2,0,2,0,0,0,2
FR_GES_10,2020-03-24,36,4,0,2,11,25,1,3,0,0,0,2,0,0,0,0,0,0
FR_GES_10,2020-03-25,44,9,3,6,11,33,1,8,0,3,1,5,3,4,0,3,1,3
FR_GES_10,2020-03-26,56,13,3,6,17,39,3,10,0,3,1,5,0,0,0,0,0,0
FR_GES_10,2020-03-27,59,13,3,6,17,42,3,10,0,3,1,5,0,0,0,0,0,0
FR_GES_10,2020-03-28,62,13,3,7,17,45,3,10,0,3,2,5,0,1,0,0,1,0
FR_GES_10,2020-03-29,63,13,3,7,17,46,3,10,0,3,2,5,0,0,0,0,0,0
FR_GES_10,2020-03-30,68,13,4,7,17,51,3,10,1,3,2,5,1,0,1,0,0,0
FR_GES_10,2020-03-31,77,13,4,8,22,55,4,9,1,3,2,6,0,1,0,0,0,1
FR_GES_10,2020-04-01,85,15,20,18,35,50,6,9,6,14,2,16,16,10,5,11,0,10
FR_GES_10,2020-04-02,103,17,23,20,44,59,6,11,8,15,3,17,3,2,2,1,1,1
FR_GES_10,2020-04-03,109,17,24,21,48,61,6,11,8,16,3,18,1,1,0,1,0,1
FR_GES_10,2020-04-04,140,22,26,31,63,77,6,16,9,17,6,25,2,10,1,1,3,7
FR_GES_10,2020-04-05,147,23,26,34,66,81,7,16,9,17,8,26,0,3,0,0,2,1
FR_GES_10,2020-04-06,150,23,26,35,68,82,7,16,9,17,8,27,0,1,0,0,0,1
FR_GES_10,2020-04-07,156,25,29,37,70,86,7,18,10,19,10,27,3,2,1,2,2,0
FR_GES_10,2020-04-08,152,24,53,46,66,86,6,18,24,29,12,34,24,9,14,10,2,7
FR_GES_10,2020-04-09,198,27,146,57,79,119,7,20,68,78,17,40,93,11,44,49,5,6
FR_GES_10,2020-04-10,209,27,195,58,86,123,7,20,92,103,17,41,49,1,24,25,0,1
FR_GES_10,2020-04-11,215,27,195,60,89,126,7,20,92,103,18,42,0,2,0,0,1,1
FR_GES_10,2020-04-12,235,27,196,60,107,128,7,20,92,104,18,42,1,0,0,1,0,0
FR_GES_10,2020-04-13,251,27,197,61,110,141,7,20,92,105,18,43,1,1,0,1,0,1
FR_GES_10,2020-04-14,265,26,197,64,118,147,7,19,92,105,19,45,0,3,0,0,1,2
FR_GES_10,2020-04-15,265,26,211,70,121,144,7,19,95,116,24,46,14,6,3,11,5,1
FR_GES_10,2020-04-16,262,26,229,72,120,142,7,19,101,128,25,47,18,2,6,12,1,1
FR_GES_10,2020-04-17,260,26,242,74,118,142,7,19,108,134,26,48,13,2,7,6,1,1
FR_GES_10,2020-04-18,265,26,243,74,121,144,7,19,108,135,26,48,1,0,0,1,0,0
FR_GES_10,2020-04-19,267,27,243,75,123,144,7,20,108,135,26,49,0,1,0,0,0,1
FR_GES_10,2020-04-20,254,27,262,81,115,139,7,20,116,146,29,52,19,6,8,11,3,3
FR_GES_10,2020-04-21,246,17,272,84,110,136,2,15,122,150,30,54,10,3,6,4,1,2
FR_GES_10,2020-04-22,250,17,299,89,111,139,2,15,135,164,31,58,27,5,13,14,1,4
FR_GES_10,2020-04-23,259,16,313,94,122,137,2,14,140,173,32,62,14,5,5,9,1,4
FR_GES_10,2020-04-24,229,15,337,98,101,128,2,13,149,188,35,63,24,4,9,15,3,1
FR_GES_10,2020-04-25,227,10,339,101,99,128,1,9,150,189,36,65,2,3,1,1,1,2
FR_GES_10,2020-04-26,226,10,339,102,98,128,1,9,150,189,37,65,0,1,0,0,1,0
FR_GES_10,2020-04-27,222,8,346,104,95,127,0,8,153,193,37,67,7,2,3,4,0,2
FR_GES_10,2020-04-28,229,15,368,105,96,133,2,13,166,202,37,68,22,1,13,9,0,1
FR_GES_10,2020-04-29,225,15,395,109,95,130,4,11,178,217,39,70,27,4,12,15,2,2
FR_GES_10,2020-04-30,229,16,405,111,99,130,5,11,182,223,39,72,10,2,4,6,0,2
FR_GES_10,2020-05-01,220,9,423,112,99,121,1,8,189,234,39,73,18,1,7,11,0,1
FR_GES_10,2020-05-02,225,11,425,112,102,123,1,10,190,235,39,73,2,0,1,1,0,0
FR_GES_10,2020-05-03,219,14,445,112,98,121,2,12,203,242,39,73,20,0,13,7,0,0
FR_GES_10,2020-05-04,220,14,445,113,98,122,2,12,203,242,39,74,0,1,0,0,0,1
FR_GES_10,2020-05-05,213,14,455,113,94,119,2,12,207,248,39,74,10,0,4,6,0,0
FR_GES_10,2020-05-06,135,7,470,115,60,75,0,7,221,249,40,75,15,2,14,1,1,1
FR_GES_10,2020-05-07,116,6,497,119,55,61,0,6,231,266,42,77,27,4,10,17,2,2
FR_GES_10,2020-05-08,115,5,500,120,54,61,0,5,233,267,42,78,3,1,2,1,0,1
FR_GES_10,2020-05-09,116,5,500,120,55,61,0,5,233,267,42,78,0,0,0,0,0,0
FR_GES_10,2020-05-10,111,4,502,120,53,58,0,4,234,268,42,78,2,0,1,1,0,0
FR_GES_10,2020-05-11,112,4,502,121,54,58,0,4,234,268,43,78,0,1,0,0,1,0
FR_GES_10,2020-05-12,110,4,505,121,53,57,0,4,237,268,43,78,3,0,3,0,0,0
FR_GES_10,2020-05-13,107,4,510,121,51,56,0,4,239,271,43,78,5,0,2,3,0,0
FR_GES_10,2020-05-14,111,4,511,121,55,56,0,4,240,271,43,78,1,0,1,0,0,0
FR_GES_10,2020-05-15,104,3,519,121,51,53,0,3,244,275,43,78,8,0,4,4,0,0
FR_GES_10,2020-05-16,104,3,523,121,53,51,0,3,244,279,43,78,4,0,0,4,0,0
FR_GES_10,2020-05-17,102,3,524,124,50,52,0,3,245,279,45,79,1,3,1,0,2,1
FR_GES_10,2020-05-18,108,3,524,124,52,56,0,3,245,279,45,79,0,0,0,0,0,0
FR_GES_10,2020-05-19,104,3,529,124,49,55,0,3,249,280,45,79,5,0,4,1,0,0
FR_GES_10,2020-05-20,97,2,540,126,44,53,0,2,256,284,46,80,11,2,7,4,1,1
FR_GES_10,2020-05-21,94,2,542,126,40,54,0,2,257,285,46,80,2,0,1,1,0,0
FR_GES_10,2020-05-22,95,2,542,126,40,55,0,2,257,285,46,80,0,0,0,0,0,0
FR_GES_10,2020-05-23,96,2,542,126,41,55,0,2,257,285,46,80,0,0,0,0,0,0
FR_GES_10,2020-05-24,96,2,541,128,42,54,0,2,256,285,46,82,-1,2,-1,0,0,2
FR_GES_10,2020-05-25,96,2,541,128,42,54,0,2,256,285,46,82,0,0,0,0,0,0
FR_GES_10,2020-05-26,90,2,546,130,42,48,0,2,257,289,46,84,5,2,1,4,0,2
FR_GES_10,2020-05-27,65,2,565,131,31,34,0,2,265,300,46,85,19,1,8,11,0,1
FR_GES_10,2020-05-28,63,2,568,132,31,32,0,2,266,302,46,86,3,1,1,2,0,1
FR_GES_10,2020-05-29,58,2,573,133,29,29,0,2,268,305,47,86,5,1,2,3,1,0
FR_GES_10,2020-05-30,55,2,576,133,28,27,0,2,269,307,47,86,3,0,1,2,0,0
FR_GES_10,2020-05-31,54,2,577,133,27,27,0,2,270,307,47,86,1,0,1,0,0,0
FR_GES_10,2020-06-01,55,2,577,133,28,27,0,2,270,307,47,86,0,0,0,0,0,0
FR_GES_10,2020-06-02,53,2,577,134,27,26,0,2,270,307,47,87,0,1,0,0,0,1
FR_GES_10,2020-06-03,49,2,581,134,24,25,0,2,273,308,47,87,4,0,3,1,0,0
FR_GES_10,2020-06-04,46,2,584,134,23,23,0,2,274,310,47,87,3,0,1,2,0,0
FR_GES_10,2020-06-05,34,2,596,135,16,18,0,2,281,315,48,87,12,1,7,5,1,0
FR_GES_10,2020-06-06,33,2,598,135,14,19,0,2,283,315,48,87,2,0,2,0,0,0
FR_GES_10,2020-06-07,33,2,598,135,14,19,0,2,283,315,48,87,0,0,0,0,0,0
FR_GES_10,2020-06-08,33,2,598,135,14,19,0,2,283,315,48,87,0,0,0,0,0,0
FR_GES_10,2020-06-09,34,2,599,135,15,19,0,2,283,316,48,87,1,0,0,1,0,0
FR_GES_10,2020-06-10,29,2,603,135,11,18,0,2,287,316,48,87,4,0,4,0,0,0
FR_GES_10,2020-06-11,32,3,604,135,11,21,0,3,288,316,48,87,1,0,1,0,0,0
FR_GES_10,2020-06-12,32,3,604,135,11,21,0,3,288,316,48,87,0,0,0,0,0,0
FR_GES_10,2020-06-13,29,3,607,135,9,20,0,3,290,317,48,87,3,0,2,1,0,0
FR_GES_10,2020-06-14,28,3,607,136,9,19,0,3,290,317,48,88,0,1,0,0,0,1
FR_GES_10,2020-06-15,28,3,607,136,9,19,0,3,290,317,48,88,0,0,0,0,0,0
FR_GES_10,2020-06-16,28,3,609,136,10,18,0,3,290,319,48,88,2,0,0,2,0,0
FR_GES_10,2020-06-17,25,3,612,136,10,15,0,3,290,322,48,88,3,0,0,3,0,0
FR_GES_10,2020-06-18,25,3,612,136,10,15,0,3,290,322,48,88,0,0,0,0,0,0
FR_GES_10,2020-06-19,25,3,612,136,10,15,0,3,290,322,48,88,0,0,0,0,0,0
FR_GES_10,2020-06-20,27,3,612,136,11,16,0,3,290,322,48,88,0,0,0,0,0,0
FR_GES_10,2020-06-21,27,3,612,136,11,16,0,3,290,322,48,88,0,0,0,0,0,0
FR_GES_51,2020-03-18,35,7,6,1,16,19,3,4,4,2,0,1,,,,,,
FR_GES_51,2020-03-19,39,7,14,2,18,21,3,4,8,6,1,1,8,1,4,4,1,0
FR_GES_51,2020-03-20,54,11,25,2,22,32,5,6,15,10,1,1,11,0,7,4,0,0
FR_GES_51,2020-03-21,67,16,27,2,27,40,7,9,16,11,1,1,2,0,1,1,0,0
FR_GES_51,2020-03-22,92,19,27,3,36,56,6,13,16,11,1,2,0,1,0,0,0,1
FR_GES_51,2020-03-23,117,28,39,8,45,72,6,22,23,16,2,6,12,5,7,5,1,4
FR_GES_51,2020-03-24,145,33,52,10,58,87,7,26,30,22,2,8,13,2,7,6,0,2
FR_GES_51,2020-03-25,179,41,65,16,76,103,8,33,36,29,4,12,13,6,6,7,2,4
FR_GES_51,2020-03-26,199,44,71,19,81,118,10,34,40,31,6,13,6,3,4,2,2,1
FR_GES_51,2020-03-27,216,47,78,20,85,131,12,35,44,34,7,13,7,1,4,3,1,0
FR_GES_51,2020-03-28,252,52,110,24,87,165,8,44,67,43,9,15,32,4,23,9,2,2
FR_GES_51,2020-03-29,258,53,124,26,89,169,8,45,77,47,10,16,14,2,10,4,1,1
FR_GES_51,2020-03-30,267,62,134,41,98,169,12,50,81,53,16,25,10,15,4,6,6,9
FR_GES_51,2020-03-31,321,61,167,46,121,200,12,49,101,66,18,28,33,5,20,13,2,3
FR_GES_51,2020-04-01,327,61,193,53,129,198,15,46,114,79,19,34,26,7,13,13,1,6
FR_GES_51,2020-04-02,360,65,211,58,141,219,17,48,126,85,19,39,18,5,12,6,0,5
FR_GES_51,2020-04-03,351,68,233,66,139,212,18,50,136,97,22,44,22,8,10,12,3,5
FR_GES_51,2020-04-04,379,71,249,69,155,224,20,51,144,105,23,46,16,3,8,8,1,2
FR_GES_51,2020-04-05,386,71,249,69,158,228,20,51,144,105,23,46,0,0,0,0,0,0
FR_GES_51,2020-04-06,384,67,267,79,160,224,18,49,151,116,29,50,18,10,7,11,6,4
FR_GES_51,2020-04-07,386,71,309,87,169,217,16,55,172,137,32,55,42,8,21,21,3,5
FR_GES_51,2020-04-08,369,63,343,103,160,209,14,49,190,153,41,62,34,16,18,16,9,7
FR_GES_51,2020-04-09,379,62,361,107,161,218,14,48,199,162,44,63,18,4,9,9,3,1
FR_GES_51,2020-04-10,387,60,383,117,167,220,14,46,209,174,46,71,22,10,10,12,2,8
FR_GES_51,2020-04-11,361,58,413,130,154,207,13,45,226,187,50,80,30,13,17,13,4,9
FR_GES_51,2020-04-12,378,61,422,136,163,215,12,49,232,190,53,83,9,6,6,3,3,3
FR_GES_51,2020-04-13,390,60,425,138,169,221,12,48,233,192,53,85,3,2,1,2,0,2
FR_GES_51,2020-04-14,382,58,444,144,166,216,12,46,239,205,56,88,19,6,6,13,3,3
FR_GES_51,2020-04-15,377,57,478,149,165,212,13,44,257,221,59,90,34,5,18,16,3,2
FR_GES_51,2020-04-16,372,53,488,152,167,205,13,40,259,229,60,92,10,3,2,8,1,2
FR_GES_51,2020-04-17,369,53,511,159,165,204,12,41,272,239,62,97,23,7,13,10,2,5
FR_GES_51,2020-04-18,338,48,541,173,151,187,12,36,289,252,67,106,30,14,17,13,5,9
FR_GES_51,2020-04-19,346,49,543,173,154,192,12,37,290,253,67,106,2,0,1,1,0,0
FR_GES_51,2020-04-20,336,49,558,181,150,186,11,38,299,259,71,110,15,8,9,6,4,4
FR_GES_51,2020-04-21,337,46,585,184,151,186,11,35,313,272,72,112,27,3,14,13,1,2
FR_GES_51,2020-04-22,335,48,604,188,145,190,11,37,326,278,74,114,19,4,13,6,2,2
FR_GES_51,2020-04-23,328,46,617,193,142,186,11,35,334,283,76,117,13,5,8,5,2,3
FR_GES_51,2020-04-24,339,45,630,194,148,191,10,35,339,291,77,117,13,1,5,8,1,0
FR_GES_51,2020-04-25,328,42,645,197,144,184,9,33,347,298,78,119,15,3,8,7,1,2
FR_GES_51,2020-04-26,329,42,646,199,146,183,9,33,348,298,79,120,1,2,1,0,1,1
FR_GES_51,2020-04-27,322,40,652,206,143,179,8,32,350,302,83,123,6,7,2,4,4,3
FR_GES_51,2020-04-28,329,38,654,209,150,179,7,31,351,303,84,125,2,3,1,1,1,2
FR_GES_51,2020-04-29,323,33,679,211,145,178,4,29,365,314,84,127,25,2,14,11,0,2
FR_GES_51,2020-04-30,316,29,695,213,137,179,2,27,377,318,86,127,16,2,12,4,2,0
FR_GES_51,2020-05-01,316,31,703,214,140,176,4,27,379,324,87,127,8,1,2,6,1,0
FR_GES_51,2020-05-02,318,32,708,215,138,180,3,29,380,328,88,127,5,1,1,4,1,0
FR_GES_51,2020-05-03,324,31,708,216,140,184,3,28,380,328,87,129,0,1,0,0,-1,2
FR_GES_51,2020-05-04,324,32,709,220,141,183,4,28,381,328,89,131,1,4,1,0,2,2
FR_GES_51,2020-05-05,318,31,718,223,137,181,4,27,386,332,91,132,9,3,5,4,2,1
FR_GES_51,2020-05-06,308,29,730,224,135,173,4,25,391,339,91,133,12,1,5,7,0,1
FR_GES_51,2020-05-07,311,28,742,226,141,170,4,24,396,346,93,133,12,2,5,7,2,0
FR_GES_51,2020-05-08,312,28,744,226,143,169,4,24,397,347,93,133,2,0,1,1,0,0
FR_GES_51,2020-05-09,305,30,754,228,137,168,4,26,402,352,94,134,10,2,5,5,1,1
FR_GES_51,2020-05-10,301,29,754,230,134,167,4,25,402,352,95,135,0,2,0,0,1,1
FR_GES_51,2020-05-11,294,27,759,234,131,163,4,23,404,355,98,136,5,4,2,3,3,1
FR_GES_51,2020-05-12,285,19,770,239,128,157,2,17,409,361,100,139,11,5,5,6,2,3
FR_GES_51,2020-05-13,279,18,780,239,125,154,2,16,414,366,100,139,10,0,5,5,0,0
FR_GES_51,2020-05-14,227,17,817,243,99,128,2,15,434,383,102,141,37,4,20,17,2,2
FR_GES_51,2020-05-15,193,17,850,244,82,111,2,15,453,397,102,142,33,1,19,14,0,1
FR_GES_51,2020-05-16,186,17,857,244,79,107,2,15,456,401,102,142,7,0,3,4,0,0
FR_GES_51,2020-05-17,188,17,857,244,81,107,2,15,456,401,102,142,0,0,0,0,0,0
FR_GES_51,2020-05-18,188,17,862,245,79,109,2,15,460,402,103,142,5,1,4,1,1,0
FR_GES_51,2020-05-19,181,16,869,247,77,104,2,14,463,406,103,144,7,2,3,4,0,2
FR_GES_51,2020-05-20,174,14,876,247,73,101,1,13,466,410,103,144,7,0,3,4,0,0
FR_GES_51,2020-05-21,175,14,877,248,72,103,1,13,468,409,104,144,1,1,2,-1,1,0
FR_GES_51,2020-05-22,173,14,878,248,71,102,1,13,469,409,104,144,1,0,1,0,0,0
FR_GES_51,2020-05-23,166,11,885,250,69,97,0,11,471,414,105,145,7,2,2,5,1,1
FR_GES_51,2020-05-24,168,11,886,250,70,98,0,11,471,415,105,145,1,0,0,1,0,0
FR_GES_51,2020-05-25,168,11,888,250,70,98,0,11,471,417,105,145,2,0,0,2,0,0
FR_GES_51,2020-05-26,163,11,896,250,66,97,0,11,476,420,105,145,8,0,5,3,0,0
FR_GES_51,2020-05-27,148,11,910,252,63,85,0,11,480,430,106,146,14,2,4,10,1,1
FR_GES_51,2020-05-28,147,10,910,252,63,84,0,10,480,430,106,146,0,0,0,0,0,0
FR_GES_51,2020-05-29,134,9,918,253,57,77,0,9,483,435,106,147,8,1,3,5,0,1
FR_GES_51,2020-05-30,133,11,924,253,57,76,0,11,485,439,106,147,6,0,2,4,0,0
FR_GES_51,2020-05-31,133,11,924,253,57,76,0,11,485,439,106,147,0,0,0,0,0,0
FR_GES_51,2020-06-01,133,11,924,253,57,76,0,11,485,439,106,147,0,0,0,0,0,0
FR_GES_51,2020-06-02,127,11,930,256,53,74,1,10,490,440,108,148,6,3,5,1,2,1
FR_GES_51,2020-06-03,124,12,934,257,52,72,1,11,492,442,108,149,4,1,2,2,0,1
FR_GES_51,2020-06-04,124,12,934,257,52,72,1,11,492,442,108,149,0,0,0,0,0,0
FR_GES_51,2020-06-05,119,12,939,257,48,71,1,11,495,444,108,149,5,0,3,2,0,0
FR_GES_51,2020-06-06,119,12,939,257,48,71,1,11,495,444,108,149,0,0,0,0,0,0
FR_GES_51,2020-06-07,119,12,939,257,48,71,1,11,495,444,108,149,0,0,0,0,0,0
FR_GES_51,2020-06-08,108,10,951,258,46,62,1,9,498,453,108,150,12,1,3,9,0,1
FR_GES_51,2020-06-09,110,10,952,258,47,63,1,9,498,454,108,150,1,0,0,1,0,0
FR_GES_51,2020-06-10,107,10,955,257,45,62,1,9,500,455,108,149,3,-1,2,1,0,-1
FR_GES_51,2020-06-11,108,10,955,258,45,63,1,9,500,455,108,150,0,1,0,0,0,1
FR_GES_51,2020-06-12,105,9,959,258,46,59,1,8,500,459,108,150,4,0,0,4,0,0
FR_GES_51,2020-06-13,103,9,960,259,46,57,1,8,500,460,108,151,1,1,0,1,0,1
FR_GES_51,2020-06-14,103,9,960,259,46,57,1,8,500,460,108,151,0,0,0,0,0,0
FR_GES_51,2020-06-15,103,9,960,259,46,57,1,8,500,460,108,151,0,0,0,0,0,0
FR_GES_51,2020-06-16,103,9,960,259,46,57,1,8,500,460,108,151,0,0,0,0,0,0
FR_GES_51,2020-06-17,103,8,961,259,47,56,1,7,500,461,108,151,1,0,0,1,0,0
FR_GES_51,2020-06-18,93,6,968,262,44,49,1,5,503,465,108,154,7,3,3,4,0,3
FR_GES_51,2020-06-19,90,6,971,262,42,48,1,5,505,466,108,154,3,0,2,1,0,0
FR_GES_51,2020-06-20,91,5,973,262,43,48,1,4,506,467,108,154,2,0,1,1,0,0
FR_GES_51,2020-06-21,91,5,973,262,43,48,1,4,506,467,108,154,0,0,0,0,0,0
FR_GES_52,2020-03-18,4,0,0,1,2,2,0,0,0,0,1,0,,,,,,
FR_GES_52,2020-03-19,4,0,0,1,2,2,0,0,0,0,1,0,0,0,0,0,0,0
FR_GES_52,2020-03-20,8,0,5,4,6,2,0,0,4,1,2,2,5,3,4,1,1,2
FR_GES_52,2020-03-21,9,0,5,4,6,3,0,0,4,1,2,2,0,0,0,0,0,0
FR_GES_52,2020-03-22,13,2,5,4,9,4,1,1,4,1,2,2,0,0,0,0,0,0
FR_GES_52,2020-03-23,13,3,6,4,8,5,1,2,5,1,2,2,1,0,1,0,0,0
FR_GES_52,2020-03-24,24,6,11,5,12,12,3,3,8,3,2,3,5,1,3,2,0,1
FR_GES_52,2020-03-25,23,7,12,5,11,12,4,3,9,3,2,3,1,0,1,0,0,0
FR_GES_52,2020-03-26,36,9,13,7,16,20,4,5,9,4,4,3,1,2,0,1,2,0
FR_GES_52,2020-03-27,49,10,17,8,21,28,4,6,10,7,5,3,4,1,1,3,1,0
FR_GES_52,2020-03-28,53,11,17,8,23,30,4,7,10,7,5,3,0,0,0,0,0,0
FR_GES_52,2020-03-29,53,11,17,8,23,30,4,7,10,7,5,3,0,0,0,0,0,0
FR_GES_52,2020-03-30,55,11,17,8,23,32,4,7,10,7,5,3,0,0,0,0,0,0
FR_GES_52,2020-03-31,65,13,19,8,28,37,5,8,10,9,5,3,2,0,0,2,0,0
FR_GES_52,2020-04-01,66,12,20,8,29,37,5,7,10,10,5,3,1,0,0,1,0,0
FR_GES_52,2020-04-02,66,12,23,8,30,36,5,7,11,12,5,3,3,0,1,2,0,0
FR_GES_52,2020-04-03,82,15,34,18,37,45,4,11,15,19,13,5,11,10,4,7,8,2
FR_GES_52,2020-04-04,99,16,44,23,45,54,4,12,19,25,15,8,10,5,4,6,2,3
FR_GES_52,2020-04-05,99,18,46,25,47,52,6,12,19,27,16,9,2,2,0,2,1,1
FR_GES_52,2020-04-06,109,18,50,27,52,57,6,12,21,29,18,9,4,2,2,2,2,0
FR_GES_52,2020-04-07,115,17,55,35,56,59,6,11,23,32,22,13,5,8,2,3,4,4
FR_GES_52,2020-04-08,107,16,58,37,50,57,6,10,23,35,23,14,3,2,0,3,1,1
FR_GES_52,2020-04-09,97,16,61,36,45,52,6,10,25,36,22,14,3,-1,2,1,-1,0
FR_GES_52,2020-04-10,100,19,72,37,48,52,9,10,31,41,22,15,11,1,6,5,0,1
FR_GES_52,2020-04-11,99,18,78,40,50,49,10,8,34,44,22,18,6,3,3,3,0,3
FR_GES_52,2020-04-12,99,18,82,42,50,49,10,8,35,47,24,18,4,2,1,3,2,0
FR_GES_52,2020-04-13,100,18,83,42,51,49,10,8,35,48,24,18,1,0,0,1,0,0
FR_GES_52,2020-04-14,103,19,83,43,52,51,10,9,35,48,24,19,0,1,0,0,0,1
FR_GES_52,2020-04-15,86,19,95,45,48,38,10,9,37,58,26,19,12,2,2,10,2,0
FR_GES_52,2020-04-16,83,19,100,46,44,39,10,9,41,59,26,20,5,1,4,1,0,1
FR_GES_52,2020-04-17,83,19,103,46,43,40,10,9,42,61,26,20,3,0,1,2,0,0
FR_GES_52,2020-04-18,84,23,109,48,43,41,12,11,45,64,27,21,6,2,3,3,1,1
FR_GES_52,2020-04-19,86,23,110,49,46,40,12,11,46,64,27,22,1,1,1,0,0,1
FR_GES_52,2020-04-20,87,23,110,49,47,40,13,10,46,64,27,22,0,0,0,0,0,0
FR_GES_52,2020-04-21,80,22,147,51,44,36,13,9,72,75,27,24,37,2,26,11,0,2
FR_GES_52,2020-04-22,79,23,122,51,41,38,12,11,52,70,28,23,-25,0,-20,-5,1,-1
FR_GES_52,2020-04-23,76,23,124,52,39,37,11,12,52,72,29,23,2,1,0,2,1,0
FR_GES_52,2020-04-24,74,21,125,53,38,36,10,11,52,73,30,23,1,1,0,1,1,0
FR_GES_52,2020-04-25,81,20,125,54,42,39,11,9,52,73,31,23,0,1,0,0,1,0
FR_GES_52,2020-04-26,79,20,126,55,41,38,11,9,53,73,31,24,1,1,1,0,0,1
FR_GES_52,2020-04-27,78,18,126,56,40,38,9,9,53,73,32,24,0,1,0,0,1,0
FR_GES_52,2020-04-28,78,18,128,57,40,38,9,9,54,74,32,25,2,1,1,1,0,1
FR_GES_52,2020-04-29,77,18,130,58,38,39,9,9,55,75,33,25,2,1,1,1,1,0
FR_GES_52,2020-04-30,72,17,136,58,38,34,9,8,56,80,33,25,6,0,1,5,0,0
FR_GES_52,2020-05-01,73,17,136,58,39,34,9,8,56,80,33,25,0,0,0,0,0,0
FR_GES_52,2020-05-02,68,17,142,58,38,30,9,8,57,85,33,25,6,0,1,5,0,0
FR_GES_52,2020-05-03,69,17,143,58,39,30,9,8,58,85,33,25,1,0,1,0,0,0
FR_GES_52,2020-05-04,78,15,144,59,41,37,8,7,58,86,33,26,1,1,0,1,0,1
FR_GES_52,2020-05-05,77,11,145,60,44,33,6,5,57,88,33,27,1,1,-1,2,0,1
FR_GES_52,2020-05-06,70,10,151,63,39,31,5,5,61,90,34,29,6,3,4,2,1,2
FR_GES_52,2020-05-07,91,11,153,63,51,40,5,6,63,90,34,29,2,0,2,0,0,0
FR_GES_52,2020-05-08,90,12,160,66,53,37,5,7,69,91,34,32,7,3,6,1,0,3
FR_GES_52,2020-05-09,94,13,162,67,57,37,5,8,70,92,34,33,2,1,1,1,0,1
FR_GES_52,2020-05-10,95,13,160,67,57,38,5,8,70,90,34,33,-2,0,0,-2,0,0
FR_GES_52,2020-05-11,93,12,162,68,57,36,5,7,72,90,34,34,2,1,2,0,0,1
FR_GES_52,2020-05-12,85,8,173,70,50,35,2,6,78,95,36,34,11,2,6,5,2,0
FR_GES_52,2020-05-13,87,7,176,70,51,36,1,6,80,96,36,34,3,0,2,1,0,0
FR_GES_52,2020-05-14,86,7,178,71,50,36,1,6,81,97,37,34,2,1,1,1,1,0
FR_GES_52,2020-05-15,85,7,181,71,51,34,1,6,82,99,37,34,3,0,1,2,0,0
FR_GES_52,2020-05-16,84,7,183,71,50,34,1,6,84,99,37,34,2,0,2,0,0,0
FR_GES_52,2020-05-17,84,7,183,71,50,34,1,6,84,99,37,34,0,0,0,0,0,0
FR_GES_52,2020-05-18,82,6,187,72,50,32,1,5,85,102,37,35,4,1,1,3,0,1
FR_GES_52,2020-05-19,80,5,188,72,50,30,1,4,85,103,37,35,1,0,0,1,0,0
FR_GES_52,2020-05-20,76,5,190,75,48,28,2,3,86,104,38,37,2,3,1,1,1,2
FR_GES_52,2020-05-21,75,5,191,75,47,28,2,3,87,104,38,37,1,0,1,0,0,0
FR_GES_52,2020-05-22,74,5,191,76,46,28,2,3,87,104,39,37,0,1,0,0,1,0
FR_GES_52,2020-05-23,73,6,196,77,44,29,1,5,91,105,39,38,5,1,4,1,0,1
FR_GES_52,2020-05-24,73,6,196,77,44,29,1,5,91,105,39,38,0,0,0,0,0,0
FR_GES_52,2020-05-25,72,6,197,77,45,27,1,5,91,106,39,38,1,0,0,1,0,0
FR_GES_52,2020-05-26,69,5,198,77,43,26,1,4,92,106,39,38,1,0,1,0,0,0
FR_GES_52,2020-05-27,69,5,199,77,44,25,1,4,92,107,39,38,1,0,0,1,0,0
FR_GES_52,2020-05-28,77,14,202,78,46,31,5,9,94,108,40,38,3,1,2,1,1,0
FR_GES_52,2020-05-29,66,5,204,78,41,25,1,4,95,109,40,38,2,0,1,1,0,0
FR_GES_52,2020-05-30,63,4,205,79,40,23,1,3,95,110,41,38,1,1,0,1,1,0
FR_GES_52,2020-05-31,64,4,205,79,41,23,1,3,95,110,41,38,0,0,0,0,0,0
FR_GES_52,2020-06-01,63,2,207,80,42,21,0,2,95,112,42,38,2,1,0,2,1,0
FR_GES_52,2020-06-02,59,2,209,81,40,19,0,2,96,113,43,38,2,1,1,1,1,0
FR_GES_52,2020-06-03,51,2,217,82,35,16,0,2,101,116,44,38,8,1,5,3,1,0
FR_GES_52,2020-06-04,49,2,218,83,34,15,0,2,102,116,44,39,1,1,1,0,0,1
FR_GES_52,2020-06-05,41,1,224,84,28,13,0,1,108,116,44,40,6,1,6,0,0,1
FR_GES_52,2020-06-06,39,1,226,84,26,13,0,1,110,116,44,40,2,0,2,0,0,0
FR_GES_52,2020-06-07,39,1,226,84,26,13,0,1,110,116,44,40,0,0,0,0,0,0
FR_GES_52,2020-06-08,39,1,226,84,26,13,0,1,110,116,44,40,0,0,0,0,0,0
FR_GES_52,2020-06-09,41,1,226,84,28,13,0,1,110,116,44,40,0,0,0,0,0,0
FR_GES_52,2020-06-10,40,1,227,84,28,12,0,1,110,117,44,40,1,0,0,1,0,0
FR_GES_52,2020-06-11,41,1,227,84,29,12,0,1,110,117,44,40,0,0,0,0,0,0
FR_GES_52,2020-06-12,36,1,232,84,25,11,0,1,114,118,44,40,5,0,4,1,0,0
FR_GES_52,2020-06-13,29,1,238,85,21,8,0,1,118,120,44,41,6,1,4,2,0,1
FR_GES_52,2020-06-14,29,1,238,85,21,8,0,1,118,120,44,41,0,0,0,0,0,0
FR_GES_52,2020-06-15,25,1,238,86,18,7,0,1,118,120,45,41,0,1,0,0,1,0
FR_GES_52,2020-06-16,25,1,238,86,18,7,0,1,118,120,45,41,0,0,0,0,0,0
FR_GES_52,2020-06-17,25,1,239,86,18,7,0,1,118,121,45,41,1,0,0,1,0,0
FR_GES_52,2020-06-18,25,1,240,86,17,8,0,1,119,121,45,41,1,0,1,0,0,0
FR_GES_52,2020-06-19,27,1,240,86,18,9,0,1,119,121,45,41,0,0,0,0,0,0
FR_GES_52,2020-06-20,28,1,240,86,18,10,0,1,119,121,45,41,0,0,0,0,0,0
FR_GES_52,2020-06-21,28,1,240,86,18,10,0,1,119,121,45,41,0,0,0,0,0,0
FR_GES_54,2020-03-18,40,18,1,5,17,23,5,13,1,0,3,2,,,,,,
FR_GES_54,2020-03-19,51,22,1,6,20,31,6,16,1,0,4,2,0,1,0,0,1,0
FR_GES_54,2020-03-20,63,25,2,7,25,38,7,18,2,0,4,3,1,1,1,0,0,1
FR_GES_54,2020-03-21,74,34,2,9,28,46,10,24,2,0,4,5,0,2,0,0,0,2
FR_GES_54,2020-03-22,104,57,11,15,42,62,18,39,6,5,7,8,9,6,4,5,3,3
FR_GES_54,2020-03-23,120,55,15,19,51,69,20,35,8,7,8,11,4,4,2,2,1,3
FR_GES_54,2020-03-24,161,79,24,24,71,90,29,50,14,10,10,14,9,5,6,3,2,3
FR_GES_54,2020-03-25,192,83,30,28,83,109,31,52,20,10,12,16,6,4,6,0,2,2
FR_GES_54,2020-03-26,208,93,40,33,87,121,32,61,23,17,14,19,10,5,3,7,2,3
FR_GES_54,2020-03-27,251,109,53,35,104,147,35,74,27,26,15,20,13,2,4,9,1,1
FR_GES_54,2020-03-28,312,131,63,38,134,178,40,91,32,31,16,22,10,3,5,5,1,2
FR_GES_54,2020-03-29,323,132,71,42,137,186,40,92,37,34,18,24,8,4,5,3,2,2
FR_GES_54,2020-03-30,369,145,88,50,155,214,42,103,45,43,21,29,17,8,8,9,3,5
FR_GES_54,2020-03-31,388,149,93,59,165,223,45,104,45,48,21,38,5,9,0,5,0,9
FR_GES_54,2020-04-01,404,154,129,75,170,234,49,105,67,62,29,46,36,16,22,14,8,8
FR_GES_54,2020-04-02,440,160,148,85,186,254,48,112,79,69,33,52,19,10,12,7,4,6
FR_GES_54,2020-04-03,469,172,182,95,203,266,49,123,94,88,35,60,34,10,15,19,2,8
FR_GES_54,2020-04-04,468,170,201,101,211,257,47,123,99,102,37,64,19,6,5,14,2,4
FR_GES_54,2020-04-05,459,167,216,108,210,249,46,121,105,111,41,67,15,7,6,9,4,3
FR_GES_54,2020-04-06,485,164,233,116,223,262,51,113,115,118,44,72,17,8,10,7,3,5
FR_GES_54,2020-04-07,472,166,274,125,216,256,48,118,138,136,50,75,41,9,23,18,6,3
FR_GES_54,2020-04-08,461,156,318,135,209,252,44,112,158,160,55,80,44,10,20,24,5,5
FR_GES_54,2020-04-09,453,153,345,140,205,248,40,113,174,171,57,83,27,5,16,11,2,3
FR_GES_54,2020-04-10,490,143,362,161,231,259,38,105,180,182,65,96,17,21,6,11,8,13
FR_GES_54,2020-04-11,490,142,374,169,234,256,38,104,184,190,68,101,12,8,4,8,3,5
FR_GES_54,2020-04-12,480,138,401,172,229,251,35,103,198,203,70,102,27,3,14,13,2,1
FR_GES_54,2020-04-13,489,142,408,177,229,260,34,108,201,207,72,105,7,5,3,4,2,3
FR_GES_54,2020-04-14,492,140,431,182,235,257,35,105,215,216,74,108,23,5,14,9,2,3
FR_GES_54,2020-04-15,473,131,470,192,229,244,33,98,234,236,77,115,39,10,19,20,3,7
FR_GES_54,2020-04-16,448,126,500,200,215,233,33,93,252,248,81,119,30,8,18,12,4,4
FR_GES_54,2020-04-17,438,122,515,205,208,230,33,89,259,256,83,122,15,5,7,8,2,3
FR_GES_54,2020-04-18,431,113,534,218,205,226,30,83,270,264,89,129,19,13,11,8,6,7
FR_GES_54,2020-04-19,430,107,540,223,206,224,27,80,273,267,90,133,6,5,3,3,1,4
FR_GES_54,2020-04-20,428,108,551,226,205,223,27,81,278,273,92,134,11,3,5,6,2,1
FR_GES_54,2020-04-21,428,110,559,232,205,223,29,81,282,277,94,138,8,6,4,4,2,4
FR_GES_54,2020-04-22,424,102,567,240,199,225,25,77,285,282,99,141,8,8,3,5,5,3
FR_GES_54,2020-04-23,434,104,580,239,208,226,25,79,288,292,98,141,13,-1,3,10,-1,0
FR_GES_54,2020-04-24,439,104,587,245,210,229,26,78,293,294,101,144,7,6,5,2,3,3
FR_GES_54,2020-04-25,438,102,616,247,208,230,26,76,309,307,101,146,29,2,16,13,0,2
FR_GES_54,2020-04-26,440,105,619,248,208,232,25,80,309,310,101,147,3,1,0,3,0,1
FR_GES_54,2020-04-27,441,106,632,249,207,234,25,81,320,312,101,148,13,1,11,2,0,1
FR_GES_54,2020-04-28,429,99,637,253,208,221,24,75,323,314,103,150,5,4,3,2,2,2
FR_GES_54,2020-04-29,375,88,724,280,178,197,19,69,371,353,110,170,87,27,48,39,7,20
FR_GES_54,2020-04-30,365,85,741,282,177,188,22,63,380,361,112,170,17,2,9,8,2,0
FR_GES_54,2020-05-01,366,84,751,286,180,186,21,63,384,367,114,172,10,4,4,6,2,2
FR_GES_54,2020-05-02,367,81,755,286,177,190,20,61,387,368,114,172,4,0,3,1,0,0
FR_GES_54,2020-05-03,361,81,758,289,174,187,19,62,389,369,114,175,3,3,2,1,0,3
FR_GES_54,2020-05-04,360,82,763,290,173,187,19,63,391,372,114,176,5,1,2,3,0,1
FR_GES_54,2020-05-05,333,68,789,292,162,171,14,54,401,388,115,177,26,2,10,16,1,1
FR_GES_54,2020-05-06,321,54,792,296,158,163,9,45,403,389,117,179,3,4,2,1,2,2
FR_GES_54,2020-05-07,313,47,799,298,154,159,9,38,408,391,118,180,7,2,5,2,1,1
FR_GES_54,2020-05-08,299,44,806,305,151,148,10,34,412,394,119,186,7,7,4,3,1,6
FR_GES_54,2020-05-09,291,43,811,308,150,141,10,33,414,397,119,189,5,3,2,3,0,3
FR_GES_54,2020-05-10,297,42,818,310,152,145,9,33,417,401,120,190,7,2,3,4,1,1
FR_GES_54,2020-05-11,295,39,819,314,151,144,8,31,417,402,122,192,1,4,0,1,2,2
FR_GES_54,2020-05-12,281,32,840,321,142,139,5,27,431,409,125,196,21,7,14,7,3,4
FR_GES_54,2020-05-13,247,26,879,325,120,127,3,23,453,426,128,197,39,4,22,17,3,1
FR_GES_54,2020-05-14,228,23,893,325,112,116,2,21,458,435,128,197,14,0,5,9,0,0
FR_GES_54,2020-05-15,226,21,901,326,115,111,3,18,459,442,129,197,8,1,1,7,1,0
FR_GES_54,2020-05-16,219,22,911,328,113,106,4,18,464,447,130,198,10,2,5,5,1,1
FR_GES_54,2020-05-17,219,22,910,329,113,106,4,18,464,446,130,199,-1,1,0,-1,0,1
FR_GES_54,2020-05-18,211,22,917,331,110,101,4,18,466,451,130,201,7,2,2,5,0,2
FR_GES_54,2020-05-19,207,21,928,331,109,98,3,18,471,457,130,201,11,0,5,6,0,0
FR_GES_54,2020-05-20,194,19,942,331,104,90,3,16,477,465,130,201,14,0,6,8,0,0
FR_GES_54,2020-05-21,191,21,950,331,106,85,5,16,479,471,130,201,8,0,2,6,0,0
FR_GES_54,2020-05-22,180,21,962,333,102,78,5,16,485,477,131,202,12,2,6,6,1,1
FR_GES_54,2020-05-23,185,21,963,335,103,82,6,15,485,478,133,202,1,2,0,1,2,0
FR_GES_54,2020-05-24,186,21,965,337,107,79,8,13,485,480,133,204,2,2,0,2,0,2
FR_GES_54,2020-05-25,165,23,1006,337,92,73,10,13,512,494,133,204,41,0,27,14,0,0
FR_GES_54,2020-05-26,161,21,1014,340,90,71,9,12,514,500,135,205,8,3,2,6,2,1
FR_GES_54,2020-05-27,159,20,1021,341,90,69,9,11,518,503,136,205,7,1,4,3,1,0
FR_GES_54,2020-05-28,157,17,1026,341,89,68,7,10,521,505,136,205,5,0,3,2,0,0
FR_GES_54,2020-05-29,154,16,1033,341,86,68,5,11,525,508,136,205,7,0,4,3,0,0
FR_GES_54,2020-05-30,143,15,1043,341,81,62,5,10,530,513,136,205,10,0,5,5,0,0
FR_GES_54,2020-05-31,142,14,1045,341,80,62,5,9,531,514,136,205,2,0,1,1,0,0
FR_GES_54,2020-06-01,142,14,1045,341,80,62,5,9,531,514,136,205,0,0,0,0,0,0
FR_GES_54,2020-06-02,140,13,1048,342,80,60,4,9,531,517,137,205,3,1,0,3,1,0
FR_GES_54,2020-06-03,139,13,1052,342,78,61,4,9,535,517,137,205,4,0,4,0,0,0
FR_GES_54,2020-06-04,129,12,1063,345,71,58,3,9,541,522,139,206,11,3,6,5,2,1
FR_GES_54,2020-06-05,121,10,1071,348,65,56,3,7,546,525,142,206,8,3,5,3,3,0
FR_GES_54,2020-06-06,129,10,1073,349,71,58,2,8,546,527,143,206,2,1,0,2,1,0
FR_GES_54,2020-06-07,129,9,1073,350,70,59,1,8,546,527,144,206,0,1,0,0,1,0
FR_GES_54,2020-06-08,123,9,1081,352,67,56,1,8,551,530,145,207,8,2,5,3,1,1
FR_GES_54,2020-06-09,119,9,1085,356,63,56,1,8,555,530,147,209,4,4,4,0,2,2
FR_GES_54,2020-06-10,118,9,1091,354,64,54,1,8,557,534,146,208,6,-2,2,4,-1,-1
FR_GES_54,2020-06-11,120,10,1096,354,63,57,1,9,560,536,146,208,5,0,3,2,0,0
FR_GES_54,2020-06-12,120,10,1102,354,64,56,2,8,563,539,146,208,6,0,3,3,0,0
FR_GES_54,2020-06-13,120,10,1102,354,64,56,2,8,563,539,146,208,0,0,0,0,0,0
FR_GES_54,2020-06-14,120,11,1103,354,65,55,3,8,563,540,146,208,1,0,0,1,0,0
FR_GES_54,2020-06-15,118,12,1107,354,64,54,3,9,564,543,146,208,4,0,1,3,0,0
FR_GES_54,2020-06-16,107,12,1120,354,56,51,4,8,573,547,146,208,13,0,9,4,0,0
FR_GES_54,2020-06-17,109,10,1122,354,56,53,3,7,574,548,146,208,2,0,1,1,0,0
FR_GES_54,2020-06-18,113,11,1123,354,57,56,4,7,575,548,146,208,1,0,1,0,0,0
FR_GES_54,2020-06-19,105,7,1135,354,52,53,2,5,581,554,146,208,12,0,6,6,0,0
FR_GES_54,2020-06-20,103,7,1137,354,51,52,2,5,582,555,146,208,2,0,1,1,0,0
FR_GES_54,2020-06-21,104,7,1137,354,51,53,2,5,582,555,146,208,0,0,0,0,0,0
FR_GES_55,2020-03-18,11,3,0,0,5,6,2,1,0,0,0,0,,,,,,
FR_GES_55,2020-03-19,35,3,4,0,18,17,3,0,3,1,0,0,4,0,3,1,0,0
FR_GES_55,2020-03-20,46,5,6,0,25,21,3,2,4,2,0,0,2,0,1,1,0,0
FR_GES_55,2020-03-21,60,6,7,1,31,29,3,3,4,3,1,0,1,1,0,1,1,0
FR_GES_55,2020-03-22,60,6,7,1,31,29,3,3,4,3,1,0,0,0,0,0,0,0
FR_GES_55,2020-03-23,85,7,16,2,46,39,4,3,10,6,1,1,9,1,6,3,0,1
FR_GES_55,2020-03-24,95,7,20,9,50,45,4,3,14,6,2,7,4,7,4,0,1,6
FR_GES_55,2020-03-25,106,9,24,11,56,50,5,4,15,9,4,7,4,2,1,3,2,0
FR_GES_55,2020-03-26,115,10,32,12,62,53,5,5,19,13,4,8,8,1,4,4,0,1
FR_GES_55,2020-03-27,128,13,37,13,63,65,5,8,21,16,5,8,5,1,2,3,1,0
FR_GES_55,2020-03-28,130,13,37,14,62,68,5,8,21,16,6,8,0,1,0,0,1,0
FR_GES_55,2020-03-29,131,13,38,14,63,68,5,8,21,17,6,8,1,0,0,1,0,0
FR_GES_55,2020-03-30,148,15,55,17,60,88,5,10,32,23,9,8,17,3,11,6,3,0
FR_GES_55,2020-03-31,141,16,69,22,59,82,5,11,37,32,10,12,14,5,5,9,1,4
FR_GES_55,2020-04-01,160,19,78,22,66,94,5,14,40,38,10,12,9,0,3,6,0,0
FR_GES_55,2020-04-02,151,21,93,23,59,92,4,17,50,43,11,12,15,1,10,5,1,0
FR_GES_55,2020-04-03,152,20,105,25,57,95,3,17,56,49,13,12,12,2,6,6,2,0
FR_GES_55,2020-04-04,157,21,115,27,61,96,3,18,59,56,14,13,10,2,3,7,1,1
FR_GES_55,2020-04-05,155,21,118,28,59,96,3,18,60,58,15,13,3,1,1,2,1,0
FR_GES_55,2020-04-06,167,23,124,31,66,101,4,19,62,62,15,16,6,3,2,4,0,3
FR_GES_55,2020-04-07,166,23,141,33,68,98,5,18,67,74,16,17,17,2,5,12,1,1
FR_GES_55,2020-04-08,162,23,147,39,71,91,4,19,68,79,17,22,6,6,1,5,1,5
FR_GES_55,2020-04-09,156,23,161,41,67,89,3,20,77,84,18,23,14,2,9,5,1,1
FR_GES_55,2020-04-10,153,24,174,42,66,87,3,21,83,91,18,24,13,1,6,7,0,1
FR_GES_55,2020-04-11,142,21,183,45,63,79,3,18,88,95,18,27,9,3,5,4,0,3
FR_GES_55,2020-04-12,143,20,190,49,67,76,3,17,90,100,20,29,7,4,2,5,2,2
FR_GES_55,2020-04-13,142,20,191,49,65,77,3,17,91,100,20,29,1,0,1,0,0,0
FR_GES_55,2020-04-14,145,22,199,50,67,78,3,19,96,103,20,30,8,1,5,3,0,1
FR_GES_55,2020-04-15,145,19,212,52,68,77,3,16,102,110,21,31,13,2,6,7,1,1
FR_GES_55,2020-04-16,144,21,219,54,66,78,3,18,105,114,22,32,7,2,3,4,1,1
FR_GES_55,2020-04-17,146,18,222,62,68,78,2,16,106,116,26,36,3,8,1,2,4,4
FR_GES_55,2020-04-18,151,18,229,66,69,82,2,16,111,118,28,38,7,4,5,2,2,2
FR_GES_55,2020-04-19,154,18,231,68,70,84,2,16,112,119,30,38,2,2,1,1,2,0
FR_GES_55,2020-04-20,153,17,236,71,73,80,3,14,114,122,32,39,5,3,2,3,2,1
FR_GES_55,2020-04-21,144,15,246,74,71,73,3,12,117,129,33,41,10,3,3,7,1,2
FR_GES_55,2020-04-22,144,14,254,77,70,74,3,11,124,130,35,42,8,3,7,1,2,1
FR_GES_55,2020-04-23,133,15,250,78,65,68,5,10,123,127,35,43,-4,1,-1,-3,0,1
FR_GES_55,2020-04-24,135,15,254,77,65,70,6,9,127,127,34,43,4,-1,4,0,-1,0
FR_GES_55,2020-04-25,130,14,257,80,64,66,5,9,128,129,36,44,3,3,1,2,2,1
FR_GES_55,2020-04-26,131,14,258,81,64,67,5,9,129,129,36,45,1,1,1,0,0,1
FR_GES_55,2020-04-27,126,14,263,83,61,65,5,9,132,131,37,46,5,2,3,2,1,1
FR_GES_55,2020-04-28,124,14,270,83,62,62,5,9,136,134,37,46,7,0,4,3,0,0
FR_GES_55,2020-04-29,127,13,274,85,61,66,5,8,140,134,38,47,4,2,4,0,1,1
FR_GES_55,2020-04-30,135,12,275,85,69,66,4,8,140,135,38,47,1,0,0,1,0,0
FR_GES_55,2020-05-01,137,12,277,85,70,67,4,8,141,136,38,47,2,0,1,1,0,0
FR_GES_55,2020-05-02,137,13,278,86,68,69,4,9,142,136,39,47,1,1,1,0,1,0
FR_GES_55,2020-05-03,140,13,278,86,70,70,4,9,142,136,39,47,0,0,0,0,0,0
FR_GES_55,2020-05-04,135,13,284,88,66,69,4,9,146,138,41,47,6,2,4,2,2,0
FR_GES_55,2020-05-05,139,16,286,89,66,73,5,11,148,138,42,47,2,1,2,0,1,0
FR_GES_55,2020-05-06,144,14,289,90,68,76,5,9,150,139,42,48,3,1,2,1,0,1
FR_GES_55,2020-05-07,143,12,292,90,66,77,5,7,152,140,41,49,3,0,2,1,-1,1
FR_GES_55,2020-05-08,146,11,293,90,67,79,4,7,153,140,41,49,1,0,1,0,0,0
FR_GES_55,2020-05-09,146,11,293,91,67,79,4,7,153,140,41,50,0,1,0,0,0,1
FR_GES_55,2020-05-10,146,11,293,92,66,80,4,7,153,140,42,50,0,1,0,0,1,0
FR_GES_55,2020-05-11,146,12,299,93,63,83,4,8,157,142,42,51,6,1,4,2,0,1
FR_GES_55,2020-05-12,146,10,303,97,64,82,3,7,159,144,44,53,4,4,2,2,2,2
FR_GES_55,2020-05-13,142,10,311,96,64,78,3,7,163,148,42,54,8,-1,4,4,-2,1
FR_GES_55,2020-05-14,143,3,313,96,65,78,0,3,164,149,42,54,2,0,1,1,0,0
FR_GES_55,2020-05-15,156,4,320,96,67,89,0,4,170,150,42,54,7,0,6,1,0,0
FR_GES_55,2020-05-16,157,3,328,90,68,89,0,3,174,154,39,51,8,-6,4,4,-3,-3
FR_GES_55,2020-05-17,158,3,328,90,69,89,0,3,174,154,39,51,0,0,0,0,0,0
FR_GES_55,2020-05-18,159,4,332,90,68,91,0,4,177,155,39,51,4,0,3,1,0,0
FR_GES_55,2020-05-19,162,5,338,92,70,92,1,4,179,159,40,52,6,2,2,4,1,1
FR_GES_55,2020-05-20,158,4,340,93,68,90,1,3,180,160,40,53,2,1,1,1,0,1
FR_GES_55,2020-05-21,129,4,347,93,53,76,1,3,183,164,40,53,7,0,3,4,0,0
FR_GES_55,2020-05-22,128,5,348,93,53,75,2,3,183,165,40,53,1,0,0,1,0,0
FR_GES_55,2020-05-23,127,5,347,93,53,74,1,4,181,166,40,53,-1,0,-2,1,0,0
FR_GES_55,2020-05-24,119,4,355,93,51,68,1,3,183,172,40,53,8,0,2,6,0,0
FR_GES_55,2020-05-25,118,4,358,95,49,69,1,3,185,173,40,55,3,2,2,1,0,2
FR_GES_55,2020-05-26,99,3,368,94,43,56,0,3,187,181,41,53,10,-1,2,8,1,-2
FR_GES_55,2020-05-27,99,3,370,93,45,54,0,3,188,182,41,52,2,-1,1,1,0,-1
FR_GES_55,2020-05-28,64,5,407,93,29,35,0,5,205,202,41,52,37,0,17,20,0,0
FR_GES_55,2020-05-29,41,5,429,93,18,23,1,4,216,213,41,52,22,0,11,11,0,0
FR_GES_55,2020-05-30,38,6,432,93,18,20,2,4,216,216,41,52,3,0,0,3,0,0
FR_GES_55,2020-05-31,37,5,432,94,17,20,1,4,216,216,42,52,0,1,0,0,1,0
FR_GES_55,2020-06-01,38,5,432,94,17,21,1,4,216,216,42,52,0,0,0,0,0,0
FR_GES_55,2020-06-02,29,2,438,95,13,16,0,2,219,219,43,52,6,1,3,3,1,0
FR_GES_55,2020-06-03,30,2,441,96,14,16,0,2,221,220,44,52,3,1,2,1,1,0
FR_GES_55,2020-06-04,31,2,443,96,15,16,0,2,222,221,44,52,2,0,1,1,0,0
FR_GES_55,2020-06-05,33,3,445,97,18,15,0,3,222,223,44,53,2,1,0,2,0,1
FR_GES_55,2020-06-06,35,3,445,97,19,16,0,3,222,223,44,53,0,0,0,0,0,0
FR_GES_55,2020-06-07,35,3,445,97,19,16,0,3,222,223,44,53,0,0,0,0,0,0
FR_GES_55,2020-06-08,37,3,446,98,20,17,0,3,223,223,45,53,1,1,1,0,1,0
FR_GES_55,2020-06-09,31,3,452,98,16,15,0,3,227,225,45,53,6,0,4,2,0,0
FR_GES_55,2020-06-10,28,3,457,98,14,14,0,3,231,226,45,53,5,0,4,1,0,0
FR_GES_55,2020-06-11,23,1,464,98,13,10,0,1,233,231,45,53,7,0,2,5,0,0
FR_GES_55,2020-06-12,18,1,471,98,12,6,0,1,234,237,45,53,7,0,1,6,0,0
FR_GES_55,2020-06-13,15,1,474,99,12,3,0,1,235,239,45,54,3,1,1,2,0,1
FR_GES_55,2020-06-14,15,1,474,99,12,3,0,1,235,239,45,54,0,0,0,0,0,0
FR_GES_55,2020-06-15,15,1,475,99,11,4,0,1,236,239,45,54,1,0,1,0,0,0
FR_GES_55,2020-06-16,13,1,475,101,11,2,0,1,236,239,45,56,0,2,0,0,0,2
FR_GES_55,2020-06-17,13,1,476,101,11,2,0,1,236,240,45,56,1,0,0,1,0,0
FR_GES_55,2020-06-18,18,1,477,101,13,5,0,1,236,241,45,56,1,0,0,1,0,0
FR_GES_55,2020-06-19,19,2,477,101,14,5,1,1,236,241,45,56,0,0,0,0,0,0
FR_GES_55,2020-06-20,18,2,478,101,13,5,1,1,237,241,45,56,1,0,1,0,0,0
FR_GES_55,2020-06-21,18,2,478,101,13,5,1,1,237,241,45,56,0,0,0,0,0,0
FR_GES_57,2020-03-18,169,34,11,16,73,96,8,26,5,6,9,7,,,,,,
FR_GES_57,2020-03-19,193,46,15,19,84,109,10,36,7,8,11,8,4,3,2,2,2,1
FR_GES_57,2020-03-20,255,61,23,23,116,139,15,46,13,10,15,8,8,4,6,2,4,0
FR_GES_57,2020-03-21,283,64,33,25,130,153,16,48,16,17,17,8,10,2,3,7,2,0
FR_GES_57,2020-03-22,330,72,50,32,151,179,15,57,24,26,21,11,17,7,8,9,4,3
FR_GES_57,2020-03-23,386,83,57,53,184,202,22,61,28,29,28,25,7,21,4,3,7,14
FR_GES_57,2020-03-24,515,100,78,65,240,275,24,76,40,38,32,33,21,12,12,9,4,8
FR_GES_57,2020-03-25,557,114,111,79,256,301,25,89,56,55,39,40,33,14,16,17,7,7
FR_GES_57,2020-03-26,632,118,140,99,288,344,24,94,73,67,47,52,29,20,17,12,8,12
FR_GES_57,2020-03-27,681,125,166,122,304,377,26,99,91,75,57,65,26,23,18,8,10,13
FR_GES_57,2020-03-28,738,143,198,151,316,422,29,114,112,86,66,85,32,29,21,11,9,20
FR_GES_57,2020-03-29,801,160,209,162,341,460,34,126,120,89,70,92,11,11,8,3,4,7
FR_GES_57,2020-03-30,863,169,230,181,370,493,34,135,131,99,77,104,21,19,11,10,7,12
FR_GES_57,2020-03-31,937,178,254,192,405,532,36,142,143,111,78,114,24,11,12,12,1,10
FR_GES_57,2020-04-01,1010,179,300,211,435,575,40,139,166,134,83,128,46,19,23,23,5,14
FR_GES_57,2020-04-02,1021,174,356,241,442,579,43,131,192,164,93,148,56,30,26,30,10,20
FR_GES_57,2020-04-03,1017,167,426,281,431,586,45,122,232,194,110,171,70,40,40,30,17,23
FR_GES_57,2020-04-04,1019,166,467,311,442,577,47,119,248,219,119,192,41,30,16,25,9,21
FR_GES_57,2020-04-05,1009,167,511,336,442,567,49,118,265,246,132,204,44,25,17,27,13,12
FR_GES_57,2020-04-06,1001,171,561,357,436,565,50,121,288,273,141,216,50,21,23,27,9,12
FR_GES_57,2020-04-07,1011,171,623,388,458,553,54,117,315,308,157,231,62,31,27,35,16,15
FR_GES_57,2020-04-08,996,166,687,412,457,539,56,110,343,344,169,243,64,24,28,36,12,12
FR_GES_57,2020-04-09,1017,166,732,426,477,540,56,110,363,369,175,251,45,14,20,25,6,8
FR_GES_57,2020-04-10,1046,160,783,449,499,547,52,108,382,401,192,257,51,23,19,32,17,6
FR_GES_57,2020-04-11,1032,160,809,464,493,539,51,109,395,414,196,268,26,15,13,13,4,11
FR_GES_57,2020-04-12,1042,159,837,477,505,537,51,108,408,429,199,278,28,13,13,15,3,10
FR_GES_57,2020-04-13,1040,164,851,494,508,532,56,108,410,441,206,288,14,17,2,12,7,10
FR_GES_57,2020-04-14,1059,162,874,510,516,543,54,108,422,452,213,297,23,16,12,11,7,9
FR_GES_57,2020-04-15,1067,159,944,528,525,542,52,107,454,490,224,304,70,18,32,38,11,7
FR_GES_57,2020-04-16,1066,154,1005,538,534,532,51,103,481,524,228,310,61,10,27,34,4,6
FR_GES_57,2020-04-17,1051,155,1055,545,522,529,49,106,510,545,232,313,50,7,29,21,4,3
FR_GES_57,2020-04-18,1019,150,1112,556,497,522,45,105,540,572,236,320,57,11,30,27,4,7
FR_GES_57,2020-04-19,1001,148,1131,565,487,514,46,102,552,579,241,324,19,9,12,7,5,4
FR_GES_57,2020-04-20,1001,143,1153,575,490,511,44,99,562,591,246,329,22,10,10,12,5,5
FR_GES_57,2020-04-21,983,140,1193,582,482,501,43,97,586,607,249,333,40,7,24,16,3,4
FR_GES_57,2020-04-22,989,137,1234,590,482,507,42,95,609,625,253,337,41,8,23,18,4,4
FR_GES_57,2020-04-23,976,140,1293,598,474,502,42,98,639,654,256,342,59,8,30,29,3,5
FR_GES_57,2020-04-24,941,138,1345,606,457,484,42,96,662,683,261,345,52,8,23,29,5,3
FR_GES_57,2020-04-25,891,130,1407,619,434,457,37,93,685,722,266,353,62,13,23,39,5,8
FR_GES_57,2020-04-26,886,130,1426,622,436,450,39,91,695,731,267,355,19,3,10,9,1,2
FR_GES_57,2020-04-27,876,125,1452,631,429,447,36,89,706,746,271,360,26,9,11,15,4,5
FR_GES_57,2020-04-28,873,127,1470,632,424,449,36,91,716,754,272,360,18,1,10,8,1,0
FR_GES_57,2020-04-29,819,116,1556,648,407,412,30,86,751,805,280,368,86,16,35,51,8,8
FR_GES_57,2020-04-30,759,104,1623,655,377,382,26,78,783,840,284,371,67,7,32,35,4,3
FR_GES_57,2020-05-01,726,89,1660,665,358,368,23,66,804,856,288,377,37,10,21,16,4,6
FR_GES_57,2020-05-02,737,89,1676,670,363,374,23,66,816,860,289,381,16,5,12,4,1,4
FR_GES_57,2020-05-03,745,89,1683,673,365,380,24,65,821,862,291,382,7,3,5,2,2,1
FR_GES_57,2020-05-04,720,88,1712,679,345,375,24,64,839,873,294,385,29,6,18,11,3,3
FR_GES_57,2020-05-05,693,81,1748,684,331,362,21,60,860,888,295,389,36,5,21,15,1,4
FR_GES_57,2020-05-06,657,73,1789,690,313,344,17,56,882,907,297,393,41,6,22,19,2,4
FR_GES_57,2020-05-07,652,71,1806,694,311,341,17,54,889,917,297,397,17,4,7,10,0,4
FR_GES_57,2020-05-08,651,75,1834,703,308,343,19,56,903,931,300,403,28,9,14,14,3,6
FR_GES_57,2020-05-09,646,74,1845,703,305,341,18,56,907,938,300,403,11,0,4,7,0,0
FR_GES_57,2020-05-10,641,74,1853,704,307,334,19,55,908,945,300,404,8,1,1,7,0,1
FR_GES_57,2020-05-11,648,74,1853,707,310,338,17,57,909,944,302,405,0,3,1,-1,2,1
FR_GES_57,2020-05-12,627,67,1886,714,304,323,18,49,924,962,304,410,33,7,15,18,2,5
FR_GES_57,2020-05-13,631,67,1904,724,304,327,19,48,933,971,307,417,18,10,9,9,3,7
FR_GES_57,2020-05-14,613,64,1938,731,295,318,18,46,948,990,312,419,34,7,15,19,5,2
FR_GES_57,2020-05-15,585,66,1961,747,285,300,18,48,956,1005,322,425,23,16,8,15,10,6
FR_GES_57,2020-05-16,570,60,1975,752,280,290,17,43,964,1011,322,430,14,5,8,6,0,5
FR_GES_57,2020-05-17,561,56,1980,759,279,282,16,40,966,1014,323,436,5,7,2,3,1,6
FR_GES_57,2020-05-18,555,52,1982,767,277,278,15,37,967,1015,327,440,2,8,1,1,4,4
FR_GES_57,2020-05-19,540,52,2005,774,269,271,15,37,980,1025,330,444,23,7,13,10,3,4
FR_GES_57,2020-05-20,507,51,2043,781,249,258,16,35,1002,1041,335,446,38,7,22,16,5,2
FR_GES_57,2020-05-21,500,56,2057,782,243,257,17,39,1010,1047,335,447,14,1,8,6,0,1
FR_GES_57,2020-05-22,488,48,2061,786,237,251,13,35,1012,1049,337,449,4,4,2,2,2,2
FR_GES_57,2020-05-23,497,50,2064,786,238,259,14,36,1015,1049,337,449,3,0,3,0,0,0
FR_GES_57,2020-05-24,495,50,2071,786,238,257,14,36,1017,1054,337,449,7,0,2,5,0,0
FR_GES_57,2020-05-25,496,47,2077,786,240,256,14,33,1020,1057,337,449,6,0,3,3,0,0
FR_GES_57,2020-05-26,490,49,2084,788,235,255,15,34,1025,1059,337,451,7,2,5,2,0,2
FR_GES_57,2020-05-27,483,49,2092,789,231,252,14,35,1029,1063,338,451,8,1,4,4,1,0
FR_GES_57,2020-05-28,477,45,2102,790,226,251,12,33,1036,1066,339,451,10,1,7,3,1,0
FR_GES_57,2020-05-29,472,44,2102,792,222,250,11,33,1037,1065,340,452,0,2,1,-1,1,1
FR_GES_57,2020-05-30,448,42,2127,795,211,237,9,33,1049,1078,341,454,25,3,12,13,1,2
FR_GES_57,2020-05-31,451,43,2128,796,213,238,10,33,1049,1079,341,455,1,1,0,1,0,1
FR_GES_57,2020-06-01,440,44,2138,798,210,230,9,35,1051,1087,341,457,10,2,2,8,0,2
FR_GES_57,2020-06-02,434,42,2152,802,208,226,8,34,1060,1092,343,459,14,4,9,5,2,2
FR_GES_57,2020-06-03,429,45,2173,804,206,223,8,37,1072,1101,342,462,21,2,12,9,-1,3
FR_GES_57,2020-06-04,409,40,2195,807,193,216,8,32,1087,1108,344,463,22,3,15,7,2,1
FR_GES_57,2020-06-05,406,40,2204,809,191,215,9,31,1093,1111,344,465,9,2,6,3,0,2
FR_GES_57,2020-06-06,387,39,2223,810,184,203,9,30,1101,1122,344,466,19,1,8,11,0,1
FR_GES_57,2020-06-07,386,39,2226,810,185,201,9,30,1102,1124,344,466,3,0,1,2,0,0
FR_GES_57,2020-06-08,383,38,2227,813,183,200,9,29,1104,1123,345,468,1,3,2,-1,1,2
FR_GES_57,2020-06-09,377,36,2233,814,181,196,8,28,1106,1127,346,468,6,1,2,4,1,0
FR_GES_57,2020-06-10,354,36,2244,812,167,187,8,28,1111,1133,347,465,11,-2,5,6,1,-3
FR_GES_57,2020-06-11,350,34,2246,813,165,185,7,27,1112,1134,347,466,2,1,1,1,0,1
FR_GES_57,2020-06-12,323,29,2273,814,152,171,7,22,1126,1147,348,466,27,1,14,13,1,0
FR_GES_57,2020-06-13,323,32,2279,814,152,171,8,24,1128,1151,348,466,6,0,2,4,0,0
FR_GES_57,2020-06-14,326,34,2279,814,152,174,8,26,1128,1151,348,466,0,0,0,0,0,0
FR_GES_57,2020-06-15,319,29,2280,816,151,168,7,22,1128,1152,348,468,1,2,0,1,0,2
FR_GES_57,2020-06-16,315,28,2284,817,149,166,7,21,1130,1154,348,469,4,1,2,2,0,1
FR_GES_57,2020-06-17,308,28,2295,819,147,161,7,21,1134,1161,349,470,11,2,4,7,1,1
FR_GES_57,2020-06-18,301,28,2302,820,146,155,6,22,1135,1167,349,471,7,1,1,6,0,1
FR_GES_57,2020-06-19,295,26,2316,821,144,151,6,20,1143,1173,349,472,14,1,8,6,0,1
FR_GES_57,2020-06-20,294,26,2317,821,143,151,6,20,1144,1173,349,472,1,0,1,0,0,0
FR_GES_57,2020-06-21,294,26,2317,821,143,151,6,20,1144,1173,349,472,0,0,0,0,0,0
FR_GES_67,2020-03-18,207,58,4,15,99,108,21,37,1,3,8,7,,,,,,
FR_GES_67,2020-03-19,296,82,13,18,137,159,23,59,5,8,9,9,9,3,4,5,1,2
FR_GES_67,2020-03-20,363,92,42,28,168,195,24,68,23,19,13,15,29,10,18,11,4,6
FR_GES_67,2020-03-21,410,107,51,31,177,233,28,79,28,23,14,17,9,3,5,4,1,2
FR_GES_67,2020-03-22,438,109,51,37,184,254,26,83,28,23,18,19,0,6,0,0,4,2
FR_GES_67,2020-03-23,519,138,77,48,211,308,34,104,42,35,19,29,26,11,14,12,1,10
FR_GES_67,2020-03-24,618,163,120,68,257,361,39,124,63,57,25,43,43,20,21,22,6,14
FR_GES_67,2020-03-25,685,184,149,79,275,410,38,146,73,76,32,47,29,11,10,19,7,4
FR_GES_67,2020-03-26,720,203,224,92,288,432,44,159,105,119,38,54,75,13,32,43,6,7
FR_GES_67,2020-03-27,781,222,234,107,317,464,52,170,111,123,46,61,10,15,6,4,8,7
FR_GES_67,2020-03-28,826,221,262,117,335,491,49,172,123,139,49,68,28,10,12,16,3,7
FR_GES_67,2020-03-29,875,232,277,135,350,525,54,178,126,151,56,79,15,18,3,12,7,11
FR_GES_67,2020-03-30,903,246,287,153,355,548,55,191,128,159,64,89,10,18,2,8,8,10
FR_GES_67,2020-03-31,958,253,324,180,376,582,58,195,149,175,68,112,37,27,21,16,4,23
FR_GES_67,2020-04-01,998,267,406,206,393,605,60,207,184,222,83,123,82,26,35,47,15,11
FR_GES_67,2020-04-02,1029,272,440,224,400,629,63,209,202,238,91,133,34,18,18,16,8,10
FR_GES_67,2020-04-03,1055,283,526,252,409,646,59,224,245,281,102,150,86,28,43,43,11,17
FR_GES_67,2020-04-04,1045,277,583,262,408,637,63,214,269,314,107,155,57,10,24,33,5,5
FR_GES_67,2020-04-05,1061,265,616,277,414,647,60,205,283,333,112,165,33,15,14,19,5,10
FR_GES_67,2020-04-06,1064,264,648,286,422,642,63,201,292,356,114,172,32,9,9,23,2,7
FR_GES_67,2020-04-07,1070,262,709,303,426,644,63,199,323,386,119,184,61,17,31,30,5,12
FR_GES_67,2020-04-08,1063,270,781,316,437,626,67,203,352,429,125,191,72,13,29,43,6,7
FR_GES_67,2020-04-09,1075,266,852,330,447,628,66,200,379,473,131,199,71,14,27,44,6,8
FR_GES_67,2020-04-10,1091,264,939,341,475,616,70,194,408,531,136,205,87,11,29,58,5,6
FR_GES_67,2020-04-11,1092,259,953,344,477,615,68,191,414,539,137,207,14,3,6,8,1,2
FR_GES_67,2020-04-12,1087,259,990,350,479,608,71,188,429,561,139,211,37,6,15,22,2,4
FR_GES_67,2020-04-13,1091,254,1000,355,478,613,69,185,436,564,141,214,10,5,7,3,2,3
FR_GES_67,2020-04-14,1109,249,1020,372,498,611,68,181,441,579,148,224,20,17,5,15,7,10
FR_GES_67,2020-04-15,1061,233,1121,385,462,599,66,167,495,626,158,227,101,13,54,47,10,3
FR_GES_67,2020-04-16,1037,223,1184,394,449,588,63,160,526,658,163,231,63,9,31,32,5,4
FR_GES_67,2020-04-17,1013,211,1250,411,454,559,66,145,553,697,169,242,66,17,27,39,6,11
FR_GES_67,2020-04-18,1001,205,1305,421,461,540,64,141,576,729,173,248,55,10,23,32,4,6
FR_GES_67,2020-04-19,999,205,1319,426,460,539,65,140,582,737,177,249,14,5,6,8,4,1
FR_GES_67,2020-04-20,1011,207,1330,432,461,550,64,143,586,744,179,253,11,6,4,7,2,4
FR_GES_67,2020-04-21,1019,202,1378,447,479,540,62,140,600,778,186,261,48,15,14,34,7,8
FR_GES_67,2020-04-22,985,194,1432,459,464,521,60,134,624,808,190,269,54,12,24,30,4,8
FR_GES_67,2020-04-23,925,186,1510,469,428,497,56,130,669,841,197,272,78,10,45,33,7,3
FR_GES_67,2020-04-24,905,175,1538,476,415,490,52,123,686,852,201,275,28,7,17,11,4,3
FR_GES_67,2020-04-25,911,173,1557,480,426,485,52,121,693,864,201,279,19,4,7,12,0,4
FR_GES_67,2020-04-26,904,169,1562,486,422,482,52,117,695,867,204,282,5,6,2,3,3,3
FR_GES_67,2020-04-27,918,171,1579,493,425,493,54,117,702,877,206,287,17,7,7,10,2,5
FR_GES_67,2020-04-28,895,162,1603,500,412,483,52,110,718,885,208,292,24,7,16,8,2,5
FR_GES_67,2020-04-29,886,163,1652,512,406,480,50,113,742,910,212,300,49,12,24,25,4,8
FR_GES_67,2020-04-30,874,155,1680,518,408,466,44,111,750,930,214,304,28,6,8,20,2,4
FR_GES_67,2020-05-01,851,153,1715,530,398,453,42,111,763,952,220,310,35,12,13,22,6,6
FR_GES_67,2020-05-02,841,147,1726,540,397,444,42,105,769,957,223,317,11,10,6,5,3,7
FR_GES_67,2020-05-03,835,142,1734,542,396,439,41,101,772,962,223,319,8,2,3,5,0,2
FR_GES_67,2020-05-04,827,141,1747,547,391,436,41,100,780,967,226,321,13,5,8,5,3,2
FR_GES_67,2020-05-05,823,130,1770,550,391,432,37,93,787,983,228,322,23,3,7,16,2,1
FR_GES_67,2020-05-06,806,120,1813,556,382,424,36,84,808,1005,229,327,43,6,21,22,1,5
FR_GES_67,2020-05-07,784,114,1844,561,374,410,36,78,820,1024,230,331,31,5,12,19,1,4
FR_GES_67,2020-05-08,763,103,1871,569,365,398,30,73,834,1037,234,335,27,8,14,13,4,4
FR_GES_67,2020-05-09,759,101,1874,569,364,395,30,71,837,1037,234,335,3,0,3,0,0,0
FR_GES_67,2020-05-10,761,95,1871,571,367,394,26,69,834,1037,234,337,-3,2,-3,0,0,2
FR_GES_67,2020-05-11,755,92,1886,574,368,387,26,66,840,1046,236,338,15,3,6,9,2,1
FR_GES_67,2020-05-12,750,83,1906,575,367,383,25,58,852,1054,237,338,20,1,12,8,1,0
FR_GES_67,2020-05-13,746,76,1934,580,368,378,23,53,864,1070,240,340,28,5,12,16,3,2
FR_GES_67,2020-05-14,730,71,1952,585,360,370,21,50,873,1079,243,342,18,5,9,9,3,2
FR_GES_67,2020-05-15,688,67,1994,592,336,352,21,46,899,1095,246,346,42,7,26,16,3,4
FR_GES_67,2020-05-16,665,67,2017,595,325,340,22,45,911,1106,246,349,23,3,12,11,0,3
FR_GES_67,2020-05-17,656,63,2030,597,319,337,23,40,919,1111,246,351,13,2,8,5,0,2
FR_GES_67,2020-05-18,647,58,2049,600,320,327,23,35,926,1123,247,353,19,3,7,12,1,2
FR_GES_67,2020-05-19,619,56,2077,607,304,315,23,33,943,1134,250,357,28,7,17,11,3,4
FR_GES_67,2020-05-20,615,59,2087,608,301,314,24,35,947,1140,251,357,10,1,4,6,1,0
FR_GES_67,2020-05-21,609,58,2096,608,297,312,24,34,954,1142,251,357,9,0,7,2,0,0
FR_GES_67,2020-05-22,604,54,2116,612,290,314,21,33,967,1149,254,358,20,4,13,7,3,1
FR_GES_67,2020-05-23,595,54,2128,612,285,310,21,33,975,1153,254,358,12,0,8,4,0,0
FR_GES_67,2020-05-24,584,51,2135,618,278,306,19,32,981,1154,256,362,7,6,6,1,2,4
FR_GES_67,2020-05-25,573,47,2146,619,273,300,18,29,985,1161,256,363,11,1,4,7,0,1
FR_GES_67,2020-05-26,565,44,2154,620,270,295,16,28,991,1163,256,364,8,1,6,2,0,1
FR_GES_67,2020-05-27,542,44,2187,622,260,282,17,27,1009,1178,256,366,33,2,18,15,0,2
FR_GES_67,2020-05-28,534,40,2205,625,258,276,15,25,1018,1187,257,368,18,3,9,9,1,2
FR_GES_67,2020-05-29,500,41,2241,630,239,261,14,27,1037,1204,259,371,36,5,19,17,2,3
FR_GES_67,2020-05-30,498,41,2261,632,239,259,14,27,1050,1211,260,372,20,2,13,7,1,1
FR_GES_67,2020-05-31,495,39,2264,633,240,255,13,26,1050,1214,260,373,3,1,0,3,0,1
FR_GES_67,2020-06-01,494,38,2264,634,239,255,12,26,1050,1214,261,373,0,1,0,0,1,0
FR_GES_67,2020-06-02,494,36,2269,635,239,255,12,24,1051,1218,262,373,5,1,1,4,1,0
FR_GES_67,2020-06-03,484,37,2288,636,232,252,13,24,1064,1224,262,374,19,1,13,6,0,1
FR_GES_67,2020-06-04,469,38,2289,636,223,246,13,25,1062,1227,262,374,1,0,-2,3,0,0
FR_GES_67,2020-06-05,447,35,2313,639,216,231,12,23,1071,1242,263,376,24,3,9,15,1,2
FR_GES_67,2020-06-06,443,33,2318,639,211,232,10,23,1074,1244,263,376,5,0,3,2,0,0
FR_GES_67,2020-06-07,440,32,2319,640,210,230,9,23,1074,1245,264,376,1,1,0,1,1,0
FR_GES_67,2020-06-08,433,31,2324,643,206,227,9,22,1078,1246,266,377,5,3,4,1,2,1
FR_GES_67,2020-06-09,418,13,2341,643,202,216,4,9,1082,1259,266,377,17,0,4,13,0,0
FR_GES_67,2020-06-10,402,10,2356,646,192,210,4,6,1089,1267,268,378,15,3,7,8,2,1
FR_GES_67,2020-06-11,397,11,2363,645,191,206,5,6,1092,1271,267,378,7,-1,3,4,-1,0
FR_GES_67,2020-06-12,377,11,2385,646,186,191,5,6,1098,1287,268,378,22,1,6,16,1,0
FR_GES_67,2020-06-13,372,13,2391,646,182,190,6,7,1102,1289,268,378,6,0,4,2,0,0
FR_GES_67,2020-06-14,371,13,2391,647,182,189,6,7,1102,1289,268,379,0,1,0,0,0,1
FR_GES_67,2020-06-15,370,13,2397,647,183,187,6,7,1106,1291,268,379,6,0,4,2,0,0
FR_GES_67,2020-06-16,370,10,2403,649,183,187,5,5,1110,1293,270,379,6,2,4,2,2,0
FR_GES_67,2020-06-17,367,9,2407,649,182,185,4,5,1112,1295,270,379,4,0,2,2,0,0
FR_GES_67,2020-06-18,364,9,2413,651,180,184,4,5,1115,1298,272,379,6,2,3,3,2,0
FR_GES_67,2020-06-19,357,8,2422,652,178,179,3,5,1119,1303,273,379,9,1,4,5,1,0
FR_GES_67,2020-06-20,358,8,2422,652,178,180,3,5,1119,1303,273,379,0,0,0,0,0,0
FR_GES_67,2020-06-21,357,8,2423,653,177,180,3,5,1119,1304,274,379,1,1,0,1,1,0
FR_GES_68,2020-03-18,367,77,114,73,164,203,27,50,47,67,35,38,,,,,,
FR_GES_68,2020-03-19,433,73,129,90,192,241,24,49,54,75,43,47,15,17,7,8,8,9
FR_GES_68,2020-03-20,500,91,167,104,212,288,27,64,74,93,49,55,38,14,20,18,6,8
FR_GES_68,2020-03-21,509,94,195,121,222,287,27,67,90,105,55,66,28,17,16,12,6,11
FR_GES_68,2020-03-22,530,90,220,135,233,297,23,67,102,118,61,74,25,14,12,13,6,8
FR_GES_68,2020-03-23,620,98,232,156,257,363,20,78,112,120,68,88,12,21,10,2,7,14
FR_GES_68,2020-03-24,708,96,272,185,309,399,22,74,126,146,76,109,40,29,14,26,8,21
FR_GES_68,2020-03-25,797,105,321,237,356,441,25,80,152,169,97,140,49,52,26,23,21,31
FR_GES_68,2020-03-26,871,115,371,265,399,472,27,88,174,197,106,159,50,28,22,28,9,19
FR_GES_68,2020-03-27,954,124,406,287,425,529,30,94,195,211,115,172,35,22,21,14,9,13
FR_GES_68,2020-03-28,944,127,481,322,426,518,32,95,232,249,128,194,75,35,37,38,13,22
FR_GES_68,2020-03-29,990,134,510,345,441,549,29,105,247,263,135,210,29,23,15,14,7,16
FR_GES_68,2020-03-30,1016,136,564,377,455,561,31,105,269,295,145,232,54,32,22,32,10,22
FR_GES_68,2020-03-31,1029,153,650,408,457,572,35,118,306,344,155,253,86,31,37,49,10,21
FR_GES_68,2020-04-01,1071,154,683,434,475,596,36,118,321,362,159,275,33,26,15,18,4,22
FR_GES_68,2020-04-02,1096,158,760,416,495,601,42,116,353,407,145,271,77,-18,32,45,-14,-4
FR_GES_68,2020-04-03,1091,160,817,439,487,604,41,119,382,435,162,277,57,23,29,28,17,6
FR_GES_68,2020-04-04,1018,148,888,456,456,562,38,110,416,472,166,290,71,17,34,37,4,13
FR_GES_68,2020-04-05,1017,149,931,468,454,563,40,109,434,497,170,298,43,12,18,25,4,8
FR_GES_68,2020-04-06,1037,140,954,505,482,555,41,99,439,515,184,321,23,37,5,18,14,23
FR_GES_68,2020-04-07,1054,149,1035,522,502,552,47,102,471,564,193,329,81,17,32,49,9,8
FR_GES_68,2020-04-08,1026,152,1105,544,490,536,51,101,505,600,201,343,70,22,34,36,8,14
FR_GES_68,2020-04-09,1010,143,1169,557,482,528,48,95,540,629,206,351,64,13,35,29,5,8
FR_GES_68,2020-04-10,1020,132,1205,566,489,531,46,86,558,647,212,354,36,9,18,18,6,3
FR_GES_68,2020-04-11,1023,139,1227,572,487,536,46,93,567,660,215,357,22,6,9,13,3,3
FR_GES_68,2020-04-12,1024,142,1241,584,486,538,46,96,573,668,220,364,14,12,6,8,5,7
FR_GES_68,2020-04-13,1020,140,1260,591,486,534,45,95,579,681,224,367,19,7,6,13,4,3
FR_GES_68,2020-04-14,1039,140,1297,591,500,539,49,91,597,700,223,368,37,0,18,19,-1,1
FR_GES_68,2020-04-15,1018,133,1383,605,500,518,51,82,629,754,232,373,86,14,32,54,9,5
FR_GES_68,2020-04-16,974,135,1466,622,461,513,49,86,675,791,241,381,83,17,46,37,9,8
FR_GES_68,2020-04-17,989,134,1484,623,462,527,45,89,688,796,242,381,18,1,13,5,1,0
FR_GES_68,2020-04-18,968,126,1524,627,457,511,45,81,704,820,241,386,40,4,16,24,-1,5
FR_GES_68,2020-04-19,953,119,1555,629,450,503,40,79,719,836,242,387,31,2,15,16,1,1
FR_GES_68,2020-04-20,970,122,1521,634,469,501,42,80,699,822,244,390,-34,5,-20,-14,2,3
FR_GES_68,2020-04-21,964,116,1575,637,464,500,39,77,723,852,245,392,54,3,24,30,1,2
FR_GES_68,2020-04-22,939,117,1624,641,452,487,39,78,745,879,247,394,49,4,22,27,2,2
FR_GES_68,2020-04-23,949,116,1651,644,463,486,38,78,756,895,249,395,27,3,11,16,2,1
FR_GES_68,2020-04-24,959,120,1678,649,465,494,38,82,766,912,253,396,27,5,10,17,4,1
FR_GES_68,2020-04-25,928,119,1715,652,458,470,36,83,781,934,253,399,37,3,15,22,0,3
FR_GES_68,2020-04-26,931,119,1724,659,462,469,35,84,784,940,254,405,9,7,3,6,1,6
FR_GES_68,2020-04-27,925,110,1748,667,455,470,29,81,797,951,256,411,24,8,13,11,2,6
FR_GES_68,2020-04-28,893,100,1773,669,440,453,28,72,808,965,257,412,25,2,11,14,1,1
FR_GES_68,2020-04-29,865,103,1854,676,427,438,26,77,843,1011,260,416,81,7,35,46,3,4
FR_GES_68,2020-04-30,868,100,1891,683,431,437,24,76,856,1035,265,418,37,7,13,24,5,2
FR_GES_68,2020-05-01,848,101,1915,683,420,428,24,77,870,1045,264,419,24,0,14,10,-1,1
FR_GES_68,2020-05-02,837,102,1936,687,413,424,26,76,880,1056,267,420,21,4,10,11,3,1
FR_GES_68,2020-05-03,833,93,1943,691,412,421,25,68,885,1058,268,423,7,4,5,2,1,3
FR_GES_68,2020-05-04,842,90,1952,696,406,436,25,65,892,1060,269,427,9,5,7,2,1,4
FR_GES_68,2020-05-05,817,93,1999,707,400,417,25,68,914,1085,273,434,47,11,22,25,4,7
FR_GES_68,2020-05-06,799,83,2033,710,390,409,21,62,932,1101,274,436,34,3,18,16,1,2
FR_GES_68,2020-05-07,783,75,1910,714,384,399,19,56,872,1038,277,437,-123,4,-60,-63,3,1
FR_GES_68,2020-05-08,769,72,1925,716,375,394,18,54,877,1048,277,439,15,2,5,10,0,2
FR_GES_68,2020-05-09,758,68,1939,717,372,386,16,52,883,1056,277,440,14,1,6,8,0,1
FR_GES_68,2020-05-10,761,68,1940,717,373,388,16,52,884,1056,277,440,1,0,1,0,0,0
FR_GES_68,2020-05-11,760,68,1964,724,368,392,14,54,898,1066,282,442,24,7,14,10,5,2
FR_GES_68,2020-05-12,759,64,1989,728,372,387,15,49,911,1078,282,446,25,4,13,12,0,4
FR_GES_68,2020-05-13,730,59,2021,730,356,374,15,44,930,1091,283,447,32,2,19,13,1,1
FR_GES_68,2020-05-14,703,56,2085,743,346,357,13,43,965,1120,288,455,64,13,35,29,5,8
FR_GES_68,2020-05-15,712,58,2105,744,348,364,15,43,977,1128,289,455,20,1,12,8,1,0
FR_GES_68,2020-05-16,693,56,2126,745,341,352,14,42,987,1139,289,456,21,1,10,11,0,1
FR_GES_68,2020-05-17,682,52,2143,748,334,348,14,38,996,1147,290,458,17,3,9,8,1,2
FR_GES_68,2020-05-18,697,60,2153,752,339,358,15,45,998,1155,292,460,10,4,2,8,2,2
FR_GES_68,2020-05-19,675,54,2194,755,331,344,13,41,1016,1178,292,463,41,3,18,23,0,3
FR_GES_68,2020-05-20,662,50,2223,758,320,342,11,39,1034,1189,294,464,29,3,18,11,2,1
FR_GES_68,2020-05-21,659,48,2233,758,315,344,10,38,1041,1192,294,464,10,0,7,3,0,0
FR_GES_68,2020-05-22,634,50,2269,762,310,324,12,38,1055,1214,295,467,36,4,14,22,1,3
FR_GES_68,2020-05-23,628,50,2291,765,311,317,13,37,1064,1227,295,470,22,3,9,13,0,3
FR_GES_68,2020-05-24,629,50,2290,765,312,317,13,37,1063,1227,295,470,-1,0,-1,0,0,0
FR_GES_68,2020-05-25,619,47,2315,769,308,311,12,35,1079,1236,295,474,25,4,16,9,0,4
FR_GES_68,2020-05-26,607,39,2337,766,301,306,10,29,1089,1248,295,471,22,-3,10,12,0,-3
FR_GES_68,2020-05-27,579,39,2384,768,282,297,9,30,1112,1272,296,472,47,2,23,24,1,1
FR_GES_68,2020-05-28,565,38,2404,770,277,288,9,29,1123,1281,296,474,20,2,11,9,0,2
FR_GES_68,2020-05-29,549,37,2424,771,271,278,10,27,1132,1292,296,475,20,1,9,11,0,1
FR_GES_68,2020-05-30,535,34,2440,773,269,266,10,24,1135,1305,297,476,16,2,3,13,1,1
FR_GES_68,2020-05-31,535,34,2440,773,269,266,10,24,1135,1305,297,476,0,0,0,0,0,0
FR_GES_68,2020-06-01,535,34,2440,773,269,266,10,24,1135,1305,297,476,0,0,0,0,0,0
FR_GES_68,2020-06-02,511,29,2471,780,253,258,9,20,1151,1320,300,480,31,7,16,15,3,4
FR_GES_68,2020-06-03,498,27,2491,783,248,250,7,20,1160,1331,302,481,20,3,9,11,2,1
FR_GES_68,2020-06-04,500,27,2508,783,247,253,7,20,1168,1340,302,481,17,0,8,9,0,0
FR_GES_68,2020-06-05,466,24,2562,786,233,233,7,17,1194,1368,303,483,54,3,26,28,1,2
FR_GES_68,2020-06-06,455,23,2574,788,229,226,7,16,1199,1375,305,483,12,2,5,7,2,0
FR_GES_68,2020-06-07,455,23,2574,788,229,226,7,16,1199,1375,305,483,0,0,0,0,0,0
FR_GES_68,2020-06-08,448,22,2586,790,225,223,6,16,1205,1381,306,484,12,2,6,6,1,1
FR_GES_68,2020-06-09,428,22,2610,790,217,211,7,15,1217,1393,306,484,24,0,12,12,0,0
FR_GES_68,2020-06-10,404,17,2628,789,200,204,5,12,1230,1398,305,484,18,-1,13,5,-1,0
FR_GES_68,2020-06-11,392,18,2642,789,193,199,5,13,1238,1404,305,484,14,0,8,6,0,0
FR_GES_68,2020-06-12,378,13,2662,789,187,191,2,11,1247,1415,305,484,20,0,9,11,0,0
FR_GES_68,2020-06-13,375,13,2666,789,188,187,2,11,1247,1419,305,484,4,0,0,4,0,0
FR_GES_68,2020-06-14,375,13,2666,789,188,187,2,11,1247,1419,305,484,0,0,0,0,0,0
FR_GES_68,2020-06-15,371,15,2681,789,190,181,4,11,1250,1431,305,484,15,0,3,12,0,0
FR_GES_68,2020-06-16,357,15,2700,789,183,174,3,12,1259,1441,305,484,19,0,9,10,0,0
FR_GES_68,2020-06-17,344,14,2716,789,176,168,2,12,1267,1449,305,484,16,0,8,8,0,0
FR_GES_68,2020-06-18,337,14,2726,790,173,164,2,12,1272,1454,306,484,10,1,5,5,1,0
FR_GES_68,2020-06-19,331,14,2732,792,170,161,2,12,1275,1457,307,485,6,2,3,3,1,1
FR_GES_68,2020-06-20,328,15,2736,793,170,158,2,13,1275,1461,308,485,4,1,0,4,1,0
FR_GES_68,2020-06-21,328,15,2736,793,170,158,2,13,1275,1461,308,485,0,0,0,0,0,0
FR_GES_88,2020-03-18,32,6,7,8,13,19,1,5,5,2,4,4,,,,,,
FR_GES_88,2020-03-19,38,6,8,11,17,21,2,4,5,3,4,7,1,3,0,1,0,3
FR_GES_88,2020-03-20,46,5,8,14,22,24,1,4,5,3,5,9,0,3,0,0,1,2
FR_GES_88,2020-03-21,54,6,8,16,25,29,1,5,5,3,6,10,0,2,0,0,1,1
FR_GES_88,2020-03-22,60,7,16,21,29,31,1,6,9,7,8,13,8,5,4,4,2,3
FR_GES_88,2020-03-23,64,9,24,31,27,37,2,7,13,11,14,17,8,10,4,4,6,4
FR_GES_88,2020-03-24,75,10,36,35,28,47,2,8,19,17,18,17,12,4,6,6,4,0
FR_GES_88,2020-03-25,109,18,44,41,45,64,4,14,23,21,20,21,8,6,4,4,2,4
FR_GES_88,2020-03-26,100,17,57,47,42,58,4,13,31,26,19,28,13,6,8,5,-1,7
FR_GES_88,2020-03-27,125,21,67,56,51,74,6,15,37,30,23,33,10,9,6,4,4,5
FR_GES_88,2020-03-28,149,28,79,68,59,90,7,21,45,34,27,41,12,12,8,4,4,8
FR_GES_88,2020-03-29,179,27,82,72,79,100,7,20,46,36,29,43,3,4,1,2,2,2
FR_GES_88,2020-03-30,195,28,91,81,87,108,8,20,50,41,30,51,9,9,4,5,1,8
FR_GES_88,2020-03-31,246,30,101,88,112,134,7,23,52,49,33,55,10,7,2,8,3,4
FR_GES_88,2020-04-01,252,34,120,94,116,136,8,26,62,58,36,58,19,6,10,9,3,3
FR_GES_88,2020-04-02,264,43,140,98,128,136,14,29,70,70,36,62,20,4,8,12,0,4
FR_GES_88,2020-04-03,252,40,159,107,121,131,13,27,81,78,40,67,19,9,11,8,4,5
FR_GES_88,2020-04-04,246,40,182,114,117,129,13,27,90,92,44,70,23,7,9,14,4,3
FR_GES_88,2020-04-05,266,38,193,117,122,144,11,27,96,97,46,71,11,3,6,5,2,1
FR_GES_88,2020-04-06,267,36,199,125,126,141,10,26,100,99,50,75,6,8,4,2,4,4
FR_GES_88,2020-04-07,252,35,220,128,121,131,11,24,111,109,50,78,21,3,11,10,0,3
FR_GES_88,2020-04-08,247,38,236,131,119,128,12,26,117,119,53,78,16,3,6,10,3,0
FR_GES_88,2020-04-09,253,33,256,139,126,127,12,21,126,130,56,83,20,8,9,11,3,5
FR_GES_88,2020-04-10,276,34,246,157,141,135,13,21,116,130,63,94,-10,18,-10,0,7,11
FR_GES_88,2020-04-11,265,30,259,158,135,130,11,19,123,136,64,94,13,1,7,6,1,0
FR_GES_88,2020-04-12,267,29,264,164,136,131,11,18,125,139,67,97,5,6,2,3,3,3
FR_GES_88,2020-04-13,268,31,270,168,137,131,12,19,127,143,69,99,6,4,2,4,2,2
FR_GES_88,2020-04-14,268,31,274,173,134,134,12,19,130,144,71,102,4,5,3,1,2,3
FR_GES_88,2020-04-15,274,30,294,183,141,133,11,19,137,157,77,106,20,10,7,13,6,4
FR_GES_88,2020-04-16,276,30,306,187,143,133,11,19,143,163,77,110,12,4,6,6,0,4
FR_GES_88,2020-04-17,268,29,318,189,136,132,9,20,149,169,79,110,12,2,6,6,2,0
FR_GES_88,2020-04-18,268,26,326,191,137,131,8,18,152,174,80,111,8,2,3,5,1,1
FR_GES_88,2020-04-19,267,25,329,203,138,129,9,16,153,176,84,119,3,12,1,2,4,8
FR_GES_88,2020-04-20,244,23,359,209,128,116,8,15,168,191,84,125,30,6,15,15,0,6
FR_GES_88,2020-04-21,240,22,377,215,125,115,7,15,176,201,88,127,18,6,8,10,4,2
FR_GES_88,2020-04-22,243,21,384,218,127,116,7,14,180,204,90,128,7,3,4,3,2,1
FR_GES_88,2020-04-23,239,23,392,220,128,111,7,16,183,209,90,130,8,2,3,5,0,2
FR_GES_88,2020-04-24,232,22,405,222,126,106,7,15,189,216,90,132,13,2,6,7,0,2
FR_GES_88,2020-04-25,230,20,413,224,127,103,6,14,192,221,90,134,8,2,3,5,0,2
FR_GES_88,2020-04-26,231,18,413,225,130,101,6,12,192,221,90,135,0,1,0,0,0,1
FR_GES_88,2020-04-27,229,17,415,228,130,99,6,11,193,222,92,136,2,3,1,1,2,1
FR_GES_88,2020-04-28,229,16,425,231,126,103,6,10,200,225,94,137,10,3,7,3,2,1
FR_GES_88,2020-04-29,232,14,437,234,134,98,5,9,205,232,95,139,12,3,5,7,1,2
FR_GES_88,2020-04-30,228,13,455,234,133,95,5,8,213,242,95,139,18,0,8,10,0,0
FR_GES_88,2020-05-01,229,13,459,234,134,95,5,8,214,245,95,139,4,0,1,3,0,0
FR_GES_88,2020-05-02,227,14,462,235,132,95,5,9,216,246,96,139,3,1,2,1,1,0
FR_GES_88,2020-05-03,213,13,476,237,124,89,5,8,225,251,96,141,14,2,9,5,0,2
FR_GES_88,2020-05-04,210,12,481,241,123,87,4,8,228,253,99,142,5,4,3,2,3,1
FR_GES_88,2020-05-05,200,10,495,243,116,84,4,6,239,256,99,144,14,2,11,3,0,2
FR_GES_88,2020-05-06,197,7,502,243,113,84,2,5,243,259,99,144,7,0,4,3,0,0
FR_GES_88,2020-05-07,173,8,530,245,102,71,2,6,255,275,99,146,28,2,12,16,0,2
FR_GES_88,2020-05-08,165,8,542,245,95,70,2,6,264,278,99,146,12,0,9,3,0,0
FR_GES_88,2020-05-09,153,8,554,248,90,63,2,6,267,287,101,147,12,3,3,9,2,1
FR_GES_88,2020-05-10,143,6,563,248,85,58,1,5,271,292,101,147,9,0,4,5,0,0
FR_GES_88,2020-05-11,143,6,564,248,86,57,1,5,271,293,101,147,1,0,0,1,0,0
FR_GES_88,2020-05-12,136,8,571,249,79,57,1,7,276,295,101,148,7,1,5,2,0,1
FR_GES_88,2020-05-13,136,6,575,249,80,56,0,6,278,297,101,148,4,0,2,2,0,0
FR_GES_88,2020-05-14,121,6,592,248,67,54,0,6,290,302,101,147,17,-1,12,5,0,-1
FR_GES_88,2020-05-15,119,6,596,248,66,53,0,6,293,303,101,147,4,0,3,1,0,0
FR_GES_88,2020-05-16,92,8,623,250,43,49,1,7,315,308,103,147,27,2,22,5,2,0
FR_GES_88,2020-05-17,93,6,622,250,44,49,1,5,314,308,103,147,-1,0,-1,0,0,0
FR_GES_88,2020-05-18,89,6,626,250,42,47,1,5,316,310,103,147,4,0,2,2,0,0
FR_GES_88,2020-05-19,83,6,633,249,41,42,1,5,317,316,103,146,7,-1,1,6,0,-1
FR_GES_88,2020-05-20,79,6,637,250,40,39,1,5,319,318,103,147,4,1,2,2,0,1
FR_GES_88,2020-05-21,74,4,643,250,36,38,0,4,323,320,103,147,6,0,4,2,0,0
FR_GES_88,2020-05-22,71,5,649,250,33,38,0,5,326,323,103,147,6,0,3,3,0,0
FR_GES_88,2020-05-23,76,5,648,250,35,41,0,5,326,322,103,147,-1,0,0,-1,0,0
FR_GES_88,2020-05-24,75,5,648,251,34,41,0,5,326,322,104,147,0,1,0,0,1,0
FR_GES_88,2020-05-25,75,4,650,251,35,40,0,4,326,324,104,147,2,0,0,2,0,0
FR_GES_88,2020-05-26,71,4,656,251,34,37,0,4,327,329,104,147,6,0,1,5,0,0
FR_GES_88,2020-05-27,68,4,658,252,32,36,0,4,328,330,105,147,2,1,1,1,1,0
FR_GES_88,2020-05-28,67,4,662,252,33,34,0,4,330,332,105,147,4,0,2,2,0,0
FR_GES_88,2020-05-29,67,4,662,253,33,34,0,4,330,332,106,147,0,1,0,0,1,0
FR_GES_88,2020-05-30,64,4,668,253,30,34,0,4,334,334,106,147,6,0,4,2,0,0
FR_GES_88,2020-05-31,64,4,668,253,30,34,0,4,334,334,106,147,0,0,0,0,0,0
FR_GES_88,2020-06-01,64,3,668,253,30,34,0,3,334,334,106,147,0,0,0,0,0,0
FR_GES_88,2020-06-02,65,3,667,253,31,34,0,3,334,333,106,147,-1,0,0,-1,0,0
FR_GES_88,2020-06-03,61,3,677,254,29,32,0,3,338,339,106,148,10,1,4,6,0,1
FR_GES_88,2020-06-04,61,3,679,255,31,30,0,3,338,341,106,149,2,1,0,2,0,1
FR_GES_88,2020-06-05,52,2,686,257,25,27,0,2,342,344,108,149,7,2,4,3,2,0
FR_GES_88,2020-06-06,52,2,688,257,25,27,0,2,343,345,108,149,2,0,1,1,0,0
FR_GES_88,2020-06-07,53,2,688,257,25,28,0,2,343,345,108,149,0,0,0,0,0,0
FR_GES_88,2020-06-08,53,2,688,257,25,28,0,2,343,345,108,149,0,0,0,0,0,0
FR_GES_88,2020-06-09,49,3,693,257,23,26,1,2,346,347,108,149,5,0,3,2,0,0
FR_GES_88,2020-06-10,48,2,693,257,23,25,1,1,346,347,108,149,0,0,0,0,0,0
FR_GES_88,2020-06-11,40,1,700,258,16,24,0,1,352,348,109,149,7,1,6,1,1,0
FR_GES_88,2020-06-12,40,1,701,258,17,23,1,0,352,349,109,149,1,0,0,1,0,0
FR_GES_88,2020-06-13,40,1,701,258,17,23,1,0,352,349,109,149,0,0,0,0,0,0
FR_GES_88,2020-06-14,40,1,701,258,17,23,1,0,352,349,109,149,0,0,0,0,0,0
FR_GES_88,2020-06-15,37,1,701,260,16,21,1,0,352,349,110,150,0,2,0,0,1,1
FR_GES_88,2020-06-16,36,0,704,260,16,20,0,0,353,351,110,150,3,0,1,2,0,0
FR_GES_88,2020-06-17,37,0,705,260,18,19,0,0,353,352,110,150,1,0,0,1,0,0
FR_GES_88,2020-06-18,36,0,706,261,18,18,0,0,354,352,110,151,1,1,1,0,0,1
FR_GES_88,2020-06-19,37,0,706,261,19,18,0,0,354,352,110,151,0,0,0,0,0,0
FR_GES_88,2020-06-20,37,0,706,261,19,18,0,0,354,352,110,151,0,0,0,0,0,0
FR_GES_88,2020-06-21,37,0,706,261,19,18,0,0,354,352,110,151,0,0,0,0,0,0
FR_GF,2020-03-18,0,0,0,0,0,0,0,0,0,0,0,0,,,,,,
FR_GF,2020-03-19,0,0,0,0,0,0,0,0,0,0,0,0,0,0,0,0,0,0
FR_GF,2020-03-20,0,0,0,0,0,0,0,0,0,0,0,0,0,0,0,0,0,0
FR_GF,2020-03-21,0,0,0,0,0,0,0,0,0,0,0,0,0,0,0,0,0,0
FR_GF,2020-03-22,0,0,0,0,0,0,0,0,0,0,0,0,0,0,0,0,0,0
FR_GF,2020-03-23,0,0,0,0,0,0,0,0,0,0,0,0,0,0,0,0,0,0
FR_GF,2020-03-24,0,0,0,0,0,0,0,0,0,0,0,0,0,0,0,0,0,0
FR_GF,2020-03-25,0,0,0,0,0,0,0,0,0,0,0,0,0,0,0,0,0,0
FR_GF,2020-03-26,0,0,0,0,0,0,0,0,0,0,0,0,0,0,0,0,0,0
FR_GF,2020-03-27,0,0,0,0,0,0,0,0,0,0,0,0,0,0,0,0,0,0
FR_GF,2020-03-28,0,0,0,0,0,0,0,0,0,0,0,0,0,0,0,0,0,0
FR_GF,2020-03-29,0,0,0,0,0,0,0,0,0,0,0,0,0,0,0,0,0,0
FR_GF,2020-03-30,0,0,0,0,0,0,0,0,0,0,0,0,0,0,0,0,0,0
FR_GF,2020-03-31,0,0,0,0,0,0,0,0,0,0,0,0,0,0,0,0,0,0
FR_GF,2020-04-01,10,0,10,0,2,8,0,0,2,8,0,0,10,0,2,8,0,0
FR_GF,2020-04-02,10,0,12,0,2,8,0,0,4,8,0,0,2,0,2,0,0,0
FR_GF,2020-04-03,14,2,12,0,2,12,0,2,4,8,0,0,0,0,0,0,0,0
FR_GF,2020-04-04,14,2,12,0,2,12,0,2,4,8,0,0,0,0,0,0,0,0
FR_GF,2020-04-05,14,2,12,0,2,12,0,2,4,8,0,0,0,0,0,0,0,0
FR_GF,2020-04-06,14,2,12,0,2,12,0,2,4,8,0,0,0,0,0,0,0,0
FR_GF,2020-04-07,10,2,16,0,2,8,0,2,4,12,0,0,4,0,0,4,0,0
FR_GF,2020-04-08,14,2,16,0,4,10,0,2,4,12,0,0,0,0,0,0,0,0
FR_GF,2020-04-09,18,2,24,0,10,8,0,2,8,16,0,0,8,0,4,4,0,0
FR_GF,2020-04-10,18,2,26,0,10,8,0,2,10,16,0,0,2,0,2,0,0,0
FR_GF,2020-04-11,18,2,26,0,10,8,0,2,10,16,0,0,0,0,0,0,0,0
FR_GF,2020-04-12,30,2,26,0,16,14,0,2,10,16,0,0,0,0,0,0,0,0
FR_GF,2020-04-13,30,2,26,0,16,14,0,2,10,16,0,0,0,0,0,0,0,0
FR_GF,2020-04-14,36,2,26,0,18,18,0,2,10,16,0,0,0,0,0,0,0,0
FR_GF,2020-04-15,38,0,28,0,22,16,0,0,12,16,0,0,2,0,2,0,0,0
FR_GF,2020-04-16,16,2,48,0,10,6,2,0,24,24,0,0,20,0,12,8,0,0
FR_GF,2020-04-17,16,4,50,0,10,6,2,2,24,26,0,0,2,0,0,2,0,0
FR_GF,2020-04-18,16,4,50,0,10,6,2,2,24,26,0,0,0,0,0,0,0,0
FR_GF,2020-04-19,10,4,56,0,6,4,2,2,28,28,0,0,6,0,4,2,0,0
FR_GF,2020-04-20,8,4,58,0,4,4,2,2,30,28,0,0,2,0,2,0,0,0
FR_GF,2020-04-21,6,2,62,2,4,2,2,0,32,30,0,2,4,2,2,2,0,2
FR_GF,2020-04-22,4,2,64,2,2,2,2,0,34,30,0,2,2,0,2,0,0,0
FR_GF,2020-04-23,6,0,68,2,4,2,0,0,36,32,0,2,4,0,2,2,0,0
FR_GF,2020-04-24,6,0,68,2,4,2,0,0,36,32,0,2,0,0,0,0,0,0
FR_GF,2020-04-25,2,0,70,2,2,0,0,0,36,34,0,2,2,0,0,2,0,0
FR_GF,2020-04-26,2,0,70,2,2,0,0,0,36,34,0,2,0,0,0,0,0,0
FR_GF,2020-04-27,2,0,70,2,2,0,0,0,36,34,0,2,0,0,0,0,0,0
FR_GF,2020-04-28,2,0,70,2,2,0,0,0,36,34,0,2,0,0,0,0,0,0
FR_GF,2020-04-29,2,0,70,2,2,0,0,0,36,34,0,2,0,0,0,0,0,0
FR_GF,2020-04-30,0,0,72,2,0,0,0,0,38,34,0,2,2,0,2,0,0,0
FR_GF,2020-05-01,4,0,72,2,2,2,0,0,38,34,0,2,0,0,0,0,0,0
FR_GF,2020-05-02,4,0,72,2,2,2,0,0,38,34,0,2,0,0,0,0,0,0
FR_GF,2020-05-03,4,0,72,2,2,2,0,0,38,34,0,2,0,0,0,0,0,0
FR_GF,2020-05-04,10,0,72,2,4,6,0,0,38,34,0,2,0,0,0,0,0,0
FR_GF,2020-05-05,10,0,72,2,4,6,0,0,38,34,0,2,0,0,0,0,0,0
FR_GF,2020-05-06,10,0,72,2,4,6,0,0,38,34,0,2,0,0,0,0,0,0
FR_GF,2020-05-07,16,0,72,2,6,10,0,0,38,34,0,2,0,0,0,0,0,0
FR_GF,2020-05-08,12,0,76,2,4,8,0,0,40,36,0,2,4,0,2,2,0,0
FR_GF,2020-05-09,12,0,76,2,4,8,0,0,40,36,0,2,0,0,0,0,0,0
FR_GF,2020-05-10,12,0,76,2,4,8,0,0,40,36,0,2,0,0,0,0,0,0
FR_GF,2020-05-11,16,0,76,2,6,10,0,0,40,36,0,2,0,0,0,0,0,0
FR_GF,2020-05-12,22,0,76,2,8,14,0,0,40,36,0,2,0,0,0,0,0,0
FR_GF,2020-05-13,20,0,78,2,8,12,0,0,40,38,0,2,2,0,0,2,0,0
FR_GF,2020-05-14,14,0,84,2,6,8,0,0,42,42,0,2,6,0,2,4,0,0
FR_GF,2020-05-15,18,0,84,2,8,10,0,0,42,42,0,2,0,0,0,0,0,0
FR_GF,2020-05-16,16,0,86,2,8,8,0,0,42,44,0,2,2,0,0,2,0,0
FR_GF,2020-05-17,18,0,86,2,8,10,0,0,42,44,0,2,0,0,0,0,0,0
FR_GF,2020-05-18,28,0,90,2,14,14,0,0,44,46,0,2,4,0,2,2,0,0
FR_GF,2020-05-19,24,0,100,2,10,14,0,0,50,50,0,2,10,0,6,4,0,0
FR_GF,2020-05-20,22,0,102,2,10,12,0,0,50,52,0,2,2,0,0,2,0,0
FR_GF,2020-05-21,22,0,102,2,10,12,0,0,50,52,0,2,0,0,0,0,0,0
FR_GF,2020-05-22,22,0,102,2,10,12,0,0,50,52,0,2,0,0,0,0,0,0
FR_GF,2020-05-23,32,0,112,2,14,18,0,0,58,54,0,2,10,0,8,2,0,0
FR_GF,2020-05-24,32,0,112,2,14,18,0,0,58,54,0,2,0,0,0,0,0,0
FR_GF,2020-05-25,34,0,112,2,16,18,0,0,58,54,0,2,0,0,0,0,0,0
FR_GF,2020-05-26,34,4,128,2,16,18,0,4,64,64,0,2,16,0,6,10,0,0
FR_GF,2020-05-27,36,4,132,2,16,20,0,4,66,66,0,2,4,0,2,2,0,0
FR_GF,2020-05-28,40,4,138,2,16,24,0,4,70,68,0,2,6,0,4,2,0,0
FR_GF,2020-05-29,42,4,142,2,18,24,0,4,72,70,0,2,4,0,2,2,0,0
FR_GF,2020-05-30,44,4,144,2,16,28,0,4,74,70,0,2,2,0,2,0,0,0
FR_GF,2020-05-31,44,4,144,2,16,28,0,4,74,70,0,2,0,0,0,0,0,0
FR_GF,2020-06-01,60,4,146,2,22,38,0,4,76,70,0,2,2,0,2,0,0,0
FR_GF,2020-06-02,56,6,164,2,22,34,2,4,80,84,0,2,18,0,4,14,0,0
FR_GF,2020-06-03,56,6,178,2,16,40,2,4,88,90,0,2,14,0,8,6,0,0
FR_GF,2020-06-04,58,6,184,2,12,46,2,4,92,92,0,2,6,0,4,2,0,0
FR_GF,2020-06-05,70,6,186,2,20,50,2,4,92,94,0,2,2,0,0,2,0,0
FR_GF,2020-06-06,74,6,202,2,20,54,2,4,102,100,0,2,16,0,10,6,0,0
FR_GF,2020-06-07,74,6,208,2,20,54,2,4,108,100,0,2,6,0,6,0,0,0
FR_GF,2020-06-08,80,6,210,2,20,60,2,4,110,100,0,2,2,0,2,0,0,0
FR_GF,2020-06-09,66,10,248,4,18,48,4,6,122,126,0,4,38,2,12,26,0,2
FR_GF,2020-06-10,74,12,254,4,26,48,4,8,126,128,0,4,6,0,4,2,0,0
FR_GF,2020-06-11,84,14,266,4,30,54,4,10,132,134,0,4,12,0,6,6,0,0
FR_GF,2020-06-12,104,12,272,4,48,56,4,8,134,138,0,4,6,0,2,4,0,0
FR_GF,2020-06-13,110,14,292,4,50,60,8,6,140,152,0,4,20,0,6,14,0,0
FR_GF,2020-06-14,120,16,310,6,54,66,10,6,150,160,2,4,18,2,10,8,2,0
FR_GF,2020-06-15,148,22,314,6,76,72,14,8,150,164,2,4,4,0,0,4,0,0
FR_GF,2020-06-16,174,24,314,8,86,88,16,8,150,164,2,6,0,2,0,0,0,2
FR_GF,2020-06-17,174,22,356,10,90,84,16,6,174,182,2,8,42,2,24,18,0,2
FR_GF,2020-06-18,178,24,390,10,96,82,14,10,186,204,2,8,34,0,12,22,0,0
FR_GF,2020-06-19,202,26,398,10,106,96,14,12,190,208,2,8,8,0,4,4,0,0
FR_GF,2020-06-20,210,24,430,10,116,94,12,12,204,226,2,8,32,0,14,18,0,0
FR_GF,2020-06-21,222,30,462,12,126,96,18,12,214,248,2,10,32,2,10,22,0,2
FR_GUA,2020-03-18,0,0,0,0,0,0,0,0,0,0,0,0,,,,,,
FR_GUA,2020-03-19,0,0,0,0,0,0,0,0,0,0,0,0,0,0,0,0,0,0
FR_GUA,2020-03-20,0,0,0,0,0,0,0,0,0,0,0,0,0,0,0,0,0,0
FR_GUA,2020-03-21,0,0,0,0,0,0,0,0,0,0,0,0,0,0,0,0,0,0
FR_GUA,2020-03-22,12,12,0,0,2,10,2,10,0,0,0,0,0,0,0,0,0,0
FR_GUA,2020-03-23,12,12,0,0,2,10,2,10,0,0,0,0,0,0,0,0,0,0
FR_GUA,2020-03-24,12,12,0,0,2,10,2,10,0,0,0,0,0,0,0,0,0,0
FR_GUA,2020-03-25,12,12,0,0,2,10,2,10,0,0,0,0,0,0,0,0,0,0
FR_GUA,2020-03-26,42,14,8,0,18,24,2,12,2,6,0,0,8,0,2,6,0,0
FR_GUA,2020-03-27,58,26,12,2,24,34,6,20,6,6,2,0,4,2,4,0,2,0
FR_GUA,2020-03-28,88,26,18,2,40,48,6,20,10,8,2,0,6,0,4,2,0,0
FR_GUA,2020-03-29,88,24,18,4,40,48,4,20,10,8,4,0,0,2,0,0,2,0
FR_GUA,2020-03-30,70,22,36,8,30,40,0,22,18,18,6,2,18,4,8,10,2,2
FR_GUA,2020-03-31,74,24,38,10,32,42,2,22,18,20,6,4,2,2,0,2,0,2
FR_GUA,2020-04-01,70,24,50,14,26,44,2,22,26,24,8,6,12,4,8,4,2,2
FR_GUA,2020-04-02,74,32,56,14,30,44,6,26,28,28,8,6,6,0,2,4,0,0
FR_GUA,2020-04-03,72,34,68,16,26,46,6,28,36,32,10,6,12,2,8,4,2,0
FR_GUA,2020-04-04,72,34,70,16,26,46,6,28,38,32,10,6,2,0,2,0,0,0
FR_GUA,2020-04-05,72,36,72,16,24,48,6,30,40,32,10,6,2,0,2,0,0,0
FR_GUA,2020-04-06,80,36,74,16,28,52,6,30,42,32,10,6,2,0,2,0,0,0
FR_GUA,2020-04-07,68,34,86,16,22,46,4,30,48,38,10,6,12,0,6,6,0,0
FR_GUA,2020-04-08,66,32,92,20,22,44,6,26,50,42,12,8,6,4,2,4,2,2
FR_GUA,2020-04-09,66,34,98,20,22,44,8,26,52,46,12,8,6,0,2,4,0,0
FR_GUA,2020-04-10,66,38,100,20,20,46,10,28,54,46,12,8,2,0,2,0,0,0
FR_GUA,2020-04-11,74,40,100,20,22,52,10,30,54,46,12,8,0,0,0,0,0,0
FR_GUA,2020-04-12,76,38,102,20,24,52,10,28,54,48,12,8,2,0,0,2,0,0
FR_GUA,2020-04-13,82,36,102,20,28,54,10,26,54,48,12,8,0,0,0,0,0,0
FR_GUA,2020-04-14,82,36,102,20,28,54,10,26,54,48,12,8,0,0,0,0,0,0
FR_GUA,2020-04-15,70,34,114,20,20,50,8,26,62,52,12,8,12,0,8,4,0,0
FR_GUA,2020-04-16,68,34,118,20,20,48,8,26,64,54,12,8,4,0,2,2,0,0
FR_GUA,2020-04-17,72,38,118,20,22,50,10,28,64,54,12,8,0,0,0,0,0,0
FR_GUA,2020-04-18,66,34,122,22,20,46,10,24,66,56,12,10,4,2,2,2,0,2
FR_GUA,2020-04-19,68,34,122,22,20,48,10,24,66,56,12,10,0,0,0,0,0,0
FR_GUA,2020-04-20,64,32,124,24,18,46,10,22,66,58,14,10,2,2,0,2,2,0
FR_GUA,2020-04-21,48,30,136,24,14,34,10,20,70,66,14,10,12,0,4,8,0,0
FR_GUA,2020-04-22,50,26,138,24,12,38,8,18,72,66,14,10,2,0,2,0,0,0
FR_GUA,2020-04-23,48,28,140,24,14,34,8,20,72,68,14,10,2,0,0,2,0,0
FR_GUA,2020-04-24,46,26,140,26,14,32,8,18,72,68,14,12,0,2,0,0,0,2
FR_GUA,2020-04-25,44,22,140,26,14,30,8,14,72,68,14,12,0,0,0,0,0,0
FR_GUA,2020-04-26,46,22,140,26,14,32,8,14,72,68,14,12,0,0,0,0,0,0
FR_GUA,2020-04-27,44,20,140,28,14,30,8,12,72,68,14,14,0,2,0,0,0,2
FR_GUA,2020-04-28,44,20,140,28,14,30,8,12,72,68,14,14,0,0,0,0,0,0
FR_GUA,2020-04-29,42,20,144,28,10,32,8,12,76,68,14,14,4,0,4,0,0,0
FR_GUA,2020-04-30,34,14,144,32,6,28,4,10,76,68,16,16,0,4,0,0,2,2
FR_GUA,2020-05-01,32,12,144,34,4,28,2,10,76,68,18,16,0,2,0,0,2,0
FR_GUA,2020-05-02,32,12,144,34,4,28,2,10,76,68,18,16,0,0,0,0,0,0
FR_GUA,2020-05-03,32,12,144,34,4,28,2,10,76,68,18,16,0,0,0,0,0,0
FR_GUA,2020-05-04,32,12,144,34,4,28,2,10,76,68,18,16,0,0,0,0,0,0
FR_GUA,2020-05-05,32,10,142,36,4,28,2,8,76,66,18,18,-2,2,0,-2,0,2
FR_GUA,2020-05-06,32,10,142,36,4,28,2,8,76,66,18,18,0,0,0,0,0,0
FR_GUA,2020-05-07,30,10,144,36,4,26,2,8,76,68,18,18,2,0,0,2,0,0
FR_GUA,2020-05-08,28,8,144,38,4,24,2,6,76,68,18,20,0,2,0,0,0,2
FR_GUA,2020-05-09,28,8,144,38,4,24,2,6,76,68,18,20,0,0,0,0,0,0
FR_GUA,2020-05-10,28,8,144,38,4,24,2,6,76,68,18,20,0,0,0,0,0,0
FR_GUA,2020-05-11,28,8,144,38,4,24,2,6,76,68,18,20,0,0,0,0,0,0
FR_GUA,2020-05-12,28,8,144,38,4,24,2,6,76,68,18,20,0,0,0,0,0,0
FR_GUA,2020-05-13,28,8,144,38,4,24,2,6,76,68,18,20,0,0,0,0,0,0
FR_GUA,2020-05-14,28,8,144,38,4,24,2,6,76,68,18,20,0,0,0,0,0,0
FR_GUA,2020-05-15,28,8,144,38,4,24,2,6,76,68,18,20,0,0,0,0,0,0
FR_GUA,2020-05-16,28,6,144,38,4,24,0,6,76,68,18,20,0,0,0,0,0,0
FR_GUA,2020-05-17,28,6,144,38,4,24,0,6,76,68,18,20,0,0,0,0,0,0
FR_GUA,2020-05-18,28,6,144,38,4,24,0,6,76,68,18,20,0,0,0,0,0,0
FR_GUA,2020-05-19,28,6,144,32,4,24,0,6,76,68,16,16,0,-6,0,0,-2,-4
FR_GUA,2020-05-20,26,6,146,32,4,22,0,6,76,70,16,16,2,0,0,2,0,0
FR_GUA,2020-05-21,26,4,146,32,4,22,0,4,76,70,16,16,0,0,0,0,0,0
FR_GUA,2020-05-22,26,4,146,32,4,22,0,4,76,70,16,16,0,0,0,0,0,0
FR_GUA,2020-05-23,26,4,146,32,4,22,0,4,76,70,16,16,0,0,0,0,0,0
FR_GUA,2020-05-24,26,4,146,32,4,22,0,4,76,70,16,16,0,0,0,0,0,0
FR_GUA,2020-05-25,26,4,146,34,4,22,0,4,76,70,16,18,0,2,0,0,0,2
FR_GUA,2020-05-26,26,4,146,34,4,22,0,4,76,70,16,18,0,0,0,0,0,0
FR_GUA,2020-05-27,26,2,146,34,4,22,0,2,76,70,16,18,0,0,0,0,0,0
FR_GUA,2020-05-28,26,2,146,34,4,22,0,2,76,70,16,18,0,0,0,0,0,0
FR_GUA,2020-05-29,26,2,146,34,4,22,0,2,76,70,16,18,0,0,0,0,0,0
FR_GUA,2020-05-30,26,2,146,34,4,22,0,2,76,70,16,18,0,0,0,0,0,0
FR_GUA,2020-05-31,26,2,146,32,4,22,0,2,76,70,16,16,0,-2,0,0,0,-2
FR_GUA,2020-06-01,26,2,146,32,4,22,0,2,76,70,16,16,0,0,0,0,0,0
FR_GUA,2020-06-02,26,2,146,32,4,22,0,2,76,70,16,16,0,0,0,0,0,0
FR_GUA,2020-06-03,26,2,146,32,4,22,0,2,76,70,16,16,0,0,0,0,0,0
FR_GUA,2020-06-04,24,0,148,32,4,20,0,0,76,72,16,16,2,0,0,2,0,0
FR_GUA,2020-06-05,24,0,148,32,4,20,0,0,76,72,16,16,0,0,0,0,0,0
FR_GUA,2020-06-06,24,0,148,32,4,20,0,0,76,72,16,16,0,0,0,0,0,0
FR_GUA,2020-06-07,24,0,148,32,4,20,0,0,76,72,16,16,0,0,0,0,0,0
FR_GUA,2020-06-08,24,0,148,32,4,20,0,0,76,72,16,16,0,0,0,0,0,0
FR_GUA,2020-06-09,24,0,148,32,4,20,0,0,76,72,16,16,0,0,0,0,0,0
FR_GUA,2020-06-10,24,0,148,32,4,20,0,0,76,72,16,16,0,0,0,0,0,0
FR_GUA,2020-06-11,24,0,148,32,4,20,0,0,76,72,16,16,0,0,0,0,0,0
FR_GUA,2020-06-12,24,0,148,32,4,20,0,0,76,72,16,16,0,0,0,0,0,0
FR_GUA,2020-06-13,24,0,148,32,4,20,0,0,76,72,16,16,0,0,0,0,0,0
FR_GUA,2020-06-14,24,0,148,32,4,20,0,0,76,72,16,16,0,0,0,0,0,0
FR_GUA,2020-06-15,18,0,154,32,4,14,0,0,76,78,16,16,6,0,0,6,0,0
FR_GUA,2020-06-16,16,0,156,30,4,12,0,0,76,80,14,16,2,-2,0,2,-2,0
FR_GUA,2020-06-17,12,0,160,30,2,10,0,0,78,82,14,16,4,0,2,2,0,0
FR_GUA,2020-06-18,12,0,160,30,2,10,0,0,78,82,14,16,0,0,0,0,0,0
FR_GUA,2020-06-19,12,0,160,30,2,10,0,0,78,82,14,16,0,0,0,0,0,0
FR_GUA,2020-06-20,12,0,160,30,2,10,0,0,78,82,14,16,0,0,0,0,0,0
FR_GUA,2020-06-21,12,0,160,30,2,10,0,0,78,82,14,16,0,0,0,0,0,0
FR_HDF,2020-03-18,311,87,77,21,140,171,30,57,28,49,10,11,,,,,,
FR_HDF,2020-03-19,393,105,129,40,172,221,33,72,53,76,14,26,52,19,25,27,4,15
FR_HDF,2020-03-20,427,135,156,51,190,237,46,89,65,91,20,31,27,11,12,15,6,5
FR_HDF,2020-03-21,422,144,157,56,178,244,46,98,77,80,23,33,1,5,12,-11,3,2
FR_HDF,2020-03-22,482,151,173,67,204,278,48,103,85,88,25,42,16,11,8,8,2,9
FR_HDF,2020-03-23,607,187,201,86,255,352,59,128,98,103,32,54,28,19,13,15,7,12
FR_HDF,2020-03-24,709,208,249,109,305,404,66,142,121,128,38,71,48,23,23,25,6,17
FR_HDF,2020-03-25,827,247,286,122,338,489,71,176,141,145,45,77,37,13,20,17,7,6
FR_HDF,2020-03-26,916,271,359,150,376,540,76,195,179,180,56,94,73,28,38,35,11,17
FR_HDF,2020-03-27,989,301,400,169,416,573,88,213,192,208,63,106,41,19,13,28,7,12
FR_HDF,2020-03-28,1130,329,450,196,492,638,95,234,212,238,73,123,50,27,20,30,10,17
FR_HDF,2020-03-29,1234,348,474,211,533,701,105,243,227,247,79,132,24,15,15,9,6,9
FR_HDF,2020-03-30,1352,400,494,242,579,773,119,281,236,258,91,151,20,31,9,11,12,19
FR_HDF,2020-03-31,1459,449,623,279,608,851,132,317,308,315,104,175,129,37,72,57,13,24
FR_HDF,2020-04-01,1603,476,718,329,669,934,141,335,357,361,125,204,95,50,49,46,21,29
FR_HDF,2020-04-02,1815,516,852,369,768,1047,156,360,419,433,135,234,134,40,62,72,10,30
FR_HDF,2020-04-03,1956,544,978,437,832,1124,157,387,475,503,173,264,126,68,56,70,38,30
FR_HDF,2020-04-04,2022,558,1116,485,882,1140,160,398,535,581,194,291,138,48,60,78,21,27
FR_HDF,2020-04-05,2102,570,1147,517,920,1182,163,407,555,592,202,315,31,32,20,11,8,24
FR_HDF,2020-04-06,2204,564,1212,574,980,1224,152,412,577,635,232,342,65,57,22,43,30,27
FR_HDF,2020-04-07,2309,580,1385,631,1024,1285,156,424,662,723,255,376,173,57,85,88,23,34
FR_HDF,2020-04-08,2338,570,1565,674,1059,1279,147,423,745,820,273,401,180,43,83,97,18,25
FR_HDF,2020-04-09,2402,577,1691,710,1113,1289,154,423,802,889,288,422,126,36,57,69,15,21
FR_HDF,2020-04-10,2433,562,1860,756,1154,1279,157,405,880,980,309,447,169,46,78,91,21,25
FR_HDF,2020-04-11,2417,546,2002,800,1154,1263,151,395,945,1057,331,469,142,44,65,77,22,22
FR_HDF,2020-04-12,2457,545,2059,834,1179,1278,152,393,974,1085,344,490,57,34,29,28,13,21
FR_HDF,2020-04-13,2499,539,2086,867,1213,1286,148,391,985,1101,359,508,27,33,11,16,15,18
FR_HDF,2020-04-14,2530,534,2165,913,1241,1289,143,391,1019,1146,381,532,79,46,34,45,22,24
FR_HDF,2020-04-15,2515,530,2352,968,1235,1280,144,386,1122,1230,408,560,187,55,103,84,27,28
FR_HDF,2020-04-16,2514,502,2493,998,1236,1278,134,368,1191,1302,421,577,141,30,69,72,13,17
FR_HDF,2020-04-17,2494,492,2640,1046,1236,1258,133,359,1272,1368,441,605,147,48,81,66,20,28
FR_HDF,2020-04-18,2493,473,2722,1070,1248,1245,126,347,1312,1410,449,621,82,24,40,42,8,16
FR_HDF,2020-04-19,2516,470,2765,1086,1257,1259,124,346,1336,1429,457,629,43,16,24,19,8,8
FR_HDF,2020-04-20,2557,472,2885,1118,1276,1281,129,343,1420,1465,469,649,120,32,84,36,12,20
FR_HDF,2020-04-21,2500,447,3165,1153,1259,1241,115,332,1598,1567,485,668,280,35,178,102,16,19
FR_HDF,2020-04-22,2442,424,3311,1188,1231,1211,108,316,1678,1633,507,681,146,35,80,66,22,13
FR_HDF,2020-04-23,2417,418,3448,1223,1227,1190,110,308,1753,1695,522,701,137,35,75,62,15,20
FR_HDF,2020-04-24,2384,406,3568,1247,1218,1166,107,299,1815,1753,531,716,120,24,62,58,9,15
FR_HDF,2020-04-25,2367,386,3643,1271,1209,1158,102,284,1850,1793,543,728,75,24,35,40,12,12
FR_HDF,2020-04-26,2377,387,3656,1281,1208,1169,100,287,1858,1798,547,734,13,10,8,5,4,6
FR_HDF,2020-04-27,2361,388,3702,1305,1193,1168,101,287,1881,1821,559,746,46,24,23,23,12,12
FR_HDF,2020-04-28,2364,387,3769,1320,1203,1161,103,284,1919,1850,566,754,67,15,38,29,7,8
FR_HDF,2020-04-29,2275,366,3942,1352,1158,1117,99,267,2005,1937,579,773,173,32,86,87,13,19
FR_HDF,2020-04-30,2232,359,4062,1371,1146,1086,97,262,2062,2000,588,783,120,19,57,63,9,10
FR_HDF,2020-05-01,2203,346,4124,1387,1132,1071,93,253,2090,2034,595,792,62,16,28,34,7,9
FR_HDF,2020-05-02,2226,345,4139,1393,1150,1076,94,251,2102,2037,597,796,15,6,12,3,2,4
FR_HDF,2020-05-03,2219,348,4158,1407,1154,1065,95,253,2109,2049,605,802,19,14,7,12,8,6
FR_HDF,2020-05-04,2226,344,4199,1424,1155,1071,94,250,2135,2064,615,809,41,17,26,15,10,7
FR_HDF,2020-05-05,2135,300,4325,1457,1116,1019,82,218,2198,2127,635,822,126,33,63,63,20,13
FR_HDF,2020-05-06,2091,264,4437,1476,1091,1000,69,195,2256,2181,643,833,112,19,58,54,8,11
FR_HDF,2020-05-07,2018,242,4547,1492,1047,971,60,182,2309,2238,650,842,110,16,53,57,7,9
FR_HDF,2020-05-08,1992,223,4611,1503,1041,951,52,171,2343,2268,651,852,64,11,34,30,1,10
FR_HDF,2020-05-09,1979,223,4626,1507,1036,943,51,172,2354,2272,654,853,15,4,11,4,3,1
FR_HDF,2020-05-10,1967,220,4645,1516,1036,931,51,169,2361,2284,660,856,19,9,7,12,6,3
FR_HDF,2020-05-11,1970,224,4675,1540,1038,932,52,172,2378,2297,671,869,30,24,17,13,11,13
FR_HDF,2020-05-12,1914,221,4780,1565,1009,905,52,169,2434,2346,685,880,105,25,56,49,14,11
FR_HDF,2020-05-13,1870,208,4863,1573,984,886,46,162,2475,2388,690,883,83,8,41,42,5,3
FR_HDF,2020-05-14,1825,201,4964,1583,950,875,47,154,2534,2430,693,890,101,10,59,42,3,7
FR_HDF,2020-05-15,1768,190,5055,1599,910,858,40,150,2590,2465,701,898,91,16,56,35,8,8
FR_HDF,2020-05-16,1763,186,5096,1611,910,853,40,146,2611,2485,706,905,41,12,21,20,5,7
FR_HDF,2020-05-17,1762,182,5104,1620,913,849,40,142,2613,2491,708,912,8,9,2,6,2,7
FR_HDF,2020-05-18,1739,180,5147,1635,905,834,41,139,2636,2511,712,923,43,15,23,20,4,11
FR_HDF,2020-05-19,1678,169,5245,1641,870,808,38,131,2693,2552,715,926,98,6,57,41,3,3
FR_HDF,2020-05-20,1666,163,5287,1651,876,790,38,125,2712,2575,719,932,42,10,19,23,4,6
FR_HDF,2020-05-21,1637,160,5331,1658,864,773,36,124,2733,2598,723,935,44,7,21,23,4,3
FR_HDF,2020-05-22,1633,161,5357,1662,860,773,37,124,2748,2609,726,936,26,4,15,11,3,1
FR_HDF,2020-05-23,1603,156,5385,1669,847,756,37,119,2761,2624,728,941,28,7,13,15,2,5
FR_HDF,2020-05-24,1608,153,5391,1673,849,759,36,117,2764,2627,730,943,6,4,3,3,2,2
FR_HDF,2020-05-25,1565,150,5439,1685,829,736,36,114,2793,2646,732,953,48,12,29,19,2,10
FR_HDF,2020-05-26,1538,144,5497,1691,811,727,33,111,2825,2672,734,957,58,6,32,26,2,4
FR_HDF,2020-05-27,1510,135,5544,1698,796,714,30,105,2853,2691,738,960,47,7,28,19,4,3
FR_HDF,2020-05-28,1483,131,5583,1710,785,698,30,101,2871,2712,743,967,39,12,18,21,5,7
FR_HDF,2020-05-29,1437,128,5651,1716,764,673,31,97,2907,2744,743,973,68,6,36,32,0,6
FR_HDF,2020-05-30,1417,125,5685,1724,750,667,30,95,2921,2764,747,977,34,8,14,20,4,4
FR_HDF,2020-05-31,1410,123,5692,1727,749,661,29,94,2921,2771,749,978,7,3,0,7,2,1
FR_HDF,2020-06-01,1415,122,5697,1732,750,665,30,92,2924,2773,751,981,5,5,3,2,2,3
FR_HDF,2020-06-02,1402,115,5723,1739,745,657,29,86,2938,2785,754,985,26,7,14,12,3,4
FR_HDF,2020-06-03,1373,110,5761,1748,725,648,26,84,2964,2797,760,988,38,9,26,12,6,3
FR_HDF,2020-06-04,1330,113,5809,1758,711,619,28,85,2981,2828,766,992,48,10,17,31,6,4
FR_HDF,2020-06-05,1283,106,5860,1765,685,598,28,78,3010,2850,769,996,51,7,29,22,3,4
FR_HDF,2020-06-06,1283,108,5868,1767,682,601,28,80,3016,2852,770,997,8,2,6,2,1,1
FR_HDF,2020-06-07,1285,108,5870,1768,683,602,28,80,3018,2852,770,998,2,1,2,0,0,1
FR_HDF,2020-06-08,1277,104,5888,1776,679,598,27,77,3027,2861,773,1003,18,8,9,9,3,5
FR_HDF,2020-06-09,1246,100,5942,1778,662,584,26,74,3055,2887,774,1004,54,2,28,26,1,1
FR_HDF,2020-06-10,1225,99,5971,1782,651,574,27,72,3069,2902,777,1005,29,4,14,15,3,1
FR_HDF,2020-06-11,1205,91,5990,1784,640,565,22,69,3079,2911,778,1006,19,2,10,9,1,1
FR_HDF,2020-06-12,1187,90,6017,1786,632,555,23,67,3096,2921,779,1007,27,2,17,10,1,1
FR_HDF,2020-06-13,1172,88,6035,1787,622,550,23,65,3108,2927,779,1008,18,1,12,6,0,1
FR_HDF,2020-06-14,1171,88,6037,1788,622,549,23,65,3108,2929,780,1008,2,1,0,2,1,0
FR_HDF,2020-06-15,1162,88,6051,1791,615,547,23,65,3121,2930,781,1010,14,3,13,1,1,2
FR_HDF,2020-06-16,1152,84,6071,1798,609,543,22,62,3133,2938,782,1016,20,7,12,8,1,6
FR_HDF,2020-06-17,1137,83,6082,1803,604,533,21,62,3134,2948,785,1018,11,5,1,10,3,2
FR_HDF,2020-06-18,1129,78,6104,1805,601,528,20,58,3146,2958,785,1020,22,2,12,10,0,2
FR_HDF,2020-06-19,1116,79,6118,1807,590,526,20,59,3156,2962,786,1021,14,2,10,4,1,1
FR_HDF,2020-06-20,1108,79,6129,1809,584,524,20,59,3165,2964,787,1022,11,2,9,2,1,1
FR_HDF,2020-06-21,1112,79,6129,1810,587,525,20,59,3165,2964,788,1022,0,1,0,0,1,0
FR_HDF_02,2020-03-18,41,10,18,11,22,19,6,4,7,11,5,6,,,,,,
FR_HDF_02,2020-03-19,43,15,33,19,20,23,8,7,17,16,6,13,15,8,10,5,1,7
FR_HDF_02,2020-03-20,52,19,40,24,22,30,9,10,22,18,8,16,7,5,5,2,2,3
FR_HDF_02,2020-03-21,61,20,49,25,30,31,11,9,29,20,8,17,9,1,7,2,0,1
FR_HDF_02,2020-03-22,69,21,55,28,34,35,12,9,32,23,8,20,6,3,3,3,0,3
FR_HDF_02,2020-03-23,90,23,62,30,42,48,11,12,36,26,9,21,7,2,4,3,1,1
FR_HDF_02,2020-03-24,107,27,85,33,50,57,14,13,52,33,9,24,23,3,16,7,0,3
FR_HDF_02,2020-03-25,115,32,92,34,53,62,14,18,54,38,9,25,7,1,2,5,0,1
FR_HDF_02,2020-03-26,124,35,102,36,57,67,14,21,60,42,9,27,10,2,6,4,0,2
FR_HDF_02,2020-03-27,132,35,90,37,61,71,15,20,52,38,9,28,-12,1,-8,-4,0,1
FR_HDF_02,2020-03-28,134,34,95,41,61,73,15,19,51,44,13,28,5,4,-1,6,4,0
FR_HDF_02,2020-03-29,135,34,96,42,62,73,15,19,52,44,14,28,1,1,1,0,1,0
FR_HDF_02,2020-03-30,135,34,67,44,62,73,15,19,35,32,14,30,-29,2,-17,-12,0,2
FR_HDF_02,2020-03-31,142,37,107,50,63,79,16,21,64,43,15,35,40,6,29,11,1,5
FR_HDF_02,2020-04-01,162,40,120,58,72,90,16,24,69,51,19,39,13,8,5,8,4,4
FR_HDF_02,2020-04-02,185,38,147,66,81,104,17,21,86,61,22,44,27,8,17,10,3,5
FR_HDF_02,2020-04-03,209,39,161,84,89,120,18,21,96,65,32,52,14,18,10,4,10,8
FR_HDF_02,2020-04-04,222,40,178,93,99,123,16,24,104,74,38,55,17,9,8,9,6,3
FR_HDF_02,2020-04-05,220,39,180,99,100,120,16,23,104,76,40,59,2,6,0,2,2,4
FR_HDF_02,2020-04-06,222,36,185,105,103,119,13,23,105,80,44,61,5,6,1,4,4,2
FR_HDF_02,2020-04-07,254,35,216,113,112,142,12,23,122,94,46,67,31,8,17,14,2,6
FR_HDF_02,2020-04-08,259,39,228,117,116,143,13,26,131,97,48,69,12,4,9,3,2,2
FR_HDF_02,2020-04-09,268,39,247,126,125,143,14,25,140,107,51,75,19,9,9,10,3,6
FR_HDF_02,2020-04-10,278,44,261,134,134,144,17,27,147,114,56,78,14,8,7,7,5,3
FR_HDF_02,2020-04-11,277,43,283,138,133,144,16,27,158,125,58,80,22,4,11,11,2,2
FR_HDF_02,2020-04-12,281,44,285,140,134,147,16,28,160,125,58,82,2,2,2,0,0,2
FR_HDF_02,2020-04-13,284,44,286,145,138,146,17,27,160,126,59,86,1,5,0,1,1,4
FR_HDF_02,2020-04-14,277,45,294,150,133,144,17,28,164,130,61,89,8,5,4,4,2,3
FR_HDF_02,2020-04-15,278,47,318,153,130,148,17,30,177,141,62,91,24,3,13,11,1,2
FR_HDF_02,2020-04-16,275,47,331,157,131,144,17,30,181,150,63,94,13,4,4,9,1,3
FR_HDF_02,2020-04-17,275,44,343,163,132,143,15,29,187,156,67,96,12,6,6,6,4,2
FR_HDF_02,2020-04-18,269,41,353,166,128,141,14,27,195,158,67,99,10,3,8,2,0,3
FR_HDF_02,2020-04-19,273,41,354,167,130,143,14,27,196,158,67,100,1,1,1,0,0,1
FR_HDF_02,2020-04-20,303,47,423,173,144,159,17,30,248,175,69,104,69,6,52,17,2,4
FR_HDF_02,2020-04-21,295,40,513,180,149,146,13,27,310,203,72,108,90,7,62,28,3,4
FR_HDF_02,2020-04-22,279,40,552,185,140,139,13,27,334,218,73,112,39,5,24,15,1,4
FR_HDF_02,2020-04-23,281,40,572,186,140,141,14,26,348,224,74,112,20,1,14,6,1,0
FR_HDF_02,2020-04-24,292,38,584,189,146,146,14,24,356,228,74,115,12,3,8,4,0,3
FR_HDF_02,2020-04-25,287,38,596,193,142,145,14,24,365,231,75,118,12,4,9,3,1,3
FR_HDF_02,2020-04-26,295,38,595,196,145,150,14,24,364,231,76,120,-1,3,-1,0,1,2
FR_HDF_02,2020-04-27,288,38,579,197,139,149,14,24,354,225,77,120,-16,1,-10,-6,1,0
FR_HDF_02,2020-04-28,292,44,591,200,145,147,15,29,359,232,78,122,12,3,5,7,1,2
FR_HDF_02,2020-04-29,285,40,608,207,134,151,15,25,363,245,83,124,17,7,4,13,5,2
FR_HDF_02,2020-04-30,286,37,621,208,136,150,15,22,370,251,83,125,13,1,7,6,0,1
FR_HDF_02,2020-05-01,277,37,632,210,129,148,15,22,377,255,83,127,11,2,7,4,0,2
FR_HDF_02,2020-05-02,280,37,635,210,129,151,15,22,380,255,83,127,3,0,3,0,0,0
FR_HDF_02,2020-05-03,277,36,635,214,128,149,14,22,380,255,84,130,0,4,0,0,1,3
FR_HDF_02,2020-05-04,276,34,643,219,128,148,13,21,384,259,87,132,8,5,4,4,3,2
FR_HDF_02,2020-05-05,270,29,666,222,126,144,13,16,396,270,88,134,23,3,12,11,1,2
FR_HDF_02,2020-05-06,269,27,684,223,121,148,11,16,407,277,88,135,18,1,11,7,0,1
FR_HDF_02,2020-05-07,251,27,729,225,110,141,9,18,427,302,89,136,45,2,20,25,1,1
FR_HDF_02,2020-05-08,245,28,754,227,109,136,9,19,442,312,89,138,25,2,15,10,0,2
FR_HDF_02,2020-05-09,243,28,754,228,109,134,9,19,442,312,89,139,0,1,0,0,0,1
FR_HDF_02,2020-05-10,242,28,756,229,109,133,9,19,442,314,90,139,2,1,0,2,1,0
FR_HDF_02,2020-05-11,242,29,764,233,113,129,9,20,444,320,93,140,8,4,2,6,3,1
FR_HDF_02,2020-05-12,221,26,785,237,109,112,8,18,451,334,94,143,21,4,7,14,1,3
FR_HDF_02,2020-05-13,208,23,810,240,104,104,6,17,461,349,96,144,25,3,10,15,2,1
FR_HDF_02,2020-05-14,190,21,841,240,91,99,7,14,481,360,96,144,31,0,20,11,0,0
FR_HDF_02,2020-05-15,185,20,848,242,88,97,7,13,485,363,98,144,7,2,4,3,2,0
FR_HDF_02,2020-05-16,191,19,853,244,92,99,7,12,487,366,99,145,5,2,2,3,1,1
FR_HDF_02,2020-05-17,191,18,853,247,92,99,6,12,487,366,100,147,0,3,0,0,1,2
FR_HDF_02,2020-05-18,191,18,858,248,93,98,6,12,490,368,100,148,5,1,3,2,0,1
FR_HDF_02,2020-05-19,189,15,866,248,91,98,4,11,494,372,100,148,8,0,4,4,0,0
FR_HDF_02,2020-05-20,185,14,872,250,93,92,4,10,496,376,101,149,6,2,2,4,1,1
FR_HDF_02,2020-05-21,182,14,876,250,93,89,4,10,497,379,101,149,4,0,1,3,0,0
FR_HDF_02,2020-05-22,181,14,880,250,92,89,4,10,499,381,101,149,4,0,2,2,0,0
FR_HDF_02,2020-05-23,178,13,882,253,90,88,4,9,500,382,102,151,2,3,1,1,1,2
FR_HDF_02,2020-05-24,179,13,882,253,91,88,4,9,500,382,102,151,0,0,0,0,0,0
FR_HDF_02,2020-05-25,166,13,898,255,84,82,4,9,510,388,102,153,16,2,10,6,0,2
FR_HDF_02,2020-05-26,175,15,905,256,87,88,4,11,512,393,103,153,7,1,2,5,1,0
FR_HDF_02,2020-05-27,162,15,915,257,82,80,4,11,518,397,103,154,10,1,6,4,0,1
FR_HDF_02,2020-05-28,160,17,920,259,82,78,4,13,519,401,103,156,5,2,1,4,0,2
FR_HDF_02,2020-05-29,156,15,927,261,80,76,5,10,525,402,103,158,7,2,6,1,0,2
FR_HDF_02,2020-05-30,156,14,928,261,79,77,4,10,525,403,103,158,1,0,0,1,0,0
FR_HDF_02,2020-05-31,155,14,928,262,78,77,4,10,525,403,104,158,0,1,0,0,1,0
FR_HDF_02,2020-06-01,153,14,929,263,77,76,4,10,526,403,104,159,1,1,1,0,0,1
FR_HDF_02,2020-06-02,152,12,930,264,77,75,4,8,527,403,104,160,1,1,1,0,0,1
FR_HDF_02,2020-06-03,148,11,939,264,74,74,3,8,532,407,104,160,9,0,5,4,0,0
FR_HDF_02,2020-06-04,147,13,942,265,74,73,3,10,532,410,104,161,3,1,0,3,0,1
FR_HDF_02,2020-06-05,143,13,948,265,73,70,3,10,535,413,104,161,6,0,3,3,0,0
FR_HDF_02,2020-06-06,144,13,948,265,74,70,3,10,535,413,104,161,0,0,0,0,0,0
FR_HDF_02,2020-06-07,144,13,949,265,74,70,3,10,536,413,104,161,1,0,1,0,0,0
FR_HDF_02,2020-06-08,139,12,955,268,72,67,3,9,538,417,105,163,6,3,2,4,1,2
FR_HDF_02,2020-06-09,134,11,962,268,68,66,3,8,544,418,105,163,7,0,6,1,0,0
FR_HDF_02,2020-06-10,130,11,968,268,65,65,3,8,547,421,105,163,6,0,3,3,0,0
FR_HDF_02,2020-06-11,128,11,970,268,64,64,3,8,548,422,105,163,2,0,1,1,0,0
FR_HDF_02,2020-06-12,125,10,977,268,63,62,4,6,552,425,105,163,7,0,4,3,0,0
FR_HDF_02,2020-06-13,124,10,978,268,62,62,4,6,553,425,105,163,1,0,1,0,0,0
FR_HDF_02,2020-06-14,124,10,978,268,62,62,4,6,553,425,105,163,0,0,0,0,0,0
FR_HDF_02,2020-06-15,121,10,982,268,60,61,4,6,556,426,105,163,4,0,3,1,0,0
FR_HDF_02,2020-06-16,121,8,985,270,62,59,4,4,557,428,105,165,3,2,1,2,0,2
FR_HDF_02,2020-06-17,121,8,985,270,62,59,4,4,557,428,105,165,0,0,0,0,0,0
FR_HDF_02,2020-06-18,116,8,996,270,60,56,4,4,562,434,105,165,11,0,5,6,0,0
FR_HDF_02,2020-06-19,115,8,997,270,59,56,4,4,563,434,105,165,1,0,1,0,0,0
FR_HDF_02,2020-06-20,113,8,1000,270,57,56,4,4,566,434,105,165,3,0,3,0,0,0
FR_HDF_02,2020-06-21,118,8,1000,270,60,58,4,4,566,434,105,165,0,0,0,0,0,0
FR_HDF_59,2020-03-18,105,26,16,3,44,61,7,19,6,10,1,2,,,,,,
FR_HDF_59,2020-03-19,138,35,36,5,55,83,8,27,13,23,2,3,20,2,7,13,1,1
FR_HDF_59,2020-03-20,112,39,35,5,47,65,11,28,11,24,4,1,-1,0,-2,1,2,-2
FR_HDF_59,2020-03-21,79,43,17,5,26,53,10,33,8,9,4,1,-18,0,-3,-15,0,0
FR_HDF_59,2020-03-22,96,43,20,11,38,58,10,33,8,12,5,6,3,6,0,3,1,5
FR_HDF_59,2020-03-23,145,68,30,15,55,90,17,51,11,19,7,8,10,4,3,7,2,2
FR_HDF_59,2020-03-24,183,76,32,19,73,110,19,57,11,21,7,12,2,4,0,2,0,4
FR_HDF_59,2020-03-25,239,93,36,20,94,145,23,70,14,22,8,12,4,1,3,1,1,0
FR_HDF_59,2020-03-26,283,106,50,27,113,170,26,80,23,27,11,16,14,7,9,5,3,4
FR_HDF_59,2020-03-27,330,128,77,35,137,193,33,95,34,43,15,20,27,8,11,16,4,4
FR_HDF_59,2020-03-28,389,143,93,40,171,218,38,105,39,54,17,23,16,5,5,11,2,3
FR_HDF_59,2020-03-29,446,157,111,43,190,256,44,113,50,61,18,25,18,3,11,7,1,2
FR_HDF_59,2020-03-30,511,180,134,55,212,299,50,130,63,71,23,32,23,12,13,10,5,7
FR_HDF_59,2020-03-31,571,210,178,66,224,347,59,151,86,92,29,37,44,11,23,21,6,5
FR_HDF_59,2020-04-01,606,220,214,81,236,370,64,156,104,110,34,47,36,15,18,18,5,10
FR_HDF_59,2020-04-02,697,238,256,101,284,413,72,166,125,131,38,63,42,20,21,21,4,16
FR_HDF_59,2020-04-03,722,246,300,123,298,424,70,176,138,162,52,71,44,22,13,31,14,8
FR_HDF_59,2020-04-04,767,256,339,133,318,449,74,182,161,178,57,76,39,10,23,16,5,5
FR_HDF_59,2020-04-05,821,264,353,145,344,477,76,188,171,182,59,86,14,12,10,4,2,10
FR_HDF_59,2020-04-06,861,262,391,164,367,494,70,192,186,205,70,94,38,19,15,23,11,8
FR_HDF_59,2020-04-07,877,277,454,181,382,495,75,202,210,244,76,105,63,17,24,39,6,11
FR_HDF_59,2020-04-08,882,271,525,195,388,494,68,203,242,283,85,110,71,14,32,39,9,5
FR_HDF_59,2020-04-09,900,266,574,211,412,488,69,197,261,313,92,119,49,16,19,30,7,9
FR_HDF_59,2020-04-10,928,269,632,226,435,493,73,196,288,344,101,125,58,15,27,31,9,6
FR_HDF_59,2020-04-11,923,264,678,245,433,490,72,192,307,371,111,134,46,19,19,27,10,9
FR_HDF_59,2020-04-12,938,263,689,256,441,497,72,191,311,378,116,140,11,11,4,7,5,6
FR_HDF_59,2020-04-13,958,263,696,271,455,503,69,194,312,384,124,147,7,15,1,6,8,7
FR_HDF_59,2020-04-14,974,255,719,291,467,507,65,190,324,395,137,154,23,20,12,11,13,7
FR_HDF_59,2020-04-15,936,249,811,312,446,490,63,186,380,431,147,165,92,21,56,36,10,11
FR_HDF_59,2020-04-16,924,236,873,327,437,487,59,177,412,461,153,174,62,15,32,30,6,9
FR_HDF_59,2020-04-17,908,237,923,343,430,478,64,173,439,484,160,183,50,16,27,23,7,9
FR_HDF_59,2020-04-18,914,233,952,352,445,469,62,171,447,505,163,189,29,9,8,21,3,6
FR_HDF_59,2020-04-19,920,230,968,357,445,475,62,168,454,514,165,192,16,5,7,9,2,3
FR_HDF_59,2020-04-20,949,228,985,363,462,487,64,164,464,521,167,196,17,6,10,7,2,4
FR_HDF_59,2020-04-21,925,217,1053,376,442,483,57,160,502,551,174,202,68,13,38,30,7,6
FR_HDF_59,2020-04-22,926,206,1081,385,443,483,51,155,518,563,179,206,28,9,16,12,5,4
FR_HDF_59,2020-04-23,921,209,1117,391,437,484,52,157,539,578,183,208,36,6,21,15,4,2
FR_HDF_59,2020-04-24,904,202,1154,398,434,470,52,150,556,598,186,212,37,7,17,20,3,4
FR_HDF_59,2020-04-25,895,189,1187,403,432,463,50,139,570,617,190,213,33,5,14,19,4,1
FR_HDF_59,2020-04-26,893,191,1194,404,429,464,50,141,574,620,190,214,7,1,4,3,0,1
FR_HDF_59,2020-04-27,884,189,1207,409,423,461,49,140,581,626,193,216,13,5,7,6,3,2
FR_HDF_59,2020-04-28,898,187,1224,415,435,463,50,137,589,635,196,219,17,6,8,9,3,3
FR_HDF_59,2020-04-29,854,176,1301,426,418,436,46,130,628,673,202,224,77,11,39,38,6,5
FR_HDF_59,2020-04-30,839,169,1335,434,419,420,45,124,640,695,206,228,34,8,12,22,4,4
FR_HDF_59,2020-05-01,833,162,1353,440,418,415,43,119,645,708,209,231,18,6,5,13,3,3
FR_HDF_59,2020-05-02,852,160,1356,442,436,416,42,118,646,710,209,233,3,2,1,2,0,2
FR_HDF_59,2020-05-03,862,165,1358,443,444,418,44,121,645,713,210,233,2,1,-1,3,1,0
FR_HDF_59,2020-05-04,875,166,1365,445,453,422,45,121,648,717,211,234,7,2,3,4,1,1
FR_HDF_59,2020-05-05,821,142,1416,464,428,393,37,105,675,741,223,241,51,19,27,24,12,7
FR_HDF_59,2020-05-06,774,111,1479,478,402,372,24,87,708,771,227,251,63,14,33,30,4,10
FR_HDF_59,2020-05-07,770,104,1496,485,394,376,24,80,718,778,232,253,17,7,10,7,5,2
FR_HDF_59,2020-05-08,758,96,1517,487,394,364,21,75,727,790,232,255,21,2,9,12,0,2
FR_HDF_59,2020-05-09,755,97,1520,488,393,362,21,76,730,790,233,255,3,1,3,0,1,0
FR_HDF_59,2020-05-10,755,96,1527,491,395,360,21,75,734,793,235,256,7,3,4,3,2,1
FR_HDF_59,2020-05-11,756,94,1531,497,398,358,21,73,736,795,237,260,4,6,2,2,2,4
FR_HDF_59,2020-05-12,725,89,1580,507,378,347,22,67,766,814,242,265,49,10,30,19,5,5
FR_HDF_59,2020-05-13,714,88,1612,509,366,348,21,67,785,827,243,266,32,2,19,13,1,1
FR_HDF_59,2020-05-14,710,88,1629,513,363,347,21,67,794,835,244,269,17,4,9,8,1,3
FR_HDF_59,2020-05-15,687,86,1659,522,351,336,19,67,810,849,247,275,30,9,16,14,3,6
FR_HDF_59,2020-05-16,684,86,1676,526,355,329,20,66,817,859,249,277,17,4,7,10,2,2
FR_HDF_59,2020-05-17,687,87,1682,528,358,329,21,66,818,864,249,279,6,2,1,5,0,2
FR_HDF_59,2020-05-18,684,88,1693,534,356,328,22,66,825,868,252,282,11,6,7,4,3,3
FR_HDF_59,2020-05-19,662,85,1727,538,345,317,21,64,847,880,252,286,34,4,22,12,0,4
FR_HDF_59,2020-05-20,665,84,1751,542,355,310,21,63,860,891,254,288,24,4,13,11,2,2
FR_HDF_59,2020-05-21,652,78,1774,546,346,306,18,60,873,901,257,289,23,4,13,10,3,1
FR_HDF_59,2020-05-22,652,77,1784,547,347,305,18,59,880,904,258,289,10,1,7,3,1,0
FR_HDF_59,2020-05-23,642,75,1797,549,344,298,18,57,887,910,259,290,13,2,7,6,1,1
FR_HDF_59,2020-05-24,645,74,1802,551,345,300,18,56,889,913,260,291,5,2,2,3,1,1
FR_HDF_59,2020-05-25,632,71,1814,555,340,292,18,53,897,917,261,294,12,4,8,4,1,3
FR_HDF_59,2020-05-26,625,69,1836,558,334,291,16,53,910,926,261,297,22,3,13,9,0,3
FR_HDF_59,2020-05-27,620,62,1864,560,330,290,14,48,927,937,262,298,28,2,17,11,1,1
FR_HDF_59,2020-05-28,610,56,1878,564,330,280,13,43,932,946,263,301,14,4,5,9,1,3
FR_HDF_59,2020-05-29,587,54,1908,566,324,263,13,41,943,965,263,303,30,2,11,19,0,2
FR_HDF_59,2020-05-30,571,54,1935,572,314,257,13,41,953,982,265,307,27,6,10,17,2,4
FR_HDF_59,2020-05-31,570,55,1938,572,315,255,14,41,953,985,265,307,3,0,0,3,0,0
FR_HDF_59,2020-06-01,568,54,1942,574,313,255,15,39,955,987,266,308,4,2,2,2,1,1
FR_HDF_59,2020-06-02,563,51,1952,576,311,252,14,37,960,992,267,309,10,2,5,5,1,1
FR_HDF_59,2020-06-03,544,49,1973,582,294,250,13,36,976,997,272,310,21,6,16,5,5,1
FR_HDF_59,2020-06-04,536,49,1985,584,290,246,15,34,983,1002,274,310,12,2,7,5,2,0
FR_HDF_59,2020-06-05,523,43,2005,589,283,240,15,28,994,1011,276,313,20,5,11,9,2,3
FR_HDF_59,2020-06-06,524,45,2010,591,281,243,15,30,998,1012,277,314,5,2,4,1,1,1
FR_HDF_59,2020-06-07,526,45,2010,592,283,243,15,30,998,1012,277,315,0,1,0,0,0,1
FR_HDF_59,2020-06-08,523,43,2016,595,281,242,14,29,1002,1014,278,317,6,3,4,2,1,2
FR_HDF_59,2020-06-09,516,44,2040,596,276,240,14,30,1014,1026,279,317,24,1,12,12,1,0
FR_HDF_59,2020-06-10,512,44,2050,597,274,238,15,29,1019,1031,279,318,10,1,5,5,0,1
FR_HDF_59,2020-06-11,500,40,2061,598,267,233,12,28,1025,1036,280,318,11,1,6,5,1,0
FR_HDF_59,2020-06-12,493,39,2071,599,265,228,12,27,1030,1041,281,318,10,1,5,5,1,0
FR_HDF_59,2020-06-13,491,39,2074,600,265,226,12,27,1032,1042,281,319,3,1,2,1,0,1
FR_HDF_59,2020-06-14,492,39,2074,600,266,226,12,27,1032,1042,281,319,0,0,0,0,0,0
FR_HDF_59,2020-06-15,490,39,2079,601,263,227,12,27,1038,1041,282,319,5,1,6,-1,1,0
FR_HDF_59,2020-06-16,487,37,2087,604,260,227,11,26,1043,1044,283,321,8,3,5,3,1,2
FR_HDF_59,2020-06-17,477,36,2097,606,258,219,10,26,1044,1053,284,322,10,2,1,9,1,1
FR_HDF_59,2020-06-18,479,33,2103,607,258,221,10,23,1049,1054,284,323,6,1,5,1,0,1
FR_HDF_59,2020-06-19,476,34,2109,607,254,222,10,24,1053,1056,284,323,6,0,4,2,0,0
FR_HDF_59,2020-06-20,470,34,2116,608,250,220,10,24,1058,1058,284,324,7,1,5,2,0,1
FR_HDF_59,2020-06-21,468,34,2116,609,249,219,10,24,1058,1058,285,324,0,1,0,0,1,0
FR_HDF_60,2020-03-18,94,22,18,6,40,54,6,16,7,11,3,3,,,,,,
FR_HDF_60,2020-03-19,109,21,23,14,50,59,6,15,8,15,5,9,5,8,1,4,2,6
FR_HDF_60,2020-03-20,123,28,30,18,56,67,8,20,12,18,6,12,7,4,4,3,1,3
FR_HDF_60,2020-03-21,138,28,43,18,64,74,9,19,19,24,6,12,13,0,7,6,0,0
FR_HDF_60,2020-03-22,147,28,47,19,66,81,9,19,22,25,6,13,4,1,3,1,0,1
FR_HDF_60,2020-03-23,173,31,54,29,80,93,11,20,25,29,9,20,7,10,3,4,3,7
FR_HDF_60,2020-03-24,189,35,71,38,90,99,12,23,29,42,13,25,17,9,4,13,4,5
FR_HDF_60,2020-03-25,210,43,78,44,96,114,14,29,33,45,16,28,7,6,4,3,3,3
FR_HDF_60,2020-03-26,224,45,109,58,103,121,15,30,46,63,23,35,31,14,13,18,7,7
FR_HDF_60,2020-03-27,232,52,120,66,109,123,18,34,51,69,26,40,11,8,5,6,3,5
FR_HDF_60,2020-03-28,245,49,127,77,122,123,17,32,53,74,28,49,7,11,2,5,2,9
FR_HDF_60,2020-03-29,259,49,129,82,129,130,17,32,52,77,30,52,2,5,-1,3,2,3
FR_HDF_60,2020-03-30,276,52,139,90,139,137,19,33,58,81,33,57,10,8,6,4,3,5
FR_HDF_60,2020-03-31,277,55,150,99,130,147,18,37,65,85,35,64,11,9,7,4,2,7
FR_HDF_60,2020-04-01,292,59,183,119,133,159,16,43,82,101,44,75,33,20,17,16,9,11
FR_HDF_60,2020-04-02,353,72,215,126,162,191,18,54,94,121,46,80,32,7,12,20,2,5
FR_HDF_60,2020-04-03,354,71,243,141,160,194,17,54,110,133,53,88,28,15,16,12,7,8
FR_HDF_60,2020-04-04,342,70,270,148,156,186,17,53,123,147,55,93,27,7,13,14,2,5
FR_HDF_60,2020-04-05,354,72,276,150,160,194,17,55,126,150,56,94,6,2,3,3,1,1
FR_HDF_60,2020-04-06,372,71,283,160,170,202,17,54,128,155,62,98,7,10,2,5,6,4
FR_HDF_60,2020-04-07,402,70,313,177,185,217,17,53,140,173,71,106,30,17,12,18,9,8
FR_HDF_60,2020-04-08,416,69,359,187,199,217,16,53,159,200,75,112,46,10,19,27,4,6
FR_HDF_60,2020-04-09,417,69,381,188,206,211,17,52,170,211,75,113,22,1,11,11,0,1
FR_HDF_60,2020-04-10,428,69,407,194,216,212,17,52,181,226,76,118,26,6,11,15,1,5
FR_HDF_60,2020-04-11,437,70,424,203,219,218,17,53,187,237,82,121,17,9,6,11,6,3
FR_HDF_60,2020-04-12,457,72,438,213,235,222,19,53,195,243,85,128,14,10,8,6,3,7
FR_HDF_60,2020-04-13,455,71,440,220,234,221,18,53,197,243,87,133,2,7,2,0,2,5
FR_HDF_60,2020-04-14,453,69,463,229,233,220,18,51,206,257,91,138,23,9,9,14,4,5
FR_HDF_60,2020-04-15,477,66,478,242,246,231,18,48,212,266,100,142,15,13,6,9,9,4
FR_HDF_60,2020-04-16,472,66,511,251,247,225,19,47,227,284,103,148,33,9,15,18,3,6
FR_HDF_60,2020-04-17,487,65,532,257,258,229,18,47,241,291,106,151,21,6,14,7,3,3
FR_HDF_60,2020-04-18,489,64,541,260,257,232,19,45,247,294,107,153,9,3,6,3,1,2
FR_HDF_60,2020-04-19,501,64,552,264,263,238,16,48,254,298,109,155,11,4,7,4,2,2
FR_HDF_60,2020-04-20,490,60,565,277,256,234,15,45,264,301,114,163,13,13,10,3,5,8
FR_HDF_60,2020-04-21,483,58,592,282,257,226,16,42,277,315,115,167,27,5,13,14,1,4
FR_HDF_60,2020-04-22,457,54,627,291,248,209,16,38,289,338,122,169,35,9,12,23,7,2
FR_HDF_60,2020-04-23,460,54,644,297,251,209,17,37,302,342,125,172,17,6,13,4,3,3
FR_HDF_60,2020-04-24,453,51,673,303,248,205,14,37,318,355,127,176,29,6,16,13,2,4
FR_HDF_60,2020-04-25,457,48,683,307,250,207,13,35,323,360,129,178,10,4,5,5,2,2
FR_HDF_60,2020-04-26,459,47,685,308,248,211,11,36,325,360,130,178,2,1,2,0,1,0
FR_HDF_60,2020-04-27,449,44,702,316,243,206,11,33,332,370,134,182,17,8,7,10,4,4
FR_HDF_60,2020-04-28,440,41,723,322,239,201,11,30,347,376,137,185,21,6,15,6,3,3
FR_HDF_60,2020-04-29,441,43,737,325,238,203,11,32,355,382,137,188,14,3,8,6,0,3
FR_HDF_60,2020-04-30,428,42,751,329,233,195,9,33,362,389,138,191,14,4,7,7,1,3
FR_HDF_60,2020-05-01,421,40,758,333,230,191,9,31,365,393,139,194,7,4,3,4,1,3
FR_HDF_60,2020-05-02,426,40,759,333,233,193,9,31,366,393,139,194,1,0,1,0,0,0
FR_HDF_60,2020-05-03,415,39,773,337,230,185,9,30,373,400,141,196,14,4,7,7,2,2
FR_HDF_60,2020-05-04,414,38,777,339,229,185,9,29,378,399,141,198,4,2,5,-1,0,2
FR_HDF_60,2020-05-05,401,31,791,344,223,178,6,25,385,406,145,199,14,5,7,7,4,1
FR_HDF_60,2020-05-06,398,28,796,347,223,175,6,22,386,410,148,199,5,3,1,4,3,0
FR_HDF_60,2020-05-07,389,26,807,348,223,166,5,21,390,417,148,200,11,1,4,7,0,1
FR_HDF_60,2020-05-08,384,21,819,354,218,166,3,18,399,420,149,205,12,6,9,3,1,5
FR_HDF_60,2020-05-09,383,20,823,354,215,168,2,18,404,419,149,205,4,0,5,-1,0,0
FR_HDF_60,2020-05-10,380,19,825,357,214,166,2,17,405,420,150,207,2,3,1,1,1,2
FR_HDF_60,2020-05-11,384,22,830,364,213,171,3,19,411,419,153,211,5,7,6,-1,3,4
FR_HDF_60,2020-05-12,382,24,835,370,208,174,3,21,415,420,157,213,5,6,4,1,4,2
FR_HDF_60,2020-05-13,377,23,841,370,208,169,3,20,416,425,157,213,6,0,1,5,0,0
FR_HDF_60,2020-05-14,381,22,846,370,209,172,2,20,419,427,157,213,5,0,3,2,0,0
FR_HDF_60,2020-05-15,377,22,861,371,205,172,2,20,429,432,157,214,15,1,10,5,0,1
FR_HDF_60,2020-05-16,374,20,866,372,205,169,2,18,430,436,158,214,5,1,1,4,1,0
FR_HDF_60,2020-05-17,376,20,866,372,207,169,2,18,430,436,158,214,0,0,0,0,0,0
FR_HDF_60,2020-05-18,370,18,876,377,209,161,2,16,435,441,158,219,10,5,5,5,0,5
FR_HDF_60,2020-05-19,352,16,906,378,197,155,3,13,455,451,159,219,30,1,20,10,1,0
FR_HDF_60,2020-05-20,351,14,910,379,195,156,3,11,457,453,160,219,4,1,2,2,1,0
FR_HDF_60,2020-05-21,350,14,915,379,197,153,3,11,459,456,160,219,5,0,2,3,0,0
FR_HDF_60,2020-05-22,346,14,926,380,191,155,3,11,466,460,161,219,11,1,7,4,1,0
FR_HDF_60,2020-05-23,340,14,931,382,188,152,3,11,469,462,161,221,5,2,3,2,0,2
FR_HDF_60,2020-05-24,341,14,931,383,188,153,3,11,469,462,162,221,0,1,0,0,1,0
FR_HDF_60,2020-05-25,336,15,937,384,186,150,3,12,472,465,162,222,6,1,3,3,0,1
FR_HDF_60,2020-05-26,330,15,944,384,183,147,3,12,475,469,162,222,7,0,3,4,0,0
FR_HDF_60,2020-05-27,326,14,949,387,181,145,3,11,477,472,165,222,5,3,2,3,3,0
FR_HDF_60,2020-05-28,321,14,955,389,177,144,3,11,481,474,166,223,6,2,4,2,1,1
FR_HDF_60,2020-05-29,301,14,975,390,165,136,3,11,494,481,166,224,20,1,13,7,0,1
FR_HDF_60,2020-05-30,300,13,978,391,164,136,2,11,496,482,167,224,3,1,2,1,1,0
FR_HDF_60,2020-05-31,300,13,978,391,164,136,2,11,496,482,167,224,0,0,0,0,0,0
FR_HDF_60,2020-06-01,310,13,978,392,168,142,2,11,496,482,168,224,0,1,0,0,1,0
FR_HDF_60,2020-06-02,314,14,984,393,171,143,3,11,500,484,169,224,6,1,4,2,1,0
FR_HDF_60,2020-06-03,309,13,989,393,167,142,2,11,504,485,169,224,5,0,4,1,0,0
FR_HDF_60,2020-06-04,302,13,996,394,165,137,2,11,506,490,170,224,7,1,2,5,1,0
FR_HDF_60,2020-06-05,285,12,1010,394,153,132,2,10,516,494,170,224,14,0,10,4,0,0
FR_HDF_60,2020-06-06,285,12,1011,394,152,133,2,10,517,494,170,224,1,0,1,0,0,0
FR_HDF_60,2020-06-07,285,12,1012,394,151,134,2,10,518,494,170,224,1,0,1,0,0,0
FR_HDF_60,2020-06-08,287,11,1015,395,154,133,2,9,519,496,170,225,3,1,1,2,0,1
FR_HDF_60,2020-06-09,272,11,1031,395,148,124,2,9,525,506,170,225,16,0,6,10,0,0
FR_HDF_60,2020-06-10,272,11,1032,395,148,124,2,9,526,506,170,225,1,0,1,0,0,0
FR_HDF_60,2020-06-11,269,8,1035,395,147,122,0,8,527,508,170,225,3,0,1,2,0,0
FR_HDF_60,2020-06-12,267,8,1037,396,146,121,0,8,528,509,170,226,2,1,1,1,0,1
FR_HDF_60,2020-06-13,268,7,1038,396,146,122,0,7,528,510,170,226,1,0,0,1,0,0
FR_HDF_60,2020-06-14,266,7,1040,397,145,121,0,7,528,512,171,226,2,1,0,2,1,0
FR_HDF_60,2020-06-15,263,7,1041,399,144,119,0,7,529,512,171,228,1,2,1,0,0,2
FR_HDF_60,2020-06-16,262,7,1045,400,143,119,0,7,531,514,171,229,4,1,2,2,0,1
FR_HDF_60,2020-06-17,258,7,1046,402,141,117,0,7,531,515,172,230,1,2,0,1,1,1
FR_HDF_60,2020-06-18,255,7,1050,402,140,115,0,7,533,517,172,230,4,0,2,2,0,0
FR_HDF_60,2020-06-19,250,7,1053,404,138,112,0,7,534,519,173,231,3,2,1,2,1,1
FR_HDF_60,2020-06-20,249,7,1054,405,137,112,0,7,535,519,174,231,1,1,1,0,1,0
FR_HDF_60,2020-06-21,250,7,1054,405,138,112,0,7,535,519,174,231,0,0,0,0,0,0
FR_HDF_62,2020-03-18,22,9,16,0,12,10,3,6,4,12,0,0,,,,,,
FR_HDF_62,2020-03-19,30,11,25,0,12,18,3,8,10,15,0,0,9,0,6,3,0,0
FR_HDF_62,2020-03-20,50,20,35,1,20,30,6,14,14,21,1,0,10,1,4,6,1,0
FR_HDF_62,2020-03-21,44,18,27,1,13,31,2,16,10,17,1,0,-8,0,-4,-4,0,0
FR_HDF_62,2020-03-22,49,20,30,1,14,35,2,18,12,18,1,0,3,0,2,1,0,0
FR_HDF_62,2020-03-23,65,28,33,3,21,44,5,23,14,19,2,1,3,2,2,1,1,1
FR_HDF_62,2020-03-24,85,34,34,6,36,49,8,26,15,19,2,4,1,3,1,0,0,3
FR_HDF_62,2020-03-25,103,40,42,8,40,63,8,32,18,24,3,5,8,2,3,5,1,1
FR_HDF_62,2020-03-26,119,43,52,9,46,73,10,33,24,28,3,6,10,1,6,4,0,1
FR_HDF_62,2020-03-27,121,44,61,9,47,74,11,33,27,34,3,6,9,0,3,6,0,0
FR_HDF_62,2020-03-28,149,54,69,12,57,92,12,42,33,36,4,8,8,3,6,2,1,2
FR_HDF_62,2020-03-29,168,58,74,13,63,105,13,45,37,37,5,8,5,1,4,1,1,0
FR_HDF_62,2020-03-30,190,75,83,17,69,121,17,58,39,44,8,9,9,4,2,7,3,1
FR_HDF_62,2020-03-31,215,84,94,19,85,130,19,65,42,52,8,11,11,2,3,8,0,2
FR_HDF_62,2020-04-01,274,93,104,23,112,162,23,70,50,54,10,13,10,4,8,2,2,2
FR_HDF_62,2020-04-02,289,99,128,27,119,170,24,75,57,71,11,16,24,4,7,17,1,3
FR_HDF_62,2020-04-03,343,116,156,34,137,206,26,90,71,85,15,19,28,7,14,14,4,3
FR_HDF_62,2020-04-04,363,122,177,42,154,209,29,93,76,101,18,24,21,8,5,16,3,5
FR_HDF_62,2020-04-05,362,122,187,46,153,209,29,93,83,104,20,26,10,4,7,3,2,2
FR_HDF_62,2020-04-06,389,123,200,55,171,218,29,94,87,113,24,31,13,9,4,9,4,5
FR_HDF_62,2020-04-07,428,123,221,64,184,244,28,95,101,120,28,36,21,9,14,7,4,5
FR_HDF_62,2020-04-08,432,119,256,74,188,244,25,94,117,139,30,44,35,10,16,19,2,8
FR_HDF_62,2020-04-09,455,126,283,81,199,256,28,98,130,153,33,48,27,7,13,14,3,4
FR_HDF_62,2020-04-10,444,104,331,92,198,246,25,79,154,177,38,54,48,11,24,24,5,6
FR_HDF_62,2020-04-11,432,98,349,96,195,237,24,74,165,184,40,56,18,4,11,7,2,2
FR_HDF_62,2020-04-12,438,95,369,103,200,238,23,72,174,195,43,60,20,7,9,11,3,4
FR_HDF_62,2020-04-13,445,92,382,105,206,239,24,68,179,203,43,62,13,2,5,8,0,2
FR_HDF_62,2020-04-14,461,97,394,114,220,241,24,73,184,210,45,69,12,9,5,7,2,7
FR_HDF_62,2020-04-15,469,104,434,127,223,246,28,76,207,227,50,77,40,13,23,17,5,8
FR_HDF_62,2020-04-16,487,93,453,128,228,259,23,70,219,234,52,76,19,1,12,7,2,-1
FR_HDF_62,2020-04-17,470,88,491,145,220,250,20,68,239,252,58,87,38,17,20,18,6,11
FR_HDF_62,2020-04-18,471,81,522,148,224,247,18,63,255,267,59,89,31,3,16,15,1,2
FR_HDF_62,2020-04-19,469,81,533,151,223,246,19,62,263,270,61,90,11,3,8,3,2,1
FR_HDF_62,2020-04-20,471,85,545,155,223,248,20,65,270,275,64,91,12,4,7,5,3,1
FR_HDF_62,2020-04-21,470,84,615,164,227,243,19,65,319,296,68,96,70,9,49,21,4,5
FR_HDF_62,2020-04-22,455,76,640,169,217,238,18,58,336,304,72,97,25,5,17,8,4,1
FR_HDF_62,2020-04-23,435,68,688,189,221,214,18,50,353,335,77,112,48,20,17,31,5,15
FR_HDF_62,2020-04-24,436,68,706,194,223,213,17,51,361,345,79,115,18,5,8,10,2,3
FR_HDF_62,2020-04-25,433,64,715,203,223,210,15,49,365,350,83,120,9,9,4,5,4,5
FR_HDF_62,2020-04-26,431,61,720,206,221,210,14,47,368,352,84,122,5,3,3,2,1,2
FR_HDF_62,2020-04-27,440,69,750,212,223,217,16,53,386,364,87,125,30,6,18,12,3,3
FR_HDF_62,2020-04-28,437,67,762,212,220,217,16,51,394,368,87,125,12,0,8,4,0,0
FR_HDF_62,2020-04-29,420,64,800,219,215,205,17,47,409,391,89,130,38,7,15,23,2,5
FR_HDF_62,2020-04-30,409,69,851,223,209,200,19,50,436,415,91,132,51,4,27,24,2,2
FR_HDF_62,2020-05-01,411,66,866,226,213,198,19,47,442,424,93,133,15,3,6,9,2,1
FR_HDF_62,2020-05-02,412,68,868,229,214,198,21,47,444,424,95,134,2,3,2,0,2,1
FR_HDF_62,2020-05-03,410,68,870,231,214,196,21,47,444,426,97,134,2,2,0,2,2,0
FR_HDF_62,2020-05-04,409,66,888,238,210,199,20,46,455,433,102,136,18,7,11,7,5,2
FR_HDF_62,2020-05-05,395,67,916,241,205,190,20,47,469,447,104,137,28,3,14,14,2,1
FR_HDF_62,2020-05-06,400,66,937,241,211,189,21,45,481,456,104,137,21,0,12,9,0,0
FR_HDF_62,2020-05-07,373,59,963,242,195,178,18,41,493,470,104,138,26,1,12,14,0,1
FR_HDF_62,2020-05-08,369,56,969,242,193,176,16,40,496,473,104,138,6,0,3,3,0,0
FR_HDF_62,2020-05-09,368,56,973,243,194,174,16,40,498,475,105,138,4,1,2,2,1,0
FR_HDF_62,2020-05-10,364,55,979,243,195,169,16,39,499,480,105,138,6,0,1,5,0,0
FR_HDF_62,2020-05-11,364,55,988,248,194,170,16,39,504,484,106,142,9,5,5,4,1,4
FR_HDF_62,2020-05-12,369,56,1010,253,198,171,15,41,515,495,110,143,22,5,11,11,4,1
FR_HDF_62,2020-05-13,358,52,1027,254,193,165,14,38,523,504,111,143,17,1,8,9,1,0
FR_HDF_62,2020-05-14,342,50,1060,259,183,159,14,36,539,521,113,146,33,5,16,17,2,3
FR_HDF_62,2020-05-15,322,43,1092,263,165,157,9,34,562,530,116,147,32,4,23,9,3,1
FR_HDF_62,2020-05-16,318,42,1100,267,161,157,9,33,568,532,117,150,8,4,6,2,1,3
FR_HDF_62,2020-05-17,316,41,1100,269,160,156,9,32,568,532,118,151,0,2,0,0,1,1
FR_HDF_62,2020-05-18,308,40,1111,271,153,155,9,31,574,537,119,152,11,2,6,5,1,1
FR_HDF_62,2020-05-19,297,38,1129,271,147,150,7,31,581,548,121,150,18,0,7,11,2,-2
FR_HDF_62,2020-05-20,295,36,1129,272,146,149,6,30,580,549,120,152,0,1,-1,1,-1,2
FR_HDF_62,2020-05-21,294,39,1131,275,146,148,7,32,581,550,121,154,2,3,1,1,1,2
FR_HDF_62,2020-05-22,295,41,1132,277,148,147,8,33,580,552,122,155,1,2,-1,2,1,1
FR_HDF_62,2020-05-23,283,39,1139,277,143,140,8,31,581,558,122,155,7,0,1,6,0,0
FR_HDF_62,2020-05-24,283,37,1140,278,143,140,7,30,582,558,122,156,1,1,1,0,0,1
FR_HDF_62,2020-05-25,280,39,1147,279,142,138,8,31,585,562,122,157,7,1,3,4,0,1
FR_HDF_62,2020-05-26,268,34,1158,281,136,132,8,26,592,566,123,158,11,2,7,4,1,1
FR_HDF_62,2020-05-27,265,34,1161,281,132,133,7,27,595,566,123,158,3,0,3,0,0,0
FR_HDF_62,2020-05-28,256,35,1175,283,127,129,8,27,603,572,124,159,14,2,8,6,1,1
FR_HDF_62,2020-05-29,260,36,1182,284,128,132,8,28,607,575,124,160,7,1,4,3,0,1
FR_HDF_62,2020-05-30,258,35,1184,285,127,131,8,27,608,576,125,160,2,1,1,1,1,0
FR_HDF_62,2020-05-31,258,34,1184,285,126,132,7,27,608,576,125,160,0,0,0,0,0,0
FR_HDF_62,2020-06-01,257,34,1184,286,126,131,7,27,608,576,125,161,0,1,0,0,0,1
FR_HDF_62,2020-06-02,249,32,1192,289,122,127,7,25,611,581,126,163,8,3,3,5,1,2
FR_HDF_62,2020-06-03,248,31,1195,291,124,124,7,24,613,582,127,164,3,2,2,1,1,1
FR_HDF_62,2020-06-04,221,32,1220,297,115,106,7,25,621,599,130,167,25,6,8,17,3,3
FR_HDF_62,2020-06-05,214,32,1225,299,112,102,7,25,623,602,131,168,5,2,2,3,1,1
FR_HDF_62,2020-06-06,213,32,1226,299,111,102,7,25,624,602,131,168,1,0,1,0,0,0
FR_HDF_62,2020-06-07,213,32,1226,299,111,102,7,25,624,602,131,168,0,0,0,0,0,0
FR_HDF_62,2020-06-08,214,32,1226,300,110,104,7,25,624,602,132,168,0,1,0,0,1,0
FR_HDF_62,2020-06-09,209,28,1232,301,108,101,6,22,627,605,132,169,6,1,3,3,0,1
FR_HDF_62,2020-06-10,208,27,1233,303,108,100,6,21,627,606,134,169,1,2,0,1,2,0
FR_HDF_62,2020-06-11,205,26,1235,304,107,98,6,20,628,607,134,170,2,1,1,1,0,1
FR_HDF_62,2020-06-12,201,25,1240,304,103,98,5,20,633,607,134,170,5,0,5,0,0,0
FR_HDF_62,2020-06-13,195,24,1246,304,100,95,5,19,636,610,134,170,6,0,3,3,0,0
FR_HDF_62,2020-06-14,195,24,1246,304,100,95,5,19,636,610,134,170,0,0,0,0,0,0
FR_HDF_62,2020-06-15,196,24,1247,304,100,96,5,19,637,610,134,170,1,0,1,0,0,0
FR_HDF_62,2020-06-16,195,24,1249,304,99,96,5,19,639,610,134,170,2,0,2,0,0,0
FR_HDF_62,2020-06-17,195,24,1249,304,99,96,5,19,639,610,134,170,0,0,0,0,0,0
FR_HDF_62,2020-06-18,194,24,1250,304,99,95,5,19,639,611,134,170,1,0,0,1,0,0
FR_HDF_62,2020-06-19,192,24,1252,304,97,95,5,19,641,611,134,170,2,0,2,0,0,0
FR_HDF_62,2020-06-20,193,24,1252,304,98,95,5,19,641,611,134,170,0,0,0,0,0,0
FR_HDF_62,2020-06-21,193,24,1252,304,98,95,5,19,641,611,134,170,0,0,0,0,0,0
FR_HDF_80,2020-03-18,49,20,9,1,22,27,8,12,4,5,1,0,,,,,,
FR_HDF_80,2020-03-19,73,23,12,2,35,38,8,15,5,7,1,1,3,1,1,2,0,1
FR_HDF_80,2020-03-20,90,29,16,3,45,45,12,17,6,10,1,2,4,1,1,3,0,1
FR_HDF_80,2020-03-21,100,35,21,7,45,55,14,21,11,10,4,3,5,4,5,0,3,1
FR_HDF_80,2020-03-22,121,39,21,8,52,69,15,24,11,10,5,3,0,1,0,0,1,0
FR_HDF_80,2020-03-23,134,37,22,9,57,77,15,22,12,10,5,4,1,1,1,0,0,1
FR_HDF_80,2020-03-24,145,36,27,13,56,89,13,23,14,13,7,6,5,4,2,3,2,2
FR_HDF_80,2020-03-25,160,39,38,16,55,105,12,27,22,16,9,7,11,3,8,3,2,1
FR_HDF_80,2020-03-26,166,42,46,20,57,109,11,31,26,20,10,10,8,4,4,4,1,3
FR_HDF_80,2020-03-27,174,42,52,22,62,112,11,31,28,24,10,12,6,2,2,4,0,2
FR_HDF_80,2020-03-28,213,49,66,26,81,132,13,36,36,30,11,15,14,4,8,6,1,3
FR_HDF_80,2020-03-29,226,50,64,31,89,137,16,34,36,28,12,19,-2,5,0,-2,1,4
FR_HDF_80,2020-03-30,240,59,71,36,97,143,18,41,41,30,13,23,7,5,5,2,1,4
FR_HDF_80,2020-03-31,254,63,94,45,106,148,20,43,51,43,17,28,23,9,10,13,4,5
FR_HDF_80,2020-04-01,269,64,97,48,116,153,22,42,52,45,18,30,3,3,1,2,1,2
FR_HDF_80,2020-04-02,291,69,106,49,122,169,25,44,57,49,18,31,9,1,5,4,0,1
FR_HDF_80,2020-04-03,328,72,118,55,148,180,26,46,60,58,21,34,12,6,3,9,3,3
FR_HDF_80,2020-04-04,328,70,152,69,155,173,24,46,71,81,26,43,34,14,11,23,5,9
FR_HDF_80,2020-04-05,345,73,151,77,163,182,25,48,71,80,27,50,-1,8,0,-1,1,7
FR_HDF_80,2020-04-06,360,72,153,90,169,191,23,49,71,82,32,58,2,13,0,2,5,8
FR_HDF_80,2020-04-07,348,75,181,96,161,187,24,51,89,92,34,62,28,6,18,10,2,4
FR_HDF_80,2020-04-08,349,72,197,101,168,181,25,47,96,101,35,66,16,5,7,9,1,4
FR_HDF_80,2020-04-09,362,77,206,104,171,191,26,51,101,105,37,67,9,3,5,4,2,1
FR_HDF_80,2020-04-10,355,76,229,110,171,184,25,51,110,119,38,72,23,6,9,14,1,5
FR_HDF_80,2020-04-11,348,71,268,118,174,174,22,49,128,140,40,78,39,8,18,21,2,6
FR_HDF_80,2020-04-12,343,71,278,122,169,174,22,49,134,144,42,80,10,4,6,4,2,2
FR_HDF_80,2020-04-13,357,69,282,126,180,177,20,49,137,145,46,80,4,4,3,1,4,0
FR_HDF_80,2020-04-14,365,68,295,129,188,177,19,49,141,154,47,82,13,3,4,9,1,2
FR_HDF_80,2020-04-15,355,64,311,134,190,165,18,46,146,165,49,85,16,5,5,11,2,3
FR_HDF_80,2020-04-16,356,60,325,135,193,163,16,44,152,173,50,85,14,1,6,8,1,0
FR_HDF_80,2020-04-17,354,58,351,138,196,158,16,42,166,185,50,88,26,3,14,12,0,3
FR_HDF_80,2020-04-18,350,54,354,144,194,156,13,41,168,186,53,91,3,6,2,1,3,3
FR_HDF_80,2020-04-19,353,54,358,147,196,157,13,41,169,189,55,92,4,3,1,3,2,1
FR_HDF_80,2020-04-20,344,52,367,150,191,153,13,39,174,193,55,95,9,3,5,4,0,3
FR_HDF_80,2020-04-21,327,48,392,151,184,143,10,38,190,202,56,95,25,1,16,9,1,0
FR_HDF_80,2020-04-22,325,48,411,158,183,142,10,38,201,210,61,97,19,7,11,8,5,2
FR_HDF_80,2020-04-23,320,47,427,160,178,142,9,38,211,216,63,97,16,2,10,6,2,0
FR_HDF_80,2020-04-24,299,47,451,163,167,132,10,37,224,227,65,98,24,3,13,11,2,1
FR_HDF_80,2020-04-25,295,47,462,165,162,133,10,37,227,235,66,99,11,2,3,8,1,1
FR_HDF_80,2020-04-26,299,50,462,167,165,134,11,39,227,235,67,100,0,2,0,0,1,1
FR_HDF_80,2020-04-27,300,48,464,171,165,135,11,37,228,236,68,103,2,4,1,1,1,3
FR_HDF_80,2020-04-28,297,48,469,171,164,133,11,37,230,239,68,103,5,0,2,3,0,0
FR_HDF_80,2020-04-29,275,43,496,175,153,122,10,33,250,246,68,107,27,4,20,7,0,4
FR_HDF_80,2020-04-30,270,42,504,177,149,121,9,33,254,250,70,107,8,2,4,4,2,0
FR_HDF_80,2020-05-01,261,41,515,178,142,119,7,34,261,254,71,107,11,1,7,4,1,0
FR_HDF_80,2020-05-02,256,40,521,179,138,118,7,33,266,255,71,108,6,1,5,1,0,1
FR_HDF_80,2020-05-03,255,40,522,182,138,117,7,33,267,255,73,109,1,3,1,0,2,1
FR_HDF_80,2020-05-04,252,40,526,183,135,117,7,33,270,256,74,109,4,1,3,1,1,0
FR_HDF_80,2020-05-05,248,31,536,186,134,114,6,25,273,263,75,111,10,3,3,7,1,2
FR_HDF_80,2020-05-06,250,32,541,187,134,116,7,25,274,267,76,111,5,1,1,4,1,0
FR_HDF_80,2020-05-07,235,26,552,192,125,110,4,22,281,271,77,115,11,5,7,4,1,4
FR_HDF_80,2020-05-08,236,22,552,193,127,109,3,19,279,273,77,116,0,1,-2,2,0,1
FR_HDF_80,2020-05-09,230,22,556,194,125,105,3,19,280,276,78,116,4,1,1,3,1,0
FR_HDF_80,2020-05-10,226,22,558,196,123,103,3,19,281,277,80,116,2,2,1,1,2,0
FR_HDF_80,2020-05-11,224,24,562,198,120,104,3,21,283,279,82,116,4,2,2,2,2,0
FR_HDF_80,2020-05-12,217,26,570,198,116,101,4,22,287,283,82,116,8,0,4,4,0,0
FR_HDF_80,2020-05-13,213,22,573,200,113,100,2,20,290,283,83,117,3,2,3,0,1,1
FR_HDF_80,2020-05-14,202,20,588,201,104,98,3,17,301,287,83,118,15,1,11,4,0,1
FR_HDF_80,2020-05-15,197,19,595,201,101,96,3,16,304,291,83,118,7,0,3,4,0,0
FR_HDF_80,2020-05-16,196,19,601,202,97,99,2,17,309,292,83,119,6,1,5,1,0,1
FR_HDF_80,2020-05-17,192,16,603,204,96,96,2,14,310,293,83,121,2,2,1,1,0,2
FR_HDF_80,2020-05-18,186,16,609,205,94,92,2,14,312,297,83,122,6,1,2,4,0,1
FR_HDF_80,2020-05-19,178,15,617,206,90,88,3,12,316,301,83,123,8,1,4,4,0,1
FR_HDF_80,2020-05-20,170,15,625,208,87,83,4,11,319,306,84,124,8,2,3,5,1,1
FR_HDF_80,2020-05-21,159,15,635,208,82,77,4,11,323,312,84,124,10,0,4,6,0,0
FR_HDF_80,2020-05-22,159,15,635,208,82,77,4,11,323,312,84,124,0,0,0,0,0,0
FR_HDF_80,2020-05-23,160,15,636,208,82,78,4,11,324,312,84,124,1,0,1,0,0,0
FR_HDF_80,2020-05-24,160,15,636,208,82,78,4,11,324,312,84,124,0,0,0,0,0,0
FR_HDF_80,2020-05-25,151,12,643,212,77,74,3,9,329,314,85,127,7,4,5,2,1,3
FR_HDF_80,2020-05-26,140,11,654,212,71,69,2,9,336,318,85,127,11,0,7,4,0,0
FR_HDF_80,2020-05-27,137,10,655,213,71,66,2,8,336,319,85,128,1,1,0,1,0,1
FR_HDF_80,2020-05-28,136,9,655,215,69,67,2,7,336,319,87,128,0,2,0,0,2,0
FR_HDF_80,2020-05-29,133,9,659,215,67,66,2,7,338,321,87,128,4,0,2,2,0,0
FR_HDF_80,2020-05-30,132,9,660,215,66,66,3,6,339,321,87,128,1,0,1,0,0,0
FR_HDF_80,2020-05-31,127,7,664,217,66,61,2,5,339,325,88,129,4,2,0,4,1,1
FR_HDF_80,2020-06-01,127,7,664,217,66,61,2,5,339,325,88,129,0,0,0,0,0,0
FR_HDF_80,2020-06-02,124,6,665,217,64,60,1,5,340,325,88,129,1,0,1,0,0,0
FR_HDF_80,2020-06-03,124,6,665,218,66,58,1,5,339,326,88,130,0,1,-1,1,0,1
FR_HDF_80,2020-06-04,124,6,666,218,67,57,1,5,339,327,88,130,1,0,0,1,0,0
FR_HDF_80,2020-06-05,118,6,672,218,64,54,1,5,342,330,88,130,6,0,3,3,0,0
FR_HDF_80,2020-06-06,117,6,673,218,64,53,1,5,342,331,88,130,1,0,0,1,0,0
FR_HDF_80,2020-06-07,117,6,673,218,64,53,1,5,342,331,88,130,0,0,0,0,0,0
FR_HDF_80,2020-06-08,114,6,676,218,62,52,1,5,344,332,88,130,3,0,2,1,0,0
FR_HDF_80,2020-06-09,115,6,677,218,62,53,1,5,345,332,88,130,1,0,1,0,0,0
FR_HDF_80,2020-06-10,103,6,688,219,56,47,1,5,350,338,89,130,11,1,5,6,1,0
FR_HDF_80,2020-06-11,103,6,689,219,55,48,1,5,351,338,89,130,1,0,1,0,0,0
FR_HDF_80,2020-06-12,101,8,692,219,55,46,2,6,353,339,89,130,3,0,2,1,0,0
FR_HDF_80,2020-06-13,94,8,699,219,49,45,2,6,359,340,89,130,7,0,6,1,0,0
FR_HDF_80,2020-06-14,94,8,699,219,49,45,2,6,359,340,89,130,0,0,0,0,0,0
FR_HDF_80,2020-06-15,92,8,702,219,48,44,2,6,361,341,89,130,3,0,2,1,0,0
FR_HDF_80,2020-06-16,87,8,705,220,45,42,2,6,363,342,89,131,3,1,2,1,0,1
FR_HDF_80,2020-06-17,86,8,705,221,44,42,2,6,363,342,90,131,0,1,0,0,1,0
FR_HDF_80,2020-06-18,85,6,705,222,44,41,1,5,363,342,90,132,0,1,0,0,0,1
FR_HDF_80,2020-06-19,83,6,707,222,42,41,1,5,365,342,90,132,2,0,2,0,0,0
FR_HDF_80,2020-06-20,83,6,707,222,42,41,1,5,365,342,90,132,0,0,0,0,0,0
FR_HDF_80,2020-06-21,83,6,707,222,42,41,1,5,365,342,90,132,0,0,0,0,0,0
FR_IDF,2020-03-18,949,294,128,36,357,592,87,207,54,74,8,28,,,,,,
FR_IDF,2020-03-19,1346,359,212,56,529,817,105,254,102,110,13,43,84,20,48,36,5,15
FR_IDF,2020-03-20,1768,480,348,97,702,1066,130,350,167,181,31,66,136,41,65,71,18,23
FR_IDF,2020-03-21,2061,540,436,120,828,1233,153,387,208,228,38,82,88,23,41,47,7,16
FR_IDF,2020-03-22,2460,635,510,138,970,1490,184,451,242,268,45,93,74,18,34,40,7,11
FR_IDF,2020-03-23,3108,781,661,192,1222,1886,216,565,298,363,68,124,151,54,56,95,23,31
FR_IDF,2020-03-24,3642,966,850,260,1406,2236,277,689,387,463,84,176,189,68,89,100,16,52
FR_IDF,2020-03-25,4337,1107,1080,355,1646,2691,309,798,489,591,126,229,230,95,102,128,42,53
FR_IDF,2020-03-26,5069,1263,1305,458,1915,3154,349,914,591,714,169,289,225,103,102,123,43,60
FR_IDF,2020-03-27,5729,1382,1592,577,2165,3564,382,1000,719,873,210,367,287,119,128,159,41,78
FR_IDF,2020-03-28,6451,1561,1928,687,2434,4017,424,1137,867,1061,249,438,336,110,148,188,39,71
FR_IDF,2020-03-29,7013,1659,2099,806,2622,4391,435,1224,948,1151,293,513,171,119,81,90,44,75
FR_IDF,2020-03-30,7608,1783,2380,952,2872,4736,468,1315,1065,1315,341,611,281,146,117,164,48,98
FR_IDF,2020-03-31,8512,1965,2891,1172,3242,5270,522,1443,1273,1618,429,743,511,220,208,303,88,132
FR_IDF,2020-04-01,9514,2190,3411,1360,3649,5865,578,1612,1494,1917,492,868,520,188,221,299,63,125
FR_IDF,2020-04-02,10177,2285,3863,1560,3924,6253,596,1689,1681,2182,573,987,452,200,187,265,81,119
FR_IDF,2020-04-03,10713,2358,4388,1777,4193,6520,609,1749,1888,2500,653,1124,525,217,207,318,80,137
FR_IDF,2020-04-04,11092,2415,4847,1951,4394,6698,633,1782,2049,2798,723,1228,459,174,161,298,70,104
FR_IDF,2020-04-05,11341,2483,5131,2090,4513,6828,656,1827,2169,2962,774,1316,284,139,120,164,51,88
FR_IDF,2020-04-06,11630,2516,5559,2335,4657,6973,671,1845,2339,3220,867,1468,428,245,170,258,93,152
FR_IDF,2020-04-07,11941,2576,6182,2606,4817,7124,692,1884,2592,3590,969,1637,623,271,253,370,102,169
FR_IDF,2020-04-08,12333,2641,6810,2827,5032,7301,706,1935,2852,3958,1057,1770,628,221,260,368,88,133
FR_IDF,2020-04-09,12533,2627,7569,3016,5157,7376,700,1927,3171,4398,1121,1895,759,189,319,440,64,125
FR_IDF,2020-04-10,12720,2636,8256,3273,5307,7413,711,1925,3448,4808,1219,2054,687,257,277,410,98,159
FR_IDF,2020-04-11,12886,2589,8733,3387,5465,7421,700,1889,3613,5120,1266,2121,477,114,165,312,47,67
FR_IDF,2020-04-12,13022,2597,9052,3518,5581,7441,706,1891,3724,5328,1311,2207,319,131,111,208,45,86
FR_IDF,2020-04-13,13057,2579,9317,3671,5633,7424,706,1873,3816,5501,1372,2299,265,153,92,173,61,92
FR_IDF,2020-04-14,13072,2575,9717,3901,5684,7388,713,1862,3987,5730,1461,2440,400,230,171,229,89,141
FR_IDF,2020-04-15,12887,2471,10464,4102,5669,7218,679,1792,4302,6162,1549,2553,747,201,315,432,88,113
FR_IDF,2020-04-16,12708,2395,11199,4278,5643,7065,655,1740,4590,6609,1636,2642,735,176,288,447,87,89
FR_IDF,2020-04-17,12648,2317,11836,4467,5671,6977,624,1693,4844,6992,1717,2750,637,189,254,383,81,108
FR_IDF,2020-04-18,12373,2270,12458,4621,5577,6796,604,1666,5122,7336,1791,2830,622,154,278,344,74,80
FR_IDF,2020-04-19,12354,2232,12666,4713,5597,6757,592,1640,5210,7456,1824,2889,208,92,88,120,33,59
FR_IDF,2020-04-20,12345,2186,12995,4898,5629,6716,578,1608,5356,7639,1896,3002,329,185,146,183,72,113
FR_IDF,2020-04-21,12135,2103,13609,5049,5610,6525,547,1556,5608,8001,1944,3105,614,151,252,362,48,103
FR_IDF,2020-04-22,12003,2035,14169,5172,5586,6417,533,1502,5871,8298,1992,3180,560,123,263,297,48,75
FR_IDF,2020-04-23,11828,1989,14679,5279,5559,6269,528,1461,6111,8568,2030,3249,510,107,240,270,38,69
FR_IDF,2020-04-24,11643,1930,15223,5402,5491,6152,515,1415,6374,8849,2073,3329,544,123,263,281,43,80
FR_IDF,2020-04-25,11494,1897,15630,5467,5420,6074,507,1390,6568,9062,2100,3367,407,65,194,213,27,38
FR_IDF,2020-04-26,11452,1877,15772,5529,5410,6042,497,1380,6629,9143,2124,3405,142,62,61,81,24,38
FR_IDF,2020-04-27,11372,1847,16032,5641,5385,5987,497,1350,6761,9271,2167,3474,260,112,132,128,43,69
FR_IDF,2020-04-28,11237,1791,16350,5738,5338,5899,476,1315,6909,9441,2201,3537,318,97,148,170,34,63
FR_IDF,2020-04-29,11038,1675,17056,5915,5292,5746,443,1232,7229,9827,2272,3643,706,177,320,386,71,106
FR_IDF,2020-04-30,10856,1608,17483,5985,5223,5633,429,1179,7433,10050,2300,3685,427,70,204,223,28,42
FR_IDF,2020-05-01,10733,1564,17730,6024,5196,5537,424,1140,7545,10185,2313,3711,247,39,112,135,13,26
FR_IDF,2020-05-02,10666,1548,17882,6062,5170,5496,426,1122,7617,10265,2327,3735,152,38,72,80,14,24
FR_IDF,2020-05-03,10636,1546,17966,6093,5151,5485,423,1123,7659,10307,2345,3748,84,31,42,42,18,13
FR_IDF,2020-05-04,10521,1497,18195,6185,5105,5416,409,1088,7769,10426,2382,3803,229,92,110,119,37,55
FR_IDF,2020-05-05,10175,1411,18777,6263,4914,5261,378,1033,8084,10693,2431,3832,582,78,315,267,49,29
FR_IDF,2020-05-06,9882,1324,19294,6325,4776,5106,348,976,8349,10945,2452,3873,517,62,265,252,21,41
FR_IDF,2020-05-07,9517,1251,19809,6367,4627,4890,338,913,8586,11223,2468,3899,515,42,237,278,16,26
FR_IDF,2020-05-08,9382,1215,20033,6397,4579,4803,331,884,8691,11342,2472,3925,224,30,105,119,4,26
FR_IDF,2020-05-09,9351,1180,20126,6427,4574,4777,325,855,8729,11397,2482,3945,93,30,38,55,10,20
FR_IDF,2020-05-10,9325,1169,20225,6450,4568,4757,322,847,8783,11442,2493,3957,99,23,54,45,11,12
FR_IDF,2020-05-11,9176,1136,20456,6504,4489,4687,310,826,8900,11556,2523,3981,231,54,117,114,30,24
FR_IDF,2020-05-12,8899,1076,20889,6570,4351,4548,301,775,9113,11776,2552,4018,433,66,213,220,29,37
FR_IDF,2020-05-13,8727,1033,21175,6602,4249,4478,283,750,9261,11914,2569,4033,286,32,148,138,17,15
FR_IDF,2020-05-14,8498,980,21493,6638,4150,4348,264,716,9412,12081,2586,4052,318,36,151,167,17,19
FR_IDF,2020-05-15,8277,941,21789,6669,4031,4246,255,686,9560,12229,2604,4065,296,31,148,148,18,13
FR_IDF,2020-05-16,8126,915,22014,6685,3941,4185,247,668,9684,12330,2615,4070,225,16,124,101,11,5
FR_IDF,2020-05-17,8070,891,22081,6702,3905,4165,238,653,9716,12365,2626,4076,67,17,32,35,11,6
FR_IDF,2020-05-18,7889,822,22314,6740,3828,4061,218,604,9824,12490,2644,4096,233,38,108,125,18,20
FR_IDF,2020-05-19,7656,774,22638,6789,3734,3922,203,571,9980,12658,2663,4126,324,49,156,168,19,30
FR_IDF,2020-05-20,7491,744,22924,6815,3642,3849,194,550,10130,12794,2679,4136,286,26,150,136,16,10
FR_IDF,2020-05-21,7386,727,23094,6838,3605,3781,184,543,10209,12885,2687,4151,170,23,79,91,8,15
FR_IDF,2020-05-22,7297,702,23224,6869,3577,3720,181,521,10260,12964,2695,4174,130,31,51,79,8,23
FR_IDF,2020-05-23,7179,687,23372,6878,3522,3657,180,507,10326,13046,2700,4178,148,9,66,82,5,4
FR_IDF,2020-05-24,7169,685,23395,6889,3519,3650,180,505,10337,13058,2705,4184,23,11,11,12,5,6
FR_IDF,2020-05-25,7021,670,23604,6921,3423,3598,176,494,10464,13140,2717,4204,209,32,127,82,12,20
FR_IDF,2020-05-26,6871,658,23807,6959,3358,3513,175,483,10569,13238,2734,4225,203,38,105,98,17,21
FR_IDF,2020-05-27,6629,641,24070,6985,3244,3385,171,470,10701,13369,2742,4243,263,26,132,131,8,18
FR_IDF,2020-05-28,6485,613,24270,7008,3176,3309,164,449,10808,13462,2748,4260,200,23,107,93,6,17
FR_IDF,2020-05-29,6341,588,24453,7024,3103,3238,157,431,10905,13548,2756,4268,183,16,97,86,8,8
FR_IDF,2020-05-30,6181,569,24646,7062,3037,3144,157,412,11000,13646,2772,4290,193,38,95,98,16,22
FR_IDF,2020-05-31,6137,561,24674,7077,3017,3120,154,407,11014,13660,2778,4299,28,15,14,14,6,9
FR_IDF,2020-06-01,6107,558,24720,7090,3008,3099,157,401,11033,13687,2786,4304,46,13,19,27,8,5
FR_IDF,2020-06-02,6064,548,24806,7118,2994,3070,153,395,11065,13741,2802,4316,86,28,32,54,16,12
FR_IDF,2020-06-03,5834,539,25070,7153,2863,2971,154,385,11211,13859,2822,4331,264,35,146,118,20,15
FR_IDF,2020-06-04,5720,522,25232,7165,2816,2904,149,373,11291,13941,2825,4340,162,12,80,82,3,9
FR_IDF,2020-06-05,5590,501,25389,7176,2766,2824,141,360,11355,14034,2829,4347,157,11,64,93,4,7
FR_IDF,2020-06-06,5452,477,25541,7196,2697,2755,132,345,11428,14113,2842,4354,152,20,73,79,13,7
FR_IDF,2020-06-07,5447,474,25552,7201,2693,2754,132,342,11436,14116,2843,4358,11,5,8,3,1,4
FR_IDF,2020-06-08,5388,459,25622,7215,2657,2731,129,330,11484,14138,2848,4367,70,14,48,22,5,9
FR_IDF,2020-06-09,5254,442,25776,7245,2584,2670,126,316,11569,14207,2862,4383,154,30,85,69,14,16
FR_IDF,2020-06-10,5201,433,25848,7254,2552,2649,127,306,11612,14236,2866,4388,72,9,43,29,4,5
FR_IDF,2020-06-11,5115,426,25964,7266,2509,2606,127,299,11670,14294,2873,4393,116,12,58,58,7,5
FR_IDF,2020-06-12,5000,422,26088,7281,2443,2557,123,299,11734,14354,2881,4400,124,15,64,60,8,7
FR_IDF,2020-06-13,4856,415,26207,7296,2372,2484,124,291,11797,14410,2889,4407,119,15,63,56,8,7
FR_IDF,2020-06-14,4841,412,26223,7299,2367,2474,124,288,11803,14420,2891,4408,16,3,6,10,2,1
FR_IDF,2020-06-15,4784,395,26301,7310,2330,2454,117,278,11850,14451,2896,4414,78,11,47,31,5,6
FR_IDF,2020-06-16,4676,386,26420,7328,2276,2400,115,271,11912,14508,2905,4423,119,18,62,57,9,9
FR_IDF,2020-06-17,4592,354,26506,7339,2234,2358,105,249,11959,14547,2906,4433,86,11,47,39,1,10
FR_IDF,2020-06-18,4544,350,26584,7343,2206,2338,103,247,12007,14577,2907,4436,78,4,48,30,1,3
FR_IDF,2020-06-19,4485,343,26671,7345,2166,2319,100,243,12059,14612,2909,4436,87,2,52,35,2,0
FR_IDF,2020-06-20,4419,339,26748,7353,2147,2272,97,242,12088,14660,2909,4444,77,8,29,48,0,8
FR_IDF,2020-06-21,4409,337,26766,7355,2142,2267,96,241,12098,14668,2911,4444,18,2,10,8,2,0
FR_IDF_75,2020-03-18,356,105,40,14,139,217,35,70,18,22,4,10,,,,,,
FR_IDF_75,2020-03-19,449,122,61,22,170,279,37,85,30,31,6,16,21,8,12,9,2,6
FR_IDF_75,2020-03-20,567,144,97,30,226,341,42,102,44,53,9,21,36,8,14,22,3,5
FR_IDF_75,2020-03-21,639,165,121,36,253,386,47,118,55,66,9,27,24,6,11,13,0,6
FR_IDF_75,2020-03-22,721,195,143,40,274,447,53,142,65,78,10,30,22,4,10,12,1,3
FR_IDF_75,2020-03-23,913,223,195,59,348,565,65,158,86,109,17,42,52,19,21,31,7,12
FR_IDF_75,2020-03-24,1064,284,229,80,396,668,83,201,99,130,20,60,34,21,13,21,3,18
FR_IDF_75,2020-03-25,1275,328,288,112,465,810,91,237,129,159,36,76,59,32,30,29,16,16
FR_IDF_75,2020-03-26,1477,375,349,139,560,917,106,269,153,196,45,94,61,27,24,37,9,18
FR_IDF_75,2020-03-27,1639,440,429,180,631,1008,122,318,182,247,61,119,80,41,29,51,16,25
FR_IDF_75,2020-03-28,1909,518,495,211,721,1188,137,381,213,282,73,138,66,31,31,35,12,19
FR_IDF_75,2020-03-29,2095,570,511,237,768,1327,142,428,219,292,81,156,16,26,6,10,8,18
FR_IDF_75,2020-03-30,2192,596,602,306,834,1358,157,439,258,344,99,207,91,69,39,52,18,51
FR_IDF_75,2020-03-31,2399,657,725,362,921,1478,179,478,305,420,119,243,123,56,47,76,20,36
FR_IDF_75,2020-04-01,2603,715,857,402,986,1617,193,522,358,499,132,270,132,40,53,79,13,27
FR_IDF_75,2020-04-02,2809,778,946,453,1072,1737,207,571,394,552,150,303,89,51,36,53,18,33
FR_IDF_75,2020-04-03,2866,781,1080,509,1106,1760,214,567,436,644,170,339,134,56,42,92,20,36
FR_IDF_75,2020-04-04,2964,807,1199,543,1150,1814,216,591,471,728,184,359,119,34,35,84,14,20
FR_IDF_75,2020-04-05,3038,836,1296,587,1190,1848,220,616,511,785,200,387,97,44,40,57,16,28
FR_IDF_75,2020-04-06,3084,836,1369,640,1224,1860,213,623,534,835,216,424,73,53,23,50,16,37
FR_IDF_75,2020-04-07,3138,847,1493,677,1246,1892,219,628,591,902,228,449,124,37,57,67,12,25
FR_IDF_75,2020-04-08,3124,853,1640,725,1239,1885,219,634,660,980,245,480,147,48,69,78,17,31
FR_IDF_75,2020-04-09,3123,829,1809,763,1233,1890,208,621,732,1077,257,506,169,38,72,97,12,26
FR_IDF_75,2020-04-10,3150,838,1990,832,1257,1893,216,622,807,1183,279,553,181,69,75,106,22,47
FR_IDF_75,2020-04-11,3188,808,2115,859,1294,1894,209,599,849,1266,294,565,125,27,42,83,15,12
FR_IDF_75,2020-04-12,3222,805,2207,904,1330,1892,204,601,885,1322,309,595,92,45,36,56,15,30
FR_IDF_75,2020-04-13,3239,794,2267,951,1349,1890,207,587,902,1365,323,628,60,47,17,43,14,33
FR_IDF_75,2020-04-14,3254,788,2316,994,1364,1890,208,580,924,1392,342,652,49,43,22,27,19,24
FR_IDF_75,2020-04-15,3180,746,2460,1045,1340,1840,195,551,980,1480,367,678,144,51,56,88,25,26
FR_IDF_75,2020-04-16,3075,723,2619,1081,1293,1782,185,538,1044,1575,384,697,159,36,64,95,17,19
FR_IDF_75,2020-04-17,3059,693,2768,1122,1300,1759,178,515,1104,1664,399,723,149,41,60,89,15,26
FR_IDF_75,2020-04-18,2988,681,2902,1150,1268,1720,173,508,1164,1738,412,738,134,28,60,74,13,15
FR_IDF_75,2020-04-19,2913,658,2992,1183,1248,1665,171,487,1201,1791,423,760,90,33,37,53,11,22
FR_IDF_75,2020-04-20,2907,639,3044,1229,1269,1638,166,473,1227,1817,437,792,52,46,26,26,14,32
FR_IDF_75,2020-04-21,2824,610,3183,1263,1248,1576,148,462,1286,1897,451,812,139,34,59,80,14,20
FR_IDF_75,2020-04-22,2753,586,3307,1278,1226,1527,142,444,1342,1965,456,822,124,15,56,68,5,10
FR_IDF_75,2020-04-23,2674,562,3408,1298,1203,1471,139,423,1397,2011,464,834,101,20,55,46,8,12
FR_IDF_75,2020-04-24,2593,555,3508,1315,1169,1424,141,414,1446,2062,470,845,100,17,49,51,6,11
FR_IDF_75,2020-04-25,2538,538,3596,1334,1140,1398,135,403,1484,2112,478,856,88,19,38,50,8,11
FR_IDF_75,2020-04-26,2525,522,3637,1355,1142,1383,127,395,1499,2138,489,866,41,21,15,26,11,10
FR_IDF_75,2020-04-27,2478,512,3704,1376,1114,1364,127,385,1539,2165,501,875,67,21,40,27,12,9
FR_IDF_75,2020-04-28,2419,501,3754,1393,1083,1336,123,378,1561,2193,507,886,50,17,22,28,6,11
FR_IDF_75,2020-04-29,2336,467,3948,1440,1050,1286,121,346,1644,2304,528,912,194,47,83,111,21,26
FR_IDF_75,2020-04-30,2282,454,4047,1460,1017,1265,118,336,1698,2349,536,924,99,20,54,45,8,12
FR_IDF_75,2020-05-01,2221,434,4122,1465,998,1223,116,318,1727,2395,536,929,75,5,29,46,0,5
FR_IDF_75,2020-05-02,2177,428,4181,1479,976,1201,115,313,1754,2427,542,937,59,14,27,32,6,8
FR_IDF_75,2020-05-03,2165,429,4204,1487,965,1200,111,318,1766,2438,546,941,23,8,12,11,4,4
FR_IDF_75,2020-05-04,2144,419,4233,1511,961,1183,108,311,1775,2458,555,956,29,24,9,20,9,15
FR_IDF_75,2020-05-05,2093,403,4315,1536,932,1161,100,303,1819,2496,570,966,82,25,44,38,15,10
FR_IDF_75,2020-05-06,1959,372,4441,1547,881,1078,87,285,1879,2562,571,976,126,11,60,66,1,10
FR_IDF_75,2020-05-07,1852,349,4566,1554,837,1015,88,261,1935,2631,574,980,125,7,56,69,3,4
FR_IDF_75,2020-05-08,1809,339,4632,1556,809,1000,80,259,1972,2660,574,982,66,2,37,29,0,2
FR_IDF_75,2020-05-09,1789,328,4656,1569,801,988,78,250,1984,2672,577,992,24,13,12,12,3,10
FR_IDF_75,2020-05-10,1793,322,4669,1573,804,989,75,247,1992,2677,581,992,13,4,8,5,4,0
FR_IDF_75,2020-05-11,1771,314,4710,1589,779,992,69,245,2016,2694,592,997,41,16,24,17,11,5
FR_IDF_75,2020-05-12,1735,305,4779,1593,763,972,74,231,2054,2725,592,1001,69,4,38,31,0,4
FR_IDF_75,2020-05-13,1693,291,4831,1597,743,950,68,223,2074,2757,593,1004,52,4,20,32,1,3
FR_IDF_75,2020-05-14,1611,272,4904,1601,707,904,62,210,2111,2793,594,1007,73,4,37,36,1,3
FR_IDF_75,2020-05-15,1554,264,4967,1606,674,880,62,202,2148,2819,595,1011,63,5,37,26,1,4
FR_IDF_75,2020-05-16,1541,259,4987,1607,666,875,61,198,2156,2831,595,1012,20,1,8,12,0,1
FR_IDF_75,2020-05-17,1529,246,5000,1608,660,869,57,189,2163,2837,595,1013,13,1,7,6,0,1
FR_IDF_75,2020-05-18,1499,232,5031,1620,652,847,54,178,2179,2852,599,1021,31,12,16,15,4,8
FR_IDF_75,2020-05-19,1403,232,5123,1632,616,787,54,178,2212,2911,604,1028,92,12,33,59,5,7
FR_IDF_75,2020-05-20,1348,232,5186,1634,588,760,55,177,2247,2939,606,1028,63,2,35,28,2,0
FR_IDF_75,2020-05-21,1300,220,5229,1642,563,737,46,174,2271,2958,609,1033,43,8,24,19,3,5
FR_IDF_75,2020-05-22,1277,209,5248,1653,556,721,45,164,2279,2969,612,1041,19,11,8,11,3,8
FR_IDF_75,2020-05-23,1221,202,5297,1656,531,690,45,157,2300,2997,613,1043,49,3,21,28,1,2
FR_IDF_75,2020-05-24,1215,202,5303,1659,529,686,47,155,2304,2999,614,1045,6,3,4,2,1,2
FR_IDF_75,2020-05-25,1181,196,5333,1665,503,678,44,152,2327,3006,618,1047,30,6,23,7,4,2
FR_IDF_75,2020-05-26,1145,194,5376,1669,489,656,43,151,2350,3026,620,1049,43,4,23,20,2,2
FR_IDF_75,2020-05-27,1028,183,5481,1673,433,595,40,143,2402,3079,621,1052,105,4,52,53,1,3
FR_IDF_75,2020-05-28,976,170,5527,1682,416,560,37,133,2422,3105,621,1061,46,9,20,26,0,9
FR_IDF_75,2020-05-29,944,161,5556,1685,410,534,36,125,2433,3123,622,1063,29,3,11,18,1,2
FR_IDF_75,2020-05-30,930,161,5580,1685,403,527,36,125,2445,3135,622,1063,24,0,12,12,0,0
FR_IDF_75,2020-05-31,922,161,5590,1687,401,521,37,124,2448,3142,623,1064,10,2,3,7,1,1
FR_IDF_75,2020-06-01,915,159,5603,1688,396,519,37,122,2455,3148,624,1064,13,1,7,6,1,0
FR_IDF_75,2020-06-02,904,158,5619,1688,394,510,36,122,2460,3159,624,1064,16,0,5,11,0,0
FR_IDF_75,2020-06-03,876,152,5647,1690,383,493,36,116,2474,3173,625,1065,28,2,14,14,1,1
FR_IDF_75,2020-06-04,862,147,5660,1692,378,484,34,113,2481,3179,626,1066,13,2,7,6,1,1
FR_IDF_75,2020-06-05,827,140,5701,1694,365,462,32,108,2494,3207,626,1068,41,2,13,28,0,2
FR_IDF_75,2020-06-06,804,126,5720,1697,353,451,29,97,2504,3216,626,1071,19,3,10,9,0,3
FR_IDF_75,2020-06-07,806,128,5723,1697,352,454,30,98,2506,3217,626,1071,3,0,2,1,0,0
FR_IDF_75,2020-06-08,792,126,5741,1697,344,448,30,96,2517,3224,626,1071,18,0,11,7,0,0
FR_IDF_75,2020-06-09,769,121,5759,1703,330,439,28,93,2529,3230,627,1076,18,6,12,6,1,5
FR_IDF_75,2020-06-10,772,117,5769,1704,330,442,26,91,2534,3235,627,1077,10,1,5,5,0,1
FR_IDF_75,2020-06-11,745,112,5799,1708,321,424,27,85,2549,3250,628,1080,30,4,15,15,1,3
FR_IDF_75,2020-06-12,731,112,5805,1715,310,421,25,87,2554,3251,632,1083,6,7,5,1,4,3
FR_IDF_75,2020-06-13,705,110,5816,1722,302,403,26,84,2556,3260,636,1086,11,7,2,9,4,3
FR_IDF_75,2020-06-14,706,110,5816,1722,303,403,26,84,2556,3260,636,1086,0,0,0,0,0,0
FR_IDF_75,2020-06-15,693,107,5830,1724,299,394,26,81,2561,3269,636,1088,14,2,5,9,0,2
FR_IDF_75,2020-06-16,667,106,5857,1724,287,380,26,80,2574,3283,636,1088,27,0,13,14,0,0
FR_IDF_75,2020-06-17,623,82,5894,1729,268,355,18,64,2593,3301,636,1093,37,5,19,18,0,5
FR_IDF_75,2020-06-18,619,80,5904,1731,268,351,17,63,2599,3305,637,1094,10,2,6,4,1,1
FR_IDF_75,2020-06-19,614,79,5912,1731,262,352,16,63,2605,3307,637,1094,8,0,6,2,0,0
FR_IDF_75,2020-06-20,611,78,5917,1732,262,349,15,63,2605,3312,638,1094,5,1,0,5,1,0
FR_IDF_75,2020-06-21,610,78,5919,1732,261,349,15,63,2607,3312,638,1094,2,0,2,0,0,0
FR_IDF_77,2020-03-18,25,13,10,0,10,15,1,12,4,6,0,0,,,,,,
FR_IDF_77,2020-03-19,48,13,15,0,17,31,3,10,8,7,0,0,5,0,4,1,0,0
FR_IDF_77,2020-03-20,79,31,21,2,26,53,5,26,10,11,1,1,6,2,2,4,1,1
FR_IDF_77,2020-03-21,89,36,21,3,30,59,7,29,10,11,1,2,0,1,0,0,0,1
FR_IDF_77,2020-03-22,127,41,23,3,39,88,9,32,12,11,1,2,2,0,2,0,0,0
FR_IDF_77,2020-03-23,160,53,40,3,49,111,13,40,20,20,1,2,17,0,8,9,0,0
FR_IDF_77,2020-03-24,167,65,57,11,57,110,20,45,29,28,2,9,17,8,9,8,1,7
FR_IDF_77,2020-03-25,214,77,69,15,82,132,28,49,33,36,3,12,12,4,4,8,1,3
FR_IDF_77,2020-03-26,269,97,85,20,100,169,33,64,44,41,6,14,16,5,11,5,3,2
FR_IDF_77,2020-03-27,319,109,108,21,120,199,41,68,52,56,6,15,23,1,8,15,0,1
FR_IDF_77,2020-03-28,382,115,125,31,152,230,44,71,58,67,9,22,17,10,6,11,3,7
FR_IDF_77,2020-03-29,414,112,139,33,161,253,39,73,64,75,10,23,14,2,6,8,1,1
FR_IDF_77,2020-03-30,464,137,160,45,177,287,46,91,74,86,17,28,21,12,10,11,7,5
FR_IDF_77,2020-03-31,529,146,202,63,206,323,53,93,90,112,24,39,42,18,16,26,7,11
FR_IDF_77,2020-04-01,561,159,261,81,217,344,52,107,113,148,30,51,59,18,23,36,6,12
FR_IDF_77,2020-04-02,615,169,306,95,233,382,52,117,134,172,39,56,45,14,21,24,9,5
FR_IDF_77,2020-04-03,690,183,350,107,274,416,54,129,150,200,44,63,44,12,16,28,5,7
FR_IDF_77,2020-04-04,666,176,419,121,257,409,52,124,180,239,50,71,69,14,30,39,6,8
FR_IDF_77,2020-04-05,701,185,434,126,269,432,55,130,186,248,52,74,15,5,6,9,2,3
FR_IDF_77,2020-04-06,684,187,489,149,254,430,53,134,207,282,65,84,55,23,21,34,13,10
FR_IDF_77,2020-04-07,731,189,543,161,278,453,57,132,232,311,69,92,54,12,25,29,4,8
FR_IDF_77,2020-04-08,724,195,628,178,286,438,62,133,262,366,73,105,85,17,30,55,4,13
FR_IDF_77,2020-04-09,741,198,718,197,296,445,60,138,300,418,79,118,90,19,38,52,6,13
FR_IDF_77,2020-04-10,771,205,772,213,308,463,61,144,328,444,84,129,54,16,28,26,5,11
FR_IDF_77,2020-04-11,788,201,799,223,319,469,63,138,342,457,87,136,27,10,14,13,3,7
FR_IDF_77,2020-04-12,801,205,823,230,324,477,66,139,351,472,89,141,24,7,9,15,2,5
FR_IDF_77,2020-04-13,819,204,842,240,332,487,64,140,355,487,93,147,19,10,4,15,4,6
FR_IDF_77,2020-04-14,822,208,888,269,335,487,68,140,373,515,104,165,46,29,18,28,11,18
FR_IDF_77,2020-04-15,828,192,959,286,352,476,64,128,394,565,114,172,71,17,21,50,10,7
FR_IDF_77,2020-04-16,832,179,1037,306,376,456,61,118,418,619,127,179,78,20,24,54,13,7
FR_IDF_77,2020-04-17,837,177,1112,325,375,462,56,121,450,662,134,191,75,19,32,43,7,12
FR_IDF_77,2020-04-18,762,174,1234,351,341,421,53,121,509,725,146,205,122,26,59,63,12,14
FR_IDF_77,2020-04-19,767,169,1259,362,343,424,49,120,522,737,148,214,25,11,13,12,2,9
FR_IDF_77,2020-04-20,745,156,1302,379,331,414,48,108,543,759,152,227,43,17,21,22,4,13
FR_IDF_77,2020-04-21,721,150,1360,396,331,390,48,102,566,794,155,241,58,17,23,35,3,14
FR_IDF_77,2020-04-22,714,148,1401,416,325,389,45,103,583,818,168,248,41,20,17,24,13,7
FR_IDF_77,2020-04-23,688,149,1456,425,311,377,43,106,612,844,173,252,55,9,29,26,5,4
FR_IDF_77,2020-04-24,692,147,1506,436,314,378,40,107,633,873,178,258,50,11,21,29,5,6
FR_IDF_77,2020-04-25,697,146,1541,440,315,382,39,107,651,890,178,262,35,4,18,17,0,4
FR_IDF_77,2020-04-26,687,146,1560,447,307,380,38,108,662,898,179,268,19,7,11,8,1,6
FR_IDF_77,2020-04-27,690,146,1573,457,301,389,38,108,672,901,182,275,13,10,10,3,3,7
FR_IDF_77,2020-04-28,674,137,1599,470,305,369,35,102,679,920,188,282,26,13,7,19,6,7
FR_IDF_77,2020-04-29,665,130,1679,486,304,361,33,97,718,961,192,294,80,16,39,41,4,12
FR_IDF_77,2020-04-30,667,136,1713,490,307,360,35,101,733,980,193,297,34,4,15,19,1,3
FR_IDF_77,2020-05-01,667,131,1730,496,311,356,34,97,737,993,194,302,17,6,4,13,1,5
FR_IDF_77,2020-05-02,663,128,1748,502,314,349,36,92,742,1006,196,306,18,6,5,13,2,4
FR_IDF_77,2020-05-03,653,126,1756,506,309,344,35,91,745,1011,198,308,8,4,3,5,2,2
FR_IDF_77,2020-05-04,640,113,1779,523,311,329,32,81,752,1027,203,320,23,17,7,16,5,12
FR_IDF_77,2020-05-05,630,107,1837,528,298,332,31,76,789,1048,205,323,58,5,37,21,2,3
FR_IDF_77,2020-05-06,638,104,1871,535,298,340,29,75,808,1063,209,326,34,7,19,15,4,3
FR_IDF_77,2020-05-07,565,103,1954,545,263,302,29,74,845,1109,215,330,83,10,37,46,6,4
FR_IDF_77,2020-05-08,560,103,1971,545,264,296,28,75,851,1120,215,330,17,0,6,11,0,0
FR_IDF_77,2020-05-09,568,101,1988,551,277,291,29,72,856,1132,216,335,17,6,5,12,1,5
FR_IDF_77,2020-05-10,561,100,1993,552,273,288,30,70,860,1133,216,336,5,1,4,1,0,1
FR_IDF_77,2020-05-11,562,93,1999,560,273,289,28,65,860,1139,219,341,6,8,0,6,3,5
FR_IDF_77,2020-05-12,559,84,2034,565,272,287,25,59,874,1160,221,344,35,5,14,21,2,3
FR_IDF_77,2020-05-13,548,80,2062,566,264,284,23,57,891,1171,222,344,28,1,17,11,1,0
FR_IDF_77,2020-05-14,539,80,2083,573,260,279,22,58,903,1180,226,347,21,7,12,9,4,3
FR_IDF_77,2020-05-15,524,78,2102,581,246,278,21,57,914,1188,232,349,19,8,11,8,6,2
FR_IDF_77,2020-05-16,519,80,2129,581,247,272,22,58,924,1205,232,349,27,0,10,17,0,0
FR_IDF_77,2020-05-17,509,77,2144,582,242,267,22,55,931,1213,232,350,15,1,7,8,0,1
FR_IDF_77,2020-05-18,500,73,2154,586,238,262,21,52,935,1219,234,352,10,4,4,6,2,2
FR_IDF_77,2020-05-19,491,72,2167,592,235,256,21,51,943,1224,235,357,13,6,8,5,1,5
FR_IDF_77,2020-05-20,489,71,2193,595,235,254,20,51,954,1239,237,358,26,3,11,15,2,1
FR_IDF_77,2020-05-21,476,70,2213,601,232,244,20,50,964,1249,238,363,20,6,10,10,1,5
FR_IDF_77,2020-05-22,477,70,2214,601,232,245,20,50,964,1250,238,363,1,0,0,1,0,0
FR_IDF_77,2020-05-23,464,69,2230,603,224,240,20,49,974,1256,239,364,16,2,10,6,1,1
FR_IDF_77,2020-05-24,458,67,2236,605,222,236,20,47,976,1260,239,366,6,2,2,4,0,2
FR_IDF_77,2020-05-25,467,64,2247,615,224,243,20,44,981,1266,241,374,11,10,5,6,2,8
FR_IDF_77,2020-05-26,461,62,2259,624,220,241,17,45,984,1275,246,378,12,9,3,9,5,4
FR_IDF_77,2020-05-27,444,57,2281,629,212,232,15,42,993,1288,249,380,22,5,9,13,3,2
FR_IDF_77,2020-05-28,434,57,2300,631,205,229,14,43,1003,1297,250,381,19,2,10,9,1,1
FR_IDF_77,2020-05-29,421,54,2327,633,201,220,14,40,1013,1314,251,382,27,2,10,17,1,1
FR_IDF_77,2020-05-30,412,51,2351,638,199,213,16,35,1025,1326,253,385,24,5,12,12,2,3
FR_IDF_77,2020-05-31,411,49,2352,638,198,213,15,34,1026,1326,253,385,1,0,1,0,0,0
FR_IDF_77,2020-06-01,410,49,2353,640,198,212,15,34,1026,1327,254,386,1,2,0,1,1,1
FR_IDF_77,2020-06-02,416,55,2357,645,203,213,16,39,1027,1330,256,389,4,5,1,3,2,3
FR_IDF_77,2020-06-03,413,57,2370,651,201,212,16,41,1034,1336,259,392,13,6,7,6,3,3
FR_IDF_77,2020-06-04,414,54,2384,652,203,211,15,39,1040,1344,259,393,14,1,6,8,0,1
FR_IDF_77,2020-06-05,412,52,2398,652,205,207,14,38,1045,1353,259,393,14,0,5,9,0,0
FR_IDF_77,2020-06-06,397,50,2415,656,200,197,12,38,1050,1365,262,394,17,4,5,12,3,1
FR_IDF_77,2020-06-07,397,49,2415,658,201,196,12,37,1050,1365,263,395,0,2,0,0,1,1
FR_IDF_77,2020-06-08,383,48,2427,663,193,190,12,36,1058,1369,265,398,12,5,8,4,2,3
FR_IDF_77,2020-06-09,381,47,2428,665,192,189,12,35,1059,1369,266,399,1,2,1,0,1,1
FR_IDF_77,2020-06-10,360,47,2450,669,181,179,15,32,1072,1378,267,402,22,4,13,9,1,3
FR_IDF_77,2020-06-11,357,49,2457,670,179,178,14,35,1075,1382,267,403,7,1,3,4,0,1
FR_IDF_77,2020-06-12,343,50,2475,672,171,172,15,35,1084,1391,268,404,18,2,9,9,1,1
FR_IDF_77,2020-06-13,338,49,2479,672,169,169,15,34,1086,1393,268,404,4,0,2,2,0,0
FR_IDF_77,2020-06-14,335,49,2482,672,169,166,15,34,1086,1396,268,404,3,0,0,3,0,0
FR_IDF_77,2020-06-15,332,45,2484,672,168,164,12,33,1087,1397,268,404,2,0,1,1,0,0
FR_IDF_77,2020-06-16,326,43,2499,674,164,162,12,31,1095,1404,268,406,15,2,8,7,0,2
FR_IDF_77,2020-06-17,320,42,2505,675,162,158,12,30,1098,1407,268,407,6,1,3,3,0,1
FR_IDF_77,2020-06-18,313,42,2510,675,161,152,13,29,1099,1411,268,407,5,0,1,4,0,0
FR_IDF_77,2020-06-19,298,37,2529,677,155,143,13,24,1106,1423,270,407,19,2,7,12,2,0
FR_IDF_77,2020-06-20,291,36,2536,677,151,140,13,23,1111,1425,269,408,7,0,5,2,-1,1
FR_IDF_77,2020-06-21,291,36,2536,677,151,140,13,23,1111,1425,269,408,0,0,0,0,0,0
FR_IDF_78,2020-03-18,69,18,5,5,35,34,7,11,3,2,1,4,,,,,,
FR_IDF_78,2020-03-19,92,20,7,6,42,50,7,13,5,2,1,5,2,1,2,0,0,1
FR_IDF_78,2020-03-20,136,33,16,11,63,73,12,21,9,7,5,6,9,5,4,5,4,1
FR_IDF_78,2020-03-21,172,39,30,13,79,93,14,25,16,14,6,7,14,2,7,7,1,1
FR_IDF_78,2020-03-22,203,43,34,13,88,115,14,29,17,17,6,7,4,0,1,3,0,0
FR_IDF_78,2020-03-23,223,49,41,17,94,129,14,35,17,24,8,9,7,4,0,7,2,2
FR_IDF_78,2020-03-24,290,71,59,25,119,171,21,50,23,36,10,15,18,8,6,12,2,6
FR_IDF_78,2020-03-25,325,87,86,37,126,199,23,64,38,48,15,22,27,12,15,12,5,7
FR_IDF_78,2020-03-26,409,99,112,43,149,260,25,74,48,64,18,25,26,6,10,16,3,3
FR_IDF_78,2020-03-27,446,100,135,53,170,276,23,77,55,80,20,33,23,10,7,16,2,8
FR_IDF_78,2020-03-28,507,119,169,61,189,318,27,92,69,100,25,36,34,8,14,20,5,3
FR_IDF_78,2020-03-29,554,125,186,69,215,339,30,95,81,105,26,43,17,8,12,5,1,7
FR_IDF_78,2020-03-30,590,137,230,80,235,355,34,103,99,131,27,53,44,11,18,26,1,10
FR_IDF_78,2020-03-31,702,158,285,97,287,415,38,120,121,164,35,62,55,17,22,33,8,9
FR_IDF_78,2020-04-01,810,178,344,118,336,474,42,136,143,201,45,73,59,21,22,37,10,11
FR_IDF_78,2020-04-02,831,180,391,136,328,503,43,137,165,226,53,83,47,18,22,25,8,10
FR_IDF_78,2020-04-03,851,184,433,153,340,511,43,141,184,249,63,90,42,17,19,23,10,7
FR_IDF_78,2020-04-04,905,188,451,167,369,536,48,140,189,262,66,101,18,14,5,13,3,11
FR_IDF_78,2020-04-05,900,184,467,174,368,532,46,138,197,270,70,104,16,7,8,8,4,3
FR_IDF_78,2020-04-06,953,183,511,194,402,551,48,135,215,296,77,117,44,20,18,26,7,13
FR_IDF_78,2020-04-07,982,187,548,208,418,564,50,137,232,316,81,127,37,14,17,20,4,10
FR_IDF_78,2020-04-08,1026,191,594,218,432,594,49,142,250,344,84,134,46,10,18,28,3,7
FR_IDF_78,2020-04-09,1022,184,644,234,426,596,47,137,270,374,90,144,50,16,20,30,6,10
FR_IDF_78,2020-04-10,1029,189,682,248,420,609,45,144,287,395,98,150,38,14,17,21,8,6
FR_IDF_78,2020-04-11,1045,188,719,256,435,610,44,144,302,417,101,155,37,8,15,22,3,5
FR_IDF_78,2020-04-12,1052,186,735,266,445,607,45,141,307,428,104,162,16,10,5,11,3,7
FR_IDF_78,2020-04-13,1059,181,770,274,457,602,44,137,319,451,108,166,35,8,12,23,4,4
FR_IDF_78,2020-04-14,1043,181,810,289,458,585,44,137,338,472,111,178,40,15,19,21,3,12
FR_IDF_78,2020-04-15,1012,173,880,303,450,562,41,132,374,506,119,184,70,14,36,34,8,6
FR_IDF_78,2020-04-16,977,161,945,314,440,537,40,121,407,538,123,191,65,11,33,32,4,7
FR_IDF_78,2020-04-17,962,152,992,325,436,526,37,115,425,567,128,197,47,11,18,29,5,6
FR_IDF_78,2020-04-18,873,138,1099,331,407,466,32,106,469,630,131,200,107,6,44,63,3,3
FR_IDF_78,2020-04-19,885,137,1108,331,412,473,33,104,476,632,131,200,9,0,7,2,0,0
FR_IDF_78,2020-04-20,891,134,1130,354,425,466,31,103,481,649,142,212,22,23,5,17,11,12
FR_IDF_78,2020-04-21,880,134,1170,369,432,448,30,104,497,673,145,224,40,15,16,24,3,12
FR_IDF_78,2020-04-22,882,129,1203,376,432,450,29,100,515,688,147,229,33,7,18,15,2,5
FR_IDF_78,2020-04-23,848,123,1242,384,424,424,24,99,533,709,149,235,39,8,18,21,2,6
FR_IDF_78,2020-04-24,839,123,1284,396,422,417,25,98,554,730,153,243,42,12,21,21,4,8
FR_IDF_78,2020-04-25,822,120,1313,398,413,409,26,94,569,744,153,245,29,2,15,14,0,2
FR_IDF_78,2020-04-26,827,121,1318,399,416,411,26,95,569,749,154,245,5,1,0,5,1,0
FR_IDF_78,2020-04-27,818,114,1332,406,410,408,23,91,574,758,158,248,14,7,5,9,4,3
FR_IDF_78,2020-04-28,850,110,1338,413,436,414,22,88,576,762,160,253,6,7,2,4,2,5
FR_IDF_78,2020-04-29,822,104,1386,425,424,398,19,85,603,783,164,261,48,12,27,21,4,8
FR_IDF_78,2020-04-30,796,95,1434,428,412,384,17,78,629,805,165,263,48,3,26,22,1,2
FR_IDF_78,2020-05-01,786,94,1456,431,410,376,17,77,640,816,166,265,22,3,11,11,1,2
FR_IDF_78,2020-05-02,796,91,1465,431,416,380,16,75,646,819,166,265,9,0,6,3,0,0
FR_IDF_78,2020-05-03,792,91,1466,432,416,376,15,76,646,820,166,266,1,1,0,1,0,1
FR_IDF_78,2020-05-04,788,89,1477,437,417,371,15,74,652,825,168,269,11,5,6,5,2,3
FR_IDF_78,2020-05-05,760,82,1513,442,411,349,13,69,666,847,168,274,36,5,14,22,0,5
FR_IDF_78,2020-05-06,755,75,1526,444,408,347,11,64,674,852,169,275,13,2,8,5,1,1
FR_IDF_78,2020-05-07,743,73,1548,447,403,340,10,63,684,864,171,276,22,3,10,12,2,1
FR_IDF_78,2020-05-08,740,73,1559,447,401,339,9,64,690,869,171,276,11,0,6,5,0,0
FR_IDF_78,2020-05-09,734,70,1569,447,398,336,8,62,694,875,171,276,10,0,4,6,0,0
FR_IDF_78,2020-05-10,733,68,1577,447,399,334,8,60,698,879,171,276,8,0,4,4,0,0
FR_IDF_78,2020-05-11,715,67,1596,454,386,329,8,59,710,886,175,279,19,7,12,7,4,3
FR_IDF_78,2020-05-12,692,60,1646,455,367,325,8,52,739,907,175,280,50,1,29,21,0,1
FR_IDF_78,2020-05-13,680,61,1670,456,357,323,8,53,755,915,176,280,24,1,16,8,1,0
FR_IDF_78,2020-05-14,668,51,1694,458,349,319,4,47,773,921,176,282,24,2,18,6,0,2
FR_IDF_78,2020-05-15,648,49,1728,460,329,319,4,45,800,928,177,283,34,2,27,7,1,1
FR_IDF_78,2020-05-16,624,47,1754,462,315,309,3,44,815,939,178,284,26,2,15,11,1,1
FR_IDF_78,2020-05-17,626,48,1754,463,314,312,3,45,815,939,179,284,0,1,0,0,1,0
FR_IDF_78,2020-05-18,625,48,1760,465,314,311,3,45,819,941,181,284,6,2,4,2,2,0
FR_IDF_78,2020-05-19,630,47,1783,468,313,317,3,44,834,949,183,285,23,3,15,8,2,1
FR_IDF_78,2020-05-20,623,46,1800,471,308,315,4,42,842,958,185,286,17,3,8,9,2,1
FR_IDF_78,2020-05-21,632,45,1801,472,314,318,3,42,843,958,186,286,1,1,1,0,1,0
FR_IDF_78,2020-05-22,610,41,1825,475,308,302,2,39,853,972,186,289,24,3,10,14,0,3
FR_IDF_78,2020-05-23,610,40,1828,476,306,304,2,38,855,973,186,290,3,1,2,1,0,1
FR_IDF_78,2020-05-24,610,40,1828,476,306,304,2,38,855,973,186,290,0,0,0,0,0,0
FR_IDF_78,2020-05-25,591,40,1847,478,302,289,2,38,860,987,186,292,19,2,5,14,0,2
FR_IDF_78,2020-05-26,594,38,1855,486,301,293,1,37,864,991,190,296,8,8,4,4,4,4
FR_IDF_78,2020-05-27,591,37,1864,488,301,290,1,36,870,994,190,298,9,2,6,3,0,2
FR_IDF_78,2020-05-28,583,38,1881,489,294,289,1,37,882,999,190,299,17,1,12,5,0,1
FR_IDF_78,2020-05-29,576,37,1887,491,290,286,1,36,886,1001,192,299,6,2,4,2,2,0
FR_IDF_78,2020-05-30,574,37,1890,492,288,286,1,36,888,1002,192,300,3,1,2,1,0,1
FR_IDF_78,2020-05-31,571,36,1892,493,288,283,1,35,888,1004,192,301,2,1,0,2,0,1
FR_IDF_78,2020-06-01,570,36,1893,493,287,283,1,35,889,1004,192,301,1,0,1,0,0,0
FR_IDF_78,2020-06-02,569,37,1900,495,287,282,2,35,891,1009,194,301,7,2,2,5,2,0
FR_IDF_78,2020-06-03,538,35,1935,496,268,270,2,33,911,1024,195,301,35,1,20,15,1,0
FR_IDF_78,2020-06-04,522,34,1951,497,256,266,2,32,924,1027,195,302,16,1,13,3,0,1
FR_IDF_78,2020-06-05,508,32,1965,497,249,259,2,30,931,1034,195,302,14,0,7,7,0,0
FR_IDF_78,2020-06-06,499,32,1980,501,243,256,2,30,941,1039,197,304,15,4,10,5,2,2
FR_IDF_78,2020-06-07,499,32,1980,501,243,256,2,30,941,1039,197,304,0,0,0,0,0,0
FR_IDF_78,2020-06-08,500,31,1985,503,241,259,2,29,945,1040,197,306,5,2,4,1,0,2
FR_IDF_78,2020-06-09,483,30,2000,506,235,248,3,27,952,1048,197,309,15,3,7,8,0,3
FR_IDF_78,2020-06-10,482,28,2002,506,234,248,3,25,954,1048,197,309,2,0,2,0,0,0
FR_IDF_78,2020-06-11,476,27,2013,507,230,246,3,24,961,1052,198,309,11,1,7,4,1,0
FR_IDF_78,2020-06-12,469,26,2020,507,228,241,3,23,963,1057,198,309,7,0,2,5,0,0
FR_IDF_78,2020-06-13,469,26,2022,508,230,239,3,23,964,1058,198,310,2,1,1,1,0,1
FR_IDF_78,2020-06-14,469,26,2022,508,230,239,3,23,964,1058,198,310,0,0,0,0,0,0
FR_IDF_78,2020-06-15,465,26,2026,508,228,237,3,23,966,1060,198,310,4,0,2,2,0,0
FR_IDF_78,2020-06-16,458,26,2030,509,222,236,3,23,970,1060,198,311,4,1,4,0,0,1
FR_IDF_78,2020-06-17,460,25,2031,510,223,237,3,22,970,1061,198,312,1,1,0,1,0,1
FR_IDF_78,2020-06-18,457,25,2034,510,220,237,3,22,972,1062,198,312,3,0,2,1,0,0
FR_IDF_78,2020-06-19,453,25,2038,510,219,234,3,22,973,1065,198,312,4,0,1,3,0,0
FR_IDF_78,2020-06-20,453,25,2039,510,220,233,3,22,973,1066,198,312,1,0,0,1,0,0
FR_IDF_78,2020-06-21,444,24,2052,512,215,229,2,22,980,1072,200,312,13,2,7,6,2,0
FR_IDF_91,2020-03-18,51,16,0,1,16,35,5,11,0,0,1,0,,,,,,
FR_IDF_91,2020-03-19,82,22,4,1,29,53,7,15,2,2,1,0,4,0,2,2,0,0
FR_IDF_91,2020-03-20,121,28,7,3,46,75,8,20,3,4,1,2,3,2,1,2,0,2
FR_IDF_91,2020-03-21,150,35,8,5,60,90,12,23,3,5,1,4,1,2,0,1,0,2
FR_IDF_91,2020-03-22,195,47,12,4,76,119,16,31,5,7,1,3,4,-1,2,2,0,-1
FR_IDF_91,2020-03-23,252,66,18,4,97,155,20,46,9,9,1,3,6,0,4,2,0,0
FR_IDF_91,2020-03-24,293,70,37,8,118,175,20,50,19,18,1,7,19,4,10,9,0,4
FR_IDF_91,2020-03-25,359,79,58,12,142,217,24,55,23,35,3,9,21,4,4,17,2,2
FR_IDF_91,2020-03-26,415,93,68,15,162,253,30,63,29,39,5,10,10,3,6,4,2,1
FR_IDF_91,2020-03-27,452,100,80,18,175,277,31,69,35,45,6,12,12,3,6,6,1,2
FR_IDF_91,2020-03-28,508,122,112,21,200,308,33,89,47,65,8,13,32,3,12,20,2,1
FR_IDF_91,2020-03-29,519,124,126,33,202,317,32,92,49,77,15,18,14,12,2,12,7,5
FR_IDF_91,2020-03-30,577,138,133,43,228,349,36,102,51,82,19,24,7,10,2,5,4,6
FR_IDF_91,2020-03-31,636,161,152,52,246,390,38,123,58,94,23,29,19,9,7,12,4,5
FR_IDF_91,2020-04-01,684,172,166,63,275,409,43,129,60,106,24,39,14,11,2,12,1,10
FR_IDF_91,2020-04-02,750,180,196,79,303,447,46,134,72,124,28,51,30,16,12,18,4,12
FR_IDF_91,2020-04-03,823,182,227,91,351,472,45,137,84,143,31,60,31,12,12,19,3,9
FR_IDF_91,2020-04-04,900,189,251,105,393,507,51,138,96,155,39,66,24,14,12,12,8,6
FR_IDF_91,2020-04-05,918,193,274,114,407,511,54,139,104,170,42,72,23,9,8,15,3,6
FR_IDF_91,2020-04-06,930,201,306,138,414,516,58,143,119,187,52,86,32,24,15,17,10,14
FR_IDF_91,2020-04-07,944,209,363,146,409,535,61,148,143,220,55,91,57,8,24,33,3,5
FR_IDF_91,2020-04-08,1106,215,394,162,491,615,66,149,158,236,59,103,31,16,15,16,4,12
FR_IDF_91,2020-04-09,1114,217,466,175,497,617,68,149,189,277,63,112,72,13,31,41,4,9
FR_IDF_91,2020-04-10,1166,227,515,190,525,641,71,156,209,306,70,120,49,15,20,29,7,8
FR_IDF_91,2020-04-11,1188,230,556,201,543,645,70,160,221,335,74,127,41,11,12,29,4,7
FR_IDF_91,2020-04-12,1206,228,579,211,553,653,71,157,232,347,81,130,23,10,11,12,7,3
FR_IDF_91,2020-04-13,1207,231,585,218,557,650,72,159,233,352,85,133,6,7,1,5,4,3
FR_IDF_91,2020-04-14,1195,225,624,245,562,633,72,153,243,381,97,148,39,27,10,29,12,15
FR_IDF_91,2020-04-15,1148,195,695,258,543,605,55,140,274,421,103,155,71,13,31,40,6,7
FR_IDF_91,2020-04-16,1150,195,744,271,552,598,57,138,292,452,109,162,49,13,18,31,6,7
FR_IDF_91,2020-04-17,1175,182,784,295,572,603,54,128,304,480,116,179,40,24,12,28,7,17
FR_IDF_91,2020-04-18,1156,177,819,303,569,587,55,122,321,498,119,184,35,8,17,18,3,5
FR_IDF_91,2020-04-19,1172,176,823,310,579,593,54,122,322,501,123,187,4,7,1,3,4,3
FR_IDF_91,2020-04-20,1179,181,837,320,580,599,55,126,328,509,130,190,14,10,6,8,7,3
FR_IDF_91,2020-04-21,1164,176,888,338,579,585,54,122,351,537,137,201,51,18,23,28,7,11
FR_IDF_91,2020-04-22,1164,178,912,347,585,579,56,122,358,554,141,206,24,9,7,17,4,5
FR_IDF_91,2020-04-23,1131,172,974,359,573,558,61,111,386,588,145,214,62,12,28,34,4,8
FR_IDF_91,2020-04-24,1157,165,1014,371,603,554,61,104,399,615,150,221,40,12,13,27,5,7
FR_IDF_91,2020-04-25,1184,167,1038,374,623,561,60,107,406,632,152,222,24,3,7,17,2,1
FR_IDF_91,2020-04-26,1181,165,1042,376,621,560,61,104,408,634,153,223,4,2,2,2,1,1
FR_IDF_91,2020-04-27,1171,161,1070,385,620,551,59,102,421,649,157,228,28,9,13,15,4,5
FR_IDF_91,2020-04-28,1156,155,1110,389,610,546,55,100,442,668,159,230,40,4,21,19,2,2
FR_IDF_91,2020-04-29,1164,152,1179,403,611,553,54,98,479,700,163,240,69,14,37,32,4,10
FR_IDF_91,2020-04-30,1173,145,1218,414,619,554,50,95,500,718,168,246,39,11,21,18,5,6
FR_IDF_91,2020-05-01,1160,143,1237,417,608,552,48,95,514,723,169,248,19,3,14,5,1,2
FR_IDF_91,2020-05-02,1165,144,1240,417,613,552,48,96,514,726,169,248,3,0,0,3,0,0
FR_IDF_91,2020-05-03,1170,147,1242,420,618,552,52,95,515,727,171,249,2,3,1,1,2,1
FR_IDF_91,2020-05-04,1154,139,1265,425,611,543,46,93,525,740,174,251,23,5,10,13,3,2
FR_IDF_91,2020-05-05,1044,130,1378,430,552,492,44,86,586,792,178,252,113,5,61,52,4,1
FR_IDF_91,2020-05-06,972,122,1465,439,498,474,39,83,645,820,182,257,87,9,59,28,4,5
FR_IDF_91,2020-05-07,960,117,1500,441,486,474,38,79,664,836,183,258,35,2,19,16,1,1
FR_IDF_91,2020-05-08,956,111,1519,443,488,468,38,73,672,847,184,259,19,2,8,11,1,1
FR_IDF_91,2020-05-09,962,111,1520,444,490,472,38,73,672,848,185,259,1,1,0,1,1,0
FR_IDF_91,2020-05-10,957,110,1525,448,487,470,38,72,674,851,188,260,5,4,2,3,3,1
FR_IDF_91,2020-05-11,949,113,1543,450,479,470,41,72,689,854,189,261,18,2,15,3,1,1
FR_IDF_91,2020-05-12,943,107,1560,455,476,467,40,67,701,859,192,263,17,5,12,5,3,2
FR_IDF_91,2020-05-13,939,104,1570,461,469,470,35,69,707,863,194,267,10,6,6,4,2,4
FR_IDF_91,2020-05-14,907,97,1613,464,456,451,32,65,726,887,196,268,43,3,19,24,2,1
FR_IDF_91,2020-05-15,881,91,1653,471,443,438,27,64,742,911,201,270,40,7,16,24,5,2
FR_IDF_91,2020-05-16,876,86,1662,471,442,434,25,61,746,916,201,270,9,0,4,5,0,0
FR_IDF_91,2020-05-17,877,83,1666,473,444,433,24,59,747,919,202,271,4,2,1,3,1,1
FR_IDF_91,2020-05-18,844,81,1700,475,434,410,24,57,755,945,204,271,34,2,8,26,2,0
FR_IDF_91,2020-05-19,843,75,1715,479,436,407,21,54,762,953,205,274,15,4,7,8,1,3
FR_IDF_91,2020-05-20,813,67,1751,479,419,394,17,50,781,970,205,274,36,0,19,17,0,0
FR_IDF_91,2020-05-21,795,67,1781,479,410,385,18,49,797,984,205,274,30,0,16,14,0,0
FR_IDF_91,2020-05-22,778,66,1823,483,404,374,18,48,817,1006,207,276,42,4,20,22,2,2
FR_IDF_91,2020-05-23,752,65,1866,484,392,360,19,46,842,1024,209,275,43,1,25,18,2,-1
FR_IDF_91,2020-05-24,752,65,1866,484,392,360,19,46,842,1024,209,275,0,0,0,0,0,0
FR_IDF_91,2020-05-25,710,64,1908,486,359,351,18,46,873,1035,210,276,42,2,31,11,1,1
FR_IDF_91,2020-05-26,701,63,1920,486,359,342,19,44,876,1044,210,276,12,0,3,9,0,0
FR_IDF_91,2020-05-27,683,62,1940,488,352,331,20,42,884,1056,210,278,20,2,8,12,0,2
FR_IDF_91,2020-05-28,647,60,1979,489,328,319,18,42,912,1067,210,279,39,1,28,11,0,1
FR_IDF_91,2020-05-29,636,59,1993,490,321,315,19,40,922,1071,210,280,14,1,10,4,0,1
FR_IDF_91,2020-05-30,637,57,1998,492,325,312,19,38,923,1075,210,282,5,2,1,4,0,2
FR_IDF_91,2020-05-31,638,58,1998,492,325,313,19,39,923,1075,210,282,0,0,0,0,0,0
FR_IDF_91,2020-06-01,635,57,1999,494,324,311,19,38,923,1076,211,283,1,2,0,1,1,1
FR_IDF_91,2020-06-02,642,53,1999,496,327,315,17,36,923,1076,213,283,0,2,0,0,2,0
FR_IDF_91,2020-06-03,617,56,2028,499,319,298,17,39,931,1097,215,284,29,3,8,21,2,1
FR_IDF_91,2020-06-04,615,57,2032,499,318,297,17,40,933,1099,215,284,4,0,2,2,0,0
FR_IDF_91,2020-06-05,608,53,2040,502,312,296,15,38,941,1099,216,286,8,3,8,0,1,2
FR_IDF_91,2020-06-06,607,52,2043,503,309,298,14,38,944,1099,217,286,3,1,3,0,1,0
FR_IDF_91,2020-06-07,607,52,2043,503,309,298,14,38,944,1099,217,286,0,0,0,0,0,0
FR_IDF_91,2020-06-08,604,49,2047,503,309,295,14,35,946,1101,217,286,4,0,2,2,0,0
FR_IDF_91,2020-06-09,577,46,2071,507,293,284,13,33,961,1110,219,288,24,4,15,9,2,2
FR_IDF_91,2020-06-10,580,47,2072,507,294,286,14,33,962,1110,219,288,1,0,1,0,0,0
FR_IDF_91,2020-06-11,576,48,2078,509,291,285,14,34,963,1115,221,288,6,2,1,5,2,0
FR_IDF_91,2020-06-12,567,46,2087,511,287,280,13,33,968,1119,223,288,9,2,5,4,2,0
FR_IDF_91,2020-06-13,498,46,2148,513,257,241,14,32,997,1151,223,290,61,2,29,32,0,2
FR_IDF_91,2020-06-14,493,44,2153,514,255,238,13,31,999,1154,224,290,5,1,2,3,1,0
FR_IDF_91,2020-06-15,495,42,2155,514,257,238,13,29,1000,1155,224,290,2,0,1,1,0,0
FR_IDF_91,2020-06-16,482,42,2168,517,248,234,14,28,1008,1160,227,290,13,3,8,5,3,0
FR_IDF_91,2020-06-17,472,38,2179,517,241,231,12,26,1016,1163,227,290,11,0,8,3,0,0
FR_IDF_91,2020-06-18,468,39,2181,518,241,227,12,27,1017,1164,227,291,2,1,1,1,0,1
FR_IDF_91,2020-06-19,467,39,2184,518,239,228,12,27,1020,1164,227,291,3,0,3,0,0,0
FR_IDF_91,2020-06-20,466,40,2185,518,238,228,12,28,1021,1164,227,291,1,0,1,0,0,0
FR_IDF_91,2020-06-21,466,40,2185,518,238,228,12,28,1021,1164,227,291,0,0,0,0,0,0
FR_IDF_92,2020-03-18,147,48,22,4,55,92,13,35,10,12,0,4,,,,,,
FR_IDF_92,2020-03-19,205,54,31,7,89,116,12,42,15,16,1,6,9,3,5,4,1,2
FR_IDF_92,2020-03-20,253,74,49,11,100,153,15,59,29,20,2,9,18,4,14,4,1,3
FR_IDF_92,2020-03-21,294,81,70,17,122,172,18,63,37,33,5,12,21,6,8,13,3,3
FR_IDF_92,2020-03-22,374,95,86,21,151,223,22,73,46,40,5,16,16,4,9,7,0,4
FR_IDF_92,2020-03-23,490,126,111,28,187,303,33,93,57,54,8,20,25,7,11,14,3,4
FR_IDF_92,2020-03-24,607,158,149,33,227,380,42,116,76,73,10,23,38,5,19,19,2,3
FR_IDF_92,2020-03-25,729,186,191,47,272,457,43,143,93,98,17,30,42,14,17,25,7,7
FR_IDF_92,2020-03-26,835,220,226,56,303,532,49,171,114,112,20,36,35,9,21,14,3,6
FR_IDF_92,2020-03-27,950,232,259,74,348,602,52,180,135,124,25,49,33,18,21,12,5,13
FR_IDF_92,2020-03-28,1087,256,310,88,404,683,58,198,156,154,28,60,51,14,21,30,3,11
FR_IDF_92,2020-03-29,1150,274,339,110,427,723,61,213,170,169,41,69,29,22,14,15,13,9
FR_IDF_92,2020-03-30,1270,291,374,126,461,809,62,229,188,186,47,79,35,16,18,17,6,10
FR_IDF_92,2020-03-31,1424,322,454,148,512,912,70,252,230,224,58,90,80,22,42,38,11,11
FR_IDF_92,2020-04-01,1618,352,513,172,582,1036,77,275,254,259,64,108,59,24,24,35,6,18
FR_IDF_92,2020-04-02,1730,357,606,209,631,1099,77,280,290,316,78,131,93,37,36,57,14,23
FR_IDF_92,2020-04-03,1830,378,699,235,672,1158,82,296,330,369,91,144,93,26,40,53,13,13
FR_IDF_92,2020-04-04,1912,386,761,266,712,1200,87,299,351,410,106,160,62,31,21,41,15,16
FR_IDF_92,2020-04-05,1931,409,832,291,721,1210,97,312,383,449,114,177,71,25,32,39,8,17
FR_IDF_92,2020-04-06,1959,425,914,318,735,1224,106,319,418,496,126,192,82,27,35,47,12,15
FR_IDF_92,2020-04-07,1920,437,1077,374,730,1190,110,327,474,603,150,224,163,56,56,107,24,32
FR_IDF_92,2020-04-08,1975,453,1164,393,759,1216,114,339,505,659,160,233,87,19,31,56,10,9
FR_IDF_92,2020-04-09,1953,436,1301,416,757,1196,109,327,563,738,168,248,137,23,58,79,8,15
FR_IDF_92,2020-04-10,1957,430,1407,460,779,1178,106,324,603,804,188,272,106,44,40,66,20,24
FR_IDF_92,2020-04-11,1959,437,1483,480,803,1156,108,329,628,855,194,286,76,20,25,51,6,14
FR_IDF_92,2020-04-12,2004,445,1518,502,828,1176,112,333,640,878,199,303,35,22,12,23,5,17
FR_IDF_92,2020-04-13,1987,432,1566,523,825,1162,110,322,661,905,212,311,48,21,21,27,13,8
FR_IDF_92,2020-04-14,1989,419,1638,559,839,1150,110,309,688,950,228,331,72,36,27,45,16,20
FR_IDF_92,2020-04-15,1968,413,1745,594,836,1132,112,301,735,1010,244,350,107,35,47,60,16,19
FR_IDF_92,2020-04-16,1961,402,1848,615,847,1114,105,297,768,1080,252,363,103,21,33,70,8,13
FR_IDF_92,2020-04-17,1927,389,1930,636,844,1083,96,293,803,1127,265,371,82,21,35,47,13,8
FR_IDF_92,2020-04-18,1942,387,1994,658,857,1085,93,294,833,1161,274,384,64,22,30,34,9,13
FR_IDF_92,2020-04-19,1970,388,2012,664,869,1101,91,297,844,1168,277,387,18,6,11,7,3,3
FR_IDF_92,2020-04-20,1964,381,2079,695,876,1088,88,293,872,1207,289,406,67,31,28,39,12,19
FR_IDF_92,2020-04-21,1903,362,2212,712,849,1054,86,276,936,1276,293,419,133,17,64,69,4,13
FR_IDF_92,2020-04-22,1897,347,2270,734,847,1050,83,264,967,1303,301,433,58,22,31,27,8,14
FR_IDF_92,2020-04-23,1919,350,2331,752,866,1053,83,267,989,1342,305,447,61,18,22,39,4,14
FR_IDF_92,2020-04-24,1916,343,2405,771,862,1054,84,259,1023,1382,309,462,74,19,34,40,4,15
FR_IDF_92,2020-04-25,1884,320,2482,784,849,1035,79,241,1066,1416,314,470,77,13,43,34,5,8
FR_IDF_92,2020-04-26,1869,324,2513,794,844,1025,79,245,1080,1433,316,478,31,10,14,17,2,8
FR_IDF_92,2020-04-27,1852,323,2573,811,850,1002,83,240,1106,1467,321,490,60,17,26,34,5,12
FR_IDF_92,2020-04-28,1835,312,2619,828,851,984,81,231,1124,1495,326,502,46,17,18,28,5,12
FR_IDF_92,2020-04-29,1786,278,2726,858,842,944,66,212,1172,1554,343,515,107,30,48,59,17,13
FR_IDF_92,2020-04-30,1753,259,2794,868,837,916,65,194,1202,1592,345,523,68,10,30,38,2,8
FR_IDF_92,2020-05-01,1732,258,2842,870,830,902,66,192,1228,1614,346,524,48,2,26,22,1,1
FR_IDF_92,2020-05-02,1726,251,2855,876,825,901,64,187,1233,1622,348,528,13,6,5,8,2,4
FR_IDF_92,2020-05-03,1732,246,2866,886,826,906,61,185,1240,1626,356,530,11,10,7,4,8,2
FR_IDF_92,2020-05-04,1710,240,2901,895,807,903,57,183,1262,1639,363,532,35,9,22,13,7,2
FR_IDF_92,2020-05-05,1657,221,2991,908,781,876,52,169,1304,1687,373,535,90,13,42,48,10,3
FR_IDF_92,2020-05-06,1634,211,3039,919,774,860,51,160,1326,1713,376,543,48,11,22,26,3,8
FR_IDF_92,2020-05-07,1595,197,3094,924,762,833,52,145,1351,1743,377,547,55,5,25,30,1,4
FR_IDF_92,2020-05-08,1549,195,3144,931,742,807,54,141,1374,1770,378,553,50,7,23,27,1,6
FR_IDF_92,2020-05-09,1541,190,3156,933,740,801,54,136,1381,1775,378,555,12,2,7,5,0,2
FR_IDF_92,2020-05-10,1545,189,3173,938,744,801,54,135,1392,1781,381,557,17,5,11,6,3,2
FR_IDF_92,2020-05-11,1536,177,3195,944,744,792,48,129,1401,1794,384,560,22,6,9,13,3,3
FR_IDF_92,2020-05-12,1499,168,3247,957,725,774,45,123,1427,1820,391,566,52,13,26,26,7,6
FR_IDF_92,2020-05-13,1467,163,3303,962,706,761,43,120,1455,1848,394,568,56,5,28,28,3,2
FR_IDF_92,2020-05-14,1448,158,3359,970,695,753,42,116,1480,1879,398,572,56,8,25,31,4,4
FR_IDF_92,2020-05-15,1412,155,3411,972,681,731,41,114,1501,1910,399,573,52,2,21,31,1,1
FR_IDF_92,2020-05-16,1365,152,3458,976,652,713,39,113,1527,1931,402,574,47,4,26,21,3,1
FR_IDF_92,2020-05-17,1354,150,3472,978,645,709,36,114,1534,1938,404,574,14,2,7,7,2,0
FR_IDF_92,2020-05-18,1335,141,3528,981,637,698,33,108,1555,1973,405,576,56,3,21,35,1,2
FR_IDF_92,2020-05-19,1288,124,3582,985,610,678,28,96,1585,1997,408,577,54,4,30,24,3,1
FR_IDF_92,2020-05-20,1255,118,3636,992,596,659,27,91,1610,2026,411,581,54,7,25,29,3,4
FR_IDF_92,2020-05-21,1237,119,3660,992,587,650,27,92,1622,2038,411,581,24,0,12,12,0,0
FR_IDF_92,2020-05-22,1231,115,3668,995,581,650,26,89,1627,2041,413,582,8,3,5,3,2,1
FR_IDF_92,2020-05-23,1235,115,3669,995,582,653,25,90,1626,2043,413,582,1,0,-1,2,0,0
FR_IDF_92,2020-05-24,1230,112,3674,998,578,652,24,88,1630,2044,414,584,5,3,4,1,1,2
FR_IDF_92,2020-05-25,1213,111,3693,1005,570,643,25,86,1644,2049,417,588,19,7,14,5,3,4
FR_IDF_92,2020-05-26,1183,109,3730,1007,555,628,27,82,1665,2065,418,589,37,2,21,16,1,1
FR_IDF_92,2020-05-27,1132,109,3786,1009,529,603,27,82,1694,2092,418,591,56,2,29,27,0,2
FR_IDF_92,2020-05-28,1113,103,3806,1015,527,586,27,76,1700,2106,421,594,20,6,6,14,3,3
FR_IDF_92,2020-05-29,1101,96,3822,1018,516,585,23,73,1711,2111,423,595,16,3,11,5,2,1
FR_IDF_92,2020-05-30,1064,92,3869,1021,501,563,23,69,1733,2136,425,596,47,3,22,25,2,1
FR_IDF_92,2020-05-31,1058,90,3871,1022,499,559,22,68,1734,2137,426,596,2,1,1,1,1,0
FR_IDF_92,2020-06-01,1049,89,3876,1027,496,553,22,67,1735,2141,429,598,5,5,1,4,3,2
FR_IDF_92,2020-06-02,1033,84,3903,1036,494,539,21,63,1745,2158,433,603,27,9,10,17,4,5
FR_IDF_92,2020-06-03,1000,80,3941,1042,476,524,23,57,1766,2175,436,606,38,6,21,17,3,3
FR_IDF_92,2020-06-04,960,76,3987,1045,459,501,22,54,1789,2198,437,608,46,3,23,23,1,2
FR_IDF_92,2020-06-05,941,76,4009,1045,453,488,22,54,1797,2212,438,607,22,0,8,14,1,-1
FR_IDF_92,2020-06-06,934,74,4017,1048,451,483,22,52,1798,2219,441,607,8,3,1,7,3,0
FR_IDF_92,2020-06-07,933,73,4017,1049,451,482,21,52,1798,2219,441,608,0,1,0,0,0,1
FR_IDF_92,2020-06-08,920,68,4030,1052,443,477,19,49,1809,2221,442,610,13,3,11,2,1,2
FR_IDF_92,2020-06-09,903,72,4069,1054,431,472,21,51,1832,2237,444,610,39,2,23,16,2,0
FR_IDF_92,2020-06-10,888,69,4079,1056,424,464,20,49,1837,2242,446,610,10,2,5,5,2,0
FR_IDF_92,2020-06-11,870,67,4098,1058,415,455,21,46,1846,2252,447,611,19,2,9,10,1,1
FR_IDF_92,2020-06-12,866,68,4104,1058,410,456,21,47,1849,2255,447,611,6,0,3,3,0,0
FR_IDF_92,2020-06-13,863,67,4107,1059,407,456,21,46,1851,2256,448,611,3,1,2,1,1,0
FR_IDF_92,2020-06-14,858,67,4110,1060,406,452,21,46,1852,2258,448,612,3,1,1,2,0,1
FR_IDF_92,2020-06-15,849,64,4117,1062,400,449,20,44,1859,2258,449,613,7,2,7,0,1,1
FR_IDF_92,2020-06-16,844,63,4127,1065,398,446,20,43,1864,2263,449,616,10,3,5,5,0,3
FR_IDF_92,2020-06-17,828,63,4142,1067,390,438,20,43,1872,2270,450,617,15,2,8,7,1,1
FR_IDF_92,2020-06-18,815,64,4165,1067,380,435,20,44,1886,2279,450,617,23,0,14,9,0,0
FR_IDF_92,2020-06-19,811,65,4173,1067,375,436,19,46,1892,2281,450,617,8,0,6,2,0,0
FR_IDF_92,2020-06-20,803,64,4177,1068,374,429,18,46,1893,2284,450,618,4,1,1,3,0,1
FR_IDF_92,2020-06-21,803,64,4177,1068,374,429,18,46,1893,2284,450,618,0,0,0,0,0,0
FR_IDF_93,2020-03-18,92,33,15,5,33,59,12,21,6,9,2,3,,,,,,
FR_IDF_93,2020-03-19,141,44,21,5,59,82,20,24,9,12,2,3,6,0,3,3,0,0
FR_IDF_93,2020-03-20,198,60,35,18,80,118,22,38,15,20,9,9,14,13,6,8,7,6
FR_IDF_93,2020-03-21,216,62,37,19,87,129,25,37,17,20,9,10,2,1,2,0,0,1
FR_IDF_93,2020-03-22,259,71,41,22,105,154,29,42,20,21,10,12,4,3,3,1,1,2
FR_IDF_93,2020-03-23,328,81,55,27,134,194,26,55,24,31,13,14,14,5,4,10,3,2
FR_IDF_93,2020-03-24,385,97,71,36,150,235,34,63,33,38,17,19,16,9,9,7,4,5
FR_IDF_93,2020-03-25,457,98,80,45,174,283,33,65,35,45,21,24,9,9,2,7,4,5
FR_IDF_93,2020-03-26,536,117,100,66,203,333,38,79,44,56,31,35,20,21,9,11,10,11
FR_IDF_93,2020-03-27,671,130,125,81,244,427,39,91,57,68,36,45,25,15,13,12,5,10
FR_IDF_93,2020-03-28,671,142,187,99,241,430,44,98,80,107,41,58,62,18,23,39,5,13
FR_IDF_93,2020-03-29,752,146,200,112,270,482,44,102,88,112,45,67,13,13,8,5,4,9
FR_IDF_93,2020-03-30,858,161,221,123,312,546,45,116,97,124,51,72,21,11,9,12,6,5
FR_IDF_93,2020-03-31,958,188,307,159,347,611,52,136,129,178,67,92,86,36,32,54,16,20
FR_IDF_93,2020-04-01,1165,225,355,185,439,726,62,163,146,209,78,107,48,26,17,31,11,15
FR_IDF_93,2020-04-02,1200,218,396,206,458,742,62,156,160,236,89,117,41,21,14,27,11,10
FR_IDF_93,2020-04-03,1258,219,449,238,488,770,61,158,187,262,97,141,53,32,27,26,8,24
FR_IDF_93,2020-04-04,1300,223,500,261,515,785,63,160,206,294,104,157,51,23,19,32,7,16
FR_IDF_93,2020-04-05,1328,224,514,283,529,799,61,163,212,302,112,171,14,22,6,8,8,14
FR_IDF_93,2020-04-06,1393,230,567,294,548,845,63,167,234,333,117,177,53,11,22,31,5,6
FR_IDF_93,2020-04-07,1445,235,625,366,573,872,66,169,253,372,143,223,58,72,19,39,26,46
FR_IDF_93,2020-04-08,1481,236,710,399,603,878,65,171,281,429,154,245,85,33,28,57,11,22
FR_IDF_93,2020-04-09,1559,241,824,443,646,913,69,172,329,495,169,274,114,44,48,66,15,29
FR_IDF_93,2020-04-10,1580,245,923,477,665,915,71,174,359,564,184,293,99,34,30,69,15,19
FR_IDF_93,2020-04-11,1601,239,993,491,682,919,69,170,383,610,189,302,70,14,24,46,5,9
FR_IDF_93,2020-04-12,1620,238,1048,501,708,912,69,169,399,649,191,310,55,10,16,39,2,8
FR_IDF_93,2020-04-13,1602,239,1092,524,709,893,67,172,411,681,195,329,44,23,12,32,4,19
FR_IDF_93,2020-04-14,1596,234,1179,557,716,880,66,168,449,730,204,353,87,33,38,49,9,24
FR_IDF_93,2020-04-15,1561,230,1282,584,704,857,67,163,506,776,211,373,103,27,57,46,7,20
FR_IDF_93,2020-04-16,1555,237,1372,605,703,852,67,170,542,830,222,383,90,21,36,54,11,10
FR_IDF_93,2020-04-17,1548,224,1488,649,715,833,61,163,591,897,242,407,116,44,49,67,20,24
FR_IDF_93,2020-04-18,1555,216,1530,674,722,833,59,157,611,919,251,423,42,25,20,22,9,16
FR_IDF_93,2020-04-19,1551,217,1570,686,730,821,58,159,621,949,255,431,40,12,10,30,4,8
FR_IDF_93,2020-04-20,1545,216,1634,698,719,826,57,159,649,985,259,439,64,12,28,36,4,8
FR_IDF_93,2020-04-21,1542,207,1699,711,730,812,55,152,670,1029,263,448,65,13,21,44,4,9
FR_IDF_93,2020-04-22,1563,207,1774,728,745,818,58,149,709,1065,270,458,75,17,39,36,7,10
FR_IDF_93,2020-04-23,1560,207,1840,745,756,804,59,148,745,1095,277,468,66,17,36,30,7,10
FR_IDF_93,2020-04-24,1534,194,1909,761,741,793,54,140,779,1130,282,479,69,16,34,35,5,11
FR_IDF_93,2020-04-25,1476,186,1966,767,707,769,53,133,805,1161,285,482,57,6,26,31,3,3
FR_IDF_93,2020-04-26,1474,187,1990,772,702,772,54,133,818,1172,287,485,24,5,13,11,2,3
FR_IDF_93,2020-04-27,1504,192,2030,793,718,786,57,135,841,1189,295,498,40,21,23,17,8,13
FR_IDF_93,2020-04-28,1489,187,2098,810,705,784,55,132,878,1220,300,510,68,17,37,31,5,12
FR_IDF_93,2020-04-29,1462,188,2171,828,701,761,57,131,911,1260,306,522,73,18,33,40,6,12
FR_IDF_93,2020-04-30,1439,181,2208,833,695,744,57,124,926,1282,306,527,37,5,15,22,0,5
FR_IDF_93,2020-05-01,1435,176,2225,840,696,739,56,120,935,1290,309,531,17,7,9,8,3,4
FR_IDF_93,2020-05-02,1422,175,2247,841,693,729,56,119,945,1302,309,532,22,1,10,12,0,1
FR_IDF_93,2020-05-03,1421,176,2259,843,691,730,57,119,950,1309,311,532,12,2,5,7,2,0
FR_IDF_93,2020-05-04,1424,171,2281,853,692,732,56,115,959,1322,315,538,22,10,9,13,4,6
FR_IDF_93,2020-05-05,1410,166,2337,860,686,724,56,110,988,1349,321,539,56,7,29,27,6,1
FR_IDF_93,2020-05-06,1404,159,2415,868,691,713,52,107,1025,1390,326,542,78,8,37,41,5,3
FR_IDF_93,2020-05-07,1372,146,2495,875,681,691,48,98,1065,1430,328,547,80,7,40,40,2,5
FR_IDF_93,2020-05-08,1360,141,2515,878,681,679,48,93,1073,1442,329,549,20,3,8,12,1,2
FR_IDF_93,2020-05-09,1350,138,2536,882,679,671,47,91,1078,1458,332,550,21,4,5,16,3,1
FR_IDF_93,2020-05-10,1335,138,2564,884,669,666,47,91,1093,1471,333,551,28,2,15,13,1,1
FR_IDF_93,2020-05-11,1302,139,2625,889,667,635,50,89,1115,1510,336,553,61,5,22,39,3,2
FR_IDF_93,2020-05-12,1245,141,2716,903,635,610,50,91,1154,1562,343,560,91,14,39,52,7,7
FR_IDF_93,2020-05-13,1209,132,2770,906,614,595,49,83,1185,1585,344,562,54,3,31,23,1,2
FR_IDF_93,2020-05-14,1184,128,2807,908,604,580,47,81,1200,1607,345,563,37,2,15,22,1,1
FR_IDF_93,2020-05-15,1158,117,2844,911,602,556,46,71,1211,1633,347,564,37,3,11,26,2,1
FR_IDF_93,2020-05-16,1138,113,2882,913,591,547,45,68,1231,1651,348,565,38,2,20,18,1,1
FR_IDF_93,2020-05-17,1120,113,2892,916,578,542,45,68,1236,1656,351,565,10,3,5,5,3,0
FR_IDF_93,2020-05-18,1087,108,2932,921,555,532,44,64,1263,1669,353,568,40,5,27,13,2,3
FR_IDF_93,2020-05-19,1078,105,2963,927,561,517,44,61,1276,1687,355,572,31,6,13,18,2,4
FR_IDF_93,2020-05-20,1067,99,2999,929,549,518,43,56,1303,1696,356,573,36,2,27,9,1,1
FR_IDF_93,2020-05-21,1072,102,3006,931,550,522,44,58,1309,1697,357,574,7,2,6,1,1,1
FR_IDF_93,2020-05-22,1060,100,3020,933,547,513,44,56,1312,1708,358,575,14,2,3,11,1,1
FR_IDF_93,2020-05-23,1051,100,3031,935,543,508,44,56,1315,1716,359,576,11,2,3,8,1,1
FR_IDF_93,2020-05-24,1054,101,3032,936,545,509,43,58,1315,1717,360,576,1,1,0,1,1,0
FR_IDF_93,2020-05-25,1048,96,3048,938,544,504,40,56,1321,1727,361,577,16,2,6,10,1,1
FR_IDF_93,2020-05-26,1025,94,3083,940,528,497,39,55,1346,1737,362,578,35,2,25,10,1,1
FR_IDF_93,2020-05-27,1004,95,3107,942,520,484,39,56,1356,1751,363,579,24,2,10,14,1,1
FR_IDF_93,2020-05-28,987,91,3146,943,508,479,38,53,1378,1768,364,579,39,1,22,17,1,0
FR_IDF_93,2020-05-29,934,88,3201,945,476,458,36,52,1409,1792,365,580,55,2,31,24,1,1
FR_IDF_93,2020-05-30,923,87,3221,945,468,455,37,50,1424,1797,365,580,20,0,15,5,0,0
FR_IDF_93,2020-05-31,921,85,3223,945,467,454,37,48,1425,1798,365,580,2,0,1,1,0,0
FR_IDF_93,2020-06-01,929,88,3224,945,474,455,40,48,1425,1799,365,580,1,0,0,1,0,0
FR_IDF_93,2020-06-02,919,85,3241,950,467,452,39,46,1434,1807,368,582,17,5,9,8,3,2
FR_IDF_93,2020-06-03,904,85,3269,953,456,448,38,47,1452,1817,369,584,28,3,18,10,1,2
FR_IDF_93,2020-06-04,886,81,3299,954,447,439,36,45,1466,1833,369,585,30,1,14,16,0,1
FR_IDF_93,2020-06-05,864,79,3327,958,439,425,34,45,1478,1849,370,588,28,4,12,16,1,3
FR_IDF_93,2020-06-06,856,80,3335,960,435,421,34,46,1481,1854,372,588,8,2,3,5,2,0
FR_IDF_93,2020-06-07,857,79,3338,960,433,424,33,46,1484,1854,372,588,3,0,3,0,0,0
FR_IDF_93,2020-06-08,850,79,3340,961,429,421,33,46,1487,1853,372,589,2,1,3,-1,0,1
FR_IDF_93,2020-06-09,836,78,3357,963,422,414,34,44,1496,1861,373,590,17,2,9,8,1,1
FR_IDF_93,2020-06-10,830,78,3365,964,418,412,34,44,1502,1863,374,590,8,1,6,2,1,0
FR_IDF_93,2020-06-11,815,75,3385,965,409,406,33,42,1514,1871,375,590,20,1,12,8,1,0
FR_IDF_93,2020-06-12,789,76,3427,965,394,395,34,42,1535,1892,375,590,42,0,21,21,0,0
FR_IDF_93,2020-06-13,777,76,3439,966,386,391,34,42,1543,1896,375,591,12,1,8,4,0,1
FR_IDF_93,2020-06-14,776,77,3441,967,384,392,35,42,1545,1896,376,591,2,1,2,0,1,0
FR_IDF_93,2020-06-15,777,75,3451,969,380,397,33,42,1550,1901,377,592,10,2,5,5,1,1
FR_IDF_93,2020-06-16,761,72,3469,971,376,385,31,41,1558,1911,378,593,18,2,8,10,1,1
FR_IDF_93,2020-06-17,756,71,3475,972,372,384,30,41,1562,1913,378,594,6,1,4,2,0,1
FR_IDF_93,2020-06-18,747,68,3494,973,363,384,28,40,1574,1920,378,595,19,1,12,7,0,1
FR_IDF_93,2020-06-19,738,67,3503,973,359,379,28,39,1579,1924,378,595,9,0,5,4,0,0
FR_IDF_93,2020-06-20,749,66,3506,974,364,385,27,39,1580,1926,378,596,3,1,1,2,0,1
FR_IDF_93,2020-06-21,751,66,3506,974,366,385,27,39,1580,1926,378,596,0,0,0,0,0,0
FR_IDF_94,2020-03-18,120,32,16,5,44,76,8,24,1,15,0,5,,,,,,
FR_IDF_94,2020-03-19,180,47,41,10,72,108,12,35,19,22,2,8,25,5,18,7,2,3
FR_IDF_94,2020-03-20,223,59,67,12,90,133,14,45,32,35,3,9,26,2,13,13,1,1
FR_IDF_94,2020-03-21,264,66,79,13,109,155,17,49,38,41,4,9,12,1,6,6,1,0
FR_IDF_94,2020-03-22,301,77,90,17,129,172,25,52,43,47,6,11,11,4,5,6,2,2
FR_IDF_94,2020-03-23,379,102,108,24,169,210,29,73,47,61,10,14,18,7,4,14,4,3
FR_IDF_94,2020-03-24,459,124,120,27,198,261,39,85,53,67,11,16,12,3,6,6,1,2
FR_IDF_94,2020-03-25,537,143,153,34,214,323,41,102,71,82,12,22,33,7,18,15,1,6
FR_IDF_94,2020-03-26,639,152,181,52,254,385,40,112,79,102,21,31,28,18,8,20,9,9
FR_IDF_94,2020-03-27,748,158,210,69,295,453,45,113,93,117,27,42,29,17,14,15,6,11
FR_IDF_94,2020-03-28,857,174,257,83,341,516,52,122,115,142,34,49,47,14,22,25,7,7
FR_IDF_94,2020-03-29,945,177,273,99,381,564,54,123,118,155,40,59,16,16,3,13,6,10
FR_IDF_94,2020-03-30,1012,186,299,102,402,610,54,132,126,173,41,61,26,3,8,18,1,2
FR_IDF_94,2020-03-31,1142,188,365,148,475,667,56,132,151,214,56,92,66,46,25,41,15,31
FR_IDF_94,2020-04-01,1343,239,445,183,567,776,69,170,191,254,68,115,80,35,40,40,12,23
FR_IDF_94,2020-04-02,1451,249,498,208,617,834,72,177,221,277,79,129,53,25,30,23,11,14
FR_IDF_94,2020-04-03,1580,281,568,244,668,912,76,205,252,316,95,149,70,36,31,39,16,20
FR_IDF_94,2020-04-04,1618,287,634,275,698,920,80,207,275,359,105,170,66,31,23,43,10,21
FR_IDF_94,2020-04-05,1693,287,656,297,732,961,86,201,282,374,113,184,22,22,7,15,8,14
FR_IDF_94,2020-04-06,1779,290,686,343,775,1004,87,203,293,393,130,213,30,46,11,19,17,29
FR_IDF_94,2020-04-07,1918,300,775,392,843,1075,80,220,332,443,152,240,89,49,39,50,22,27
FR_IDF_94,2020-04-08,2008,332,862,445,894,1114,84,248,371,491,178,267,87,53,39,48,26,27
FR_IDF_94,2020-04-09,2081,335,935,466,947,1134,83,252,396,539,188,278,73,21,25,48,10,11
FR_IDF_94,2020-04-10,2161,324,1009,501,998,1163,88,236,436,573,200,301,74,35,40,34,12,23
FR_IDF_94,2020-04-11,2206,312,1053,514,1029,1177,86,226,453,600,207,307,44,13,17,27,7,6
FR_IDF_94,2020-04-12,2204,312,1107,530,1033,1171,88,224,468,639,214,316,54,16,15,39,7,9
FR_IDF_94,2020-04-13,2222,321,1134,557,1039,1183,92,229,484,650,227,330,27,27,16,11,13,14
FR_IDF_94,2020-04-14,2220,341,1168,592,1035,1185,96,245,505,663,240,352,34,35,21,13,13,22
FR_IDF_94,2020-04-15,2254,343,1281,627,1060,1194,98,245,554,727,256,371,113,35,49,64,16,19
FR_IDF_94,2020-04-16,2227,326,1390,665,1051,1176,92,234,599,791,275,390,109,38,45,64,19,19
FR_IDF_94,2020-04-17,2226,333,1461,684,1049,1177,94,239,625,836,284,400,71,19,26,45,9,10
FR_IDF_94,2020-04-18,2195,335,1536,706,1029,1166,93,242,658,878,299,407,75,22,33,42,15,7
FR_IDF_94,2020-04-19,2191,332,1546,716,1028,1163,92,240,662,884,303,413,10,10,4,6,4,6
FR_IDF_94,2020-04-20,2193,332,1590,748,1023,1170,92,240,685,905,317,431,44,32,23,21,14,18
FR_IDF_94,2020-04-21,2193,322,1672,777,1031,1162,85,237,718,954,327,450,82,29,33,49,10,19
FR_IDF_94,2020-04-22,2079,302,1845,800,987,1092,81,221,799,1046,334,466,173,23,81,92,7,16
FR_IDF_94,2020-04-23,2054,295,1935,810,977,1077,80,215,839,1096,337,473,90,10,40,50,3,7
FR_IDF_94,2020-04-24,1966,283,2066,831,933,1033,75,208,914,1152,343,488,131,21,75,56,6,15
FR_IDF_94,2020-04-25,1954,298,2131,844,933,1021,80,218,943,1188,349,495,65,13,29,36,6,7
FR_IDF_94,2020-04-26,1953,293,2140,855,935,1018,79,214,947,1193,352,503,9,11,4,5,3,8
FR_IDF_94,2020-04-27,1925,282,2166,874,929,996,78,204,957,1209,355,519,26,19,10,16,3,16
FR_IDF_94,2020-04-28,1873,274,2234,887,897,976,73,201,993,1241,361,526,68,13,36,32,6,7
FR_IDF_94,2020-04-29,1872,255,2316,909,902,970,64,191,1026,1290,371,538,82,22,33,49,10,12
FR_IDF_94,2020-04-30,1834,245,2386,922,889,945,60,185,1054,1332,379,543,70,13,28,42,8,5
FR_IDF_94,2020-05-01,1838,236,2407,930,898,940,60,176,1064,1343,383,547,21,8,10,11,4,4
FR_IDF_94,2020-05-02,1830,240,2430,936,891,939,64,176,1081,1349,385,551,23,6,17,6,2,4
FR_IDF_94,2020-05-03,1820,241,2452,938,885,935,65,176,1093,1359,385,553,22,2,12,10,0,2
FR_IDF_94,2020-05-04,1776,238,2519,948,866,910,69,169,1129,1390,389,559,67,10,36,31,4,6
FR_IDF_94,2020-05-05,1717,227,2636,959,828,889,61,166,1199,1437,396,563,117,11,70,47,7,4
FR_IDF_94,2020-05-06,1685,215,2723,970,815,870,63,152,1244,1479,397,573,87,11,45,42,1,10
FR_IDF_94,2020-05-07,1613,202,2809,976,792,821,59,143,1280,1529,398,578,86,6,36,50,1,5
FR_IDF_94,2020-05-08,1596,191,2835,985,792,804,58,133,1291,1544,398,587,26,9,11,15,0,9
FR_IDF_94,2020-05-09,1590,184,2840,989,788,802,55,129,1294,1546,400,589,5,4,3,2,2,2
FR_IDF_94,2020-05-10,1587,184,2852,991,790,797,54,130,1300,1552,400,591,12,2,6,6,0,2
FR_IDF_94,2020-05-11,1540,177,2907,999,766,774,51,126,1330,1577,404,595,55,8,30,25,4,4
FR_IDF_94,2020-05-12,1446,157,2991,1018,726,720,44,113,1370,1621,413,605,84,19,40,44,9,10
FR_IDF_94,2020-05-13,1441,153,3019,1025,724,717,43,110,1384,1635,418,607,28,7,14,14,5,2
FR_IDF_94,2020-05-14,1398,143,3067,1031,715,683,41,102,1400,1667,420,611,48,6,16,32,2,4
FR_IDF_94,2020-05-15,1368,137,3103,1033,701,667,40,97,1415,1688,421,612,36,2,15,21,1,1
FR_IDF_94,2020-05-16,1361,136,3127,1035,691,670,39,97,1433,1694,423,612,24,2,18,6,2,0
FR_IDF_94,2020-05-17,1360,133,3132,1039,688,672,38,95,1436,1696,424,615,5,4,3,2,1,3
FR_IDF_94,2020-05-18,1305,102,3180,1044,666,639,26,76,1460,1720,426,618,48,5,24,24,2,3
FR_IDF_94,2020-05-19,1258,85,3229,1053,646,612,21,64,1489,1740,429,624,49,9,29,20,3,6
FR_IDF_94,2020-05-20,1255,77,3250,1062,634,621,17,60,1504,1746,435,627,21,9,15,6,6,3
FR_IDF_94,2020-05-21,1259,73,3267,1066,641,618,16,57,1508,1759,437,629,17,4,4,13,2,2
FR_IDF_94,2020-05-22,1251,71,3276,1068,638,613,16,55,1511,1765,437,631,9,2,3,6,0,2
FR_IDF_94,2020-05-23,1246,69,3285,1068,637,609,16,53,1513,1772,437,631,9,0,2,7,0,0
FR_IDF_94,2020-05-24,1248,70,3286,1070,637,611,16,54,1513,1773,439,631,1,2,0,1,2,0
FR_IDF_94,2020-05-25,1221,70,3329,1072,627,594,17,53,1534,1795,440,632,43,2,21,22,1,1
FR_IDF_94,2020-05-26,1196,69,3364,1078,623,573,18,51,1551,1813,442,636,35,6,17,18,2,4
FR_IDF_94,2020-05-27,1189,69,3382,1083,619,570,19,50,1564,1818,443,640,18,5,13,5,1,4
FR_IDF_94,2020-05-28,1192,65,3391,1085,624,568,19,46,1567,1824,444,641,9,2,3,6,1,1
FR_IDF_94,2020-05-29,1180,62,3403,1088,622,558,19,43,1571,1832,445,643,12,3,4,8,1,2
FR_IDF_94,2020-05-30,1103,55,3464,1112,590,513,16,39,1600,1864,456,656,61,24,29,32,11,13
FR_IDF_94,2020-05-31,1080,53,3473,1123,578,502,14,39,1606,1867,460,663,9,11,6,3,4,7
FR_IDF_94,2020-06-01,1058,53,3494,1125,571,487,14,39,1613,1881,461,664,21,2,7,14,1,1
FR_IDF_94,2020-06-02,1051,51,3500,1126,564,487,13,38,1616,1884,461,665,6,1,3,3,0,1
FR_IDF_94,2020-06-03,957,50,3587,1139,503,454,13,37,1670,1917,469,670,87,13,54,33,8,5
FR_IDF_94,2020-06-04,940,49,3615,1143,502,438,14,35,1682,1933,470,673,28,4,12,16,1,3
FR_IDF_94,2020-06-05,930,47,3628,1144,499,431,14,33,1686,1942,471,673,13,1,4,9,1,0
FR_IDF_94,2020-06-06,862,42,3700,1147,463,399,11,31,1725,1975,473,674,72,3,39,33,2,1
FR_IDF_94,2020-06-07,855,40,3705,1149,461,394,12,28,1728,1977,473,676,5,2,3,2,0,2
FR_IDF_94,2020-06-08,850,39,3711,1150,457,393,12,27,1732,1979,473,677,6,1,4,2,0,1
FR_IDF_94,2020-06-09,821,30,3736,1160,440,381,9,21,1746,1990,479,681,25,10,14,11,6,4
FR_IDF_94,2020-06-10,816,30,3743,1161,436,380,9,21,1750,1993,479,682,7,1,4,3,0,1
FR_IDF_94,2020-06-11,808,32,3759,1162,430,378,9,23,1759,2000,480,682,16,1,9,7,1,0
FR_IDF_94,2020-06-12,789,30,3777,1162,419,370,8,22,1769,2008,480,682,18,0,10,8,0,0
FR_IDF_94,2020-06-13,769,30,3794,1165,403,366,8,22,1782,2012,483,682,17,3,13,4,3,0
FR_IDF_94,2020-06-14,769,30,3794,1165,403,366,8,22,1782,2012,483,682,0,0,0,0,0,0
FR_IDF_94,2020-06-15,739,28,3828,1166,383,356,8,20,1805,2023,483,683,34,1,23,11,0,1
FR_IDF_94,2020-06-16,707,27,3858,1170,368,339,7,20,1820,2038,486,684,30,4,15,15,3,1
FR_IDF_94,2020-06-17,708,25,3861,1171,367,341,7,18,1822,2039,486,685,3,1,2,1,0,1
FR_IDF_94,2020-06-18,708,24,3866,1171,368,340,7,17,1825,2041,486,685,5,0,3,2,0,0
FR_IDF_94,2020-06-19,692,24,3895,1171,357,335,7,17,1844,2051,486,685,29,0,19,10,0,0
FR_IDF_94,2020-06-20,659,23,3925,1176,346,313,7,16,1856,2069,486,690,30,5,12,18,0,5
FR_IDF_94,2020-06-21,657,22,3928,1176,345,312,7,15,1857,2071,486,690,3,0,1,2,0,0
FR_IDF_95,2020-03-18,89,29,20,2,25,64,6,23,12,8,0,2,,,,,,
FR_IDF_95,2020-03-19,149,37,32,5,51,98,7,30,14,18,0,5,12,3,2,10,0,3
FR_IDF_95,2020-03-20,191,51,56,10,71,120,12,39,25,31,1,9,24,5,11,13,1,4
FR_IDF_95,2020-03-21,237,56,70,14,88,149,13,43,32,38,3,11,14,4,7,7,2,2
FR_IDF_95,2020-03-22,280,66,81,18,108,172,16,50,34,47,6,12,11,4,2,9,3,1
FR_IDF_95,2020-03-23,363,81,93,30,144,219,16,65,38,55,10,20,12,12,4,8,4,8
FR_IDF_95,2020-03-24,377,97,128,40,141,236,18,79,55,73,13,27,35,10,17,18,3,7
FR_IDF_95,2020-03-25,441,109,155,53,171,270,26,83,67,88,19,34,27,13,12,15,6,7
FR_IDF_95,2020-03-26,489,110,184,67,184,305,28,82,80,104,23,44,29,14,13,16,4,10
FR_IDF_95,2020-03-27,504,113,246,81,182,322,29,84,110,136,29,52,62,14,30,32,6,8
FR_IDF_95,2020-03-28,530,115,273,93,186,344,29,86,129,144,31,62,27,12,19,8,2,10
FR_IDF_95,2020-03-29,584,131,325,113,198,386,33,98,159,166,35,78,52,20,30,22,4,16
FR_IDF_95,2020-03-30,645,137,361,127,223,422,34,103,172,189,40,87,36,14,13,23,5,9
FR_IDF_95,2020-03-31,722,145,401,143,248,474,36,109,189,212,47,96,40,16,17,23,7,9
FR_IDF_95,2020-04-01,730,150,470,156,247,483,40,110,229,241,51,105,69,13,40,29,4,9
FR_IDF_95,2020-04-02,791,154,524,174,282,509,37,117,245,279,57,117,54,18,16,38,6,12
FR_IDF_95,2020-04-03,815,150,582,200,294,521,34,116,265,317,62,138,58,26,20,38,5,21
FR_IDF_95,2020-04-04,827,159,632,213,300,527,36,123,281,351,69,144,50,13,16,34,7,6
FR_IDF_95,2020-04-05,832,165,658,218,297,535,37,128,294,364,71,147,26,5,13,13,2,3
FR_IDF_95,2020-04-06,848,164,717,259,305,543,43,121,319,398,84,175,59,41,25,34,13,28
FR_IDF_95,2020-04-07,863,172,758,282,320,543,49,123,335,423,91,191,41,23,16,25,7,16
FR_IDF_95,2020-04-08,889,166,818,307,328,561,47,119,365,453,104,203,60,25,30,30,13,12
FR_IDF_95,2020-04-09,940,187,872,322,355,585,56,131,392,480,107,215,54,15,27,27,3,12
FR_IDF_95,2020-04-10,906,178,958,352,355,551,53,125,419,539,116,236,86,30,27,59,9,21
FR_IDF_95,2020-04-11,911,174,1015,363,360,551,51,123,435,580,120,243,57,11,16,41,4,7
FR_IDF_95,2020-04-12,913,178,1035,374,360,553,51,127,442,593,124,250,20,11,7,13,4,7
FR_IDF_95,2020-04-13,922,177,1061,384,365,557,50,127,451,610,129,255,26,10,9,17,5,5
FR_IDF_95,2020-04-14,953,179,1094,396,375,578,49,130,467,627,135,261,33,12,16,17,6,6
FR_IDF_95,2020-04-15,936,179,1162,405,384,552,47,132,485,677,135,270,68,9,18,50,0,9
FR_IDF_95,2020-04-16,931,172,1244,421,381,550,48,124,520,724,144,277,82,16,35,47,9,7
FR_IDF_95,2020-04-17,914,167,1301,431,380,534,48,119,542,759,149,282,57,10,22,35,5,5
FR_IDF_95,2020-04-18,902,162,1344,448,384,518,46,116,557,787,159,289,43,17,15,28,10,7
FR_IDF_95,2020-04-19,905,155,1356,461,388,517,44,111,562,794,164,297,12,13,5,7,5,8
FR_IDF_95,2020-04-20,921,147,1379,475,406,515,41,106,571,808,170,305,23,14,9,14,6,8
FR_IDF_95,2020-04-21,908,142,1425,483,410,498,41,101,584,841,173,310,46,8,13,33,3,5
FR_IDF_95,2020-04-22,951,138,1457,493,439,512,39,99,598,859,175,318,32,10,14,18,2,8
FR_IDF_95,2020-04-23,954,131,1493,506,449,505,39,92,610,883,180,326,36,13,12,24,5,8
FR_IDF_95,2020-04-24,946,120,1531,521,447,499,35,85,626,905,188,333,38,15,16,22,8,7
FR_IDF_95,2020-04-25,939,122,1563,526,440,499,35,87,644,919,191,335,32,5,18,14,3,2
FR_IDF_95,2020-04-26,936,119,1572,531,443,493,33,86,646,926,194,337,9,5,2,7,3,2
FR_IDF_95,2020-04-27,934,117,1584,539,443,491,32,85,651,933,198,341,12,8,5,7,4,4
FR_IDF_95,2020-04-28,941,115,1598,548,451,490,32,83,656,942,200,348,14,9,5,9,2,7
FR_IDF_95,2020-04-29,931,101,1651,566,458,473,29,72,676,975,205,361,53,18,20,33,5,13
FR_IDF_95,2020-04-30,912,93,1683,570,447,465,27,66,691,992,208,362,32,4,15,17,3,1
FR_IDF_95,2020-05-01,894,92,1711,575,445,449,27,65,700,1011,210,365,28,5,9,19,2,3
FR_IDF_95,2020-05-02,887,91,1716,580,442,445,27,64,702,1014,212,368,5,5,2,3,2,3
FR_IDF_95,2020-05-03,883,90,1721,581,441,442,27,63,704,1017,212,369,5,1,2,3,0,1
FR_IDF_95,2020-05-04,885,88,1740,593,440,445,26,62,715,1025,215,378,19,12,11,8,3,9
FR_IDF_95,2020-05-05,864,75,1770,600,426,438,21,54,733,1037,220,380,30,7,18,12,5,2
FR_IDF_95,2020-05-06,835,66,1814,603,411,424,16,50,748,1066,222,381,44,3,15,29,2,1
FR_IDF_95,2020-05-07,817,64,1843,605,403,414,14,50,762,1081,222,383,29,2,14,15,0,2
FR_IDF_95,2020-05-08,812,62,1858,612,402,410,16,46,768,1090,223,389,15,7,6,9,1,6
FR_IDF_95,2020-05-09,817,58,1861,612,401,416,16,42,770,1091,223,389,3,0,2,1,0,0
FR_IDF_95,2020-05-10,814,58,1872,617,402,412,16,42,774,1098,223,394,11,5,4,7,0,5
FR_IDF_95,2020-05-11,801,56,1881,619,395,406,15,41,779,1102,224,395,9,2,5,4,1,1
FR_IDF_95,2020-05-12,780,54,1916,624,387,393,15,39,794,1122,225,399,35,5,15,20,1,4
FR_IDF_95,2020-05-13,750,49,1950,629,372,378,14,35,810,1140,228,401,34,5,16,18,3,2
FR_IDF_95,2020-05-14,743,51,1966,633,364,379,14,37,819,1147,231,402,16,4,9,7,3,1
FR_IDF_95,2020-05-15,732,50,1981,635,355,377,14,36,829,1152,232,403,15,2,10,5,1,1
FR_IDF_95,2020-05-16,702,42,2015,640,337,365,13,29,852,1163,236,404,34,5,23,11,4,1
FR_IDF_95,2020-05-17,695,41,2021,643,334,361,13,28,854,1167,239,404,6,3,2,4,3,0
FR_IDF_95,2020-05-18,694,37,2029,648,332,362,13,24,858,1171,242,406,8,5,4,4,3,2
FR_IDF_95,2020-05-19,665,34,2076,653,317,348,11,23,879,1197,244,409,47,5,21,26,2,3
FR_IDF_95,2020-05-20,641,34,2109,653,313,328,11,23,889,1220,244,409,33,0,10,23,0,0
FR_IDF_95,2020-05-21,615,31,2137,655,308,307,10,21,895,1242,244,411,28,2,6,22,0,2
FR_IDF_95,2020-05-22,613,30,2150,661,311,302,10,20,897,1253,244,417,13,6,2,11,0,6
FR_IDF_95,2020-05-23,600,27,2166,661,307,293,9,18,901,1265,244,417,16,0,4,12,0,0
FR_IDF_95,2020-05-24,602,28,2170,661,310,292,9,19,902,1268,244,417,4,0,1,3,0,0
FR_IDF_95,2020-05-25,590,29,2199,662,294,296,10,19,924,1275,244,418,29,1,22,7,0,1
FR_IDF_95,2020-05-26,566,29,2220,669,283,283,11,18,933,1287,246,423,21,7,9,12,2,5
FR_IDF_95,2020-05-27,558,29,2229,673,278,280,10,19,938,1291,248,425,9,4,5,4,2,2
FR_IDF_95,2020-05-28,553,29,2240,674,274,279,10,19,944,1296,248,426,11,1,6,5,0,1
FR_IDF_95,2020-05-29,549,31,2264,674,267,282,9,22,960,1304,248,426,24,0,16,8,0,0
FR_IDF_95,2020-05-30,538,29,2273,677,263,275,9,20,962,1311,249,428,9,3,2,7,1,2
FR_IDF_95,2020-05-31,536,29,2275,677,261,275,9,20,964,1311,249,428,2,0,2,0,0,0
FR_IDF_95,2020-06-01,541,27,2278,678,262,279,9,18,967,1311,250,428,3,1,3,0,1,0
FR_IDF_95,2020-06-02,530,25,2287,682,258,272,9,16,969,1318,253,429,9,4,2,7,3,1
FR_IDF_95,2020-06-03,529,24,2293,683,257,272,9,15,973,1320,254,429,6,1,4,2,1,0
FR_IDF_95,2020-06-04,521,24,2304,683,253,268,9,15,976,1328,254,429,11,0,3,8,0,0
FR_IDF_95,2020-06-05,500,22,2321,684,244,256,8,14,983,1338,254,430,17,1,7,10,0,1
FR_IDF_95,2020-06-06,493,21,2331,684,243,250,8,13,985,1346,254,430,10,0,2,8,0,0
FR_IDF_95,2020-06-07,493,21,2331,684,243,250,8,13,985,1346,254,430,0,0,0,0,0,0
FR_IDF_95,2020-06-08,489,19,2341,686,241,248,7,12,990,1351,256,430,10,2,5,5,2,0
FR_IDF_95,2020-06-09,484,18,2356,687,241,243,6,12,994,1362,257,430,15,1,4,11,1,0
FR_IDF_95,2020-06-10,473,17,2368,687,235,238,6,11,1001,1367,257,430,12,0,7,5,0,0
FR_IDF_95,2020-06-11,468,16,2375,687,234,234,6,10,1003,1372,257,430,7,0,2,5,0,0
FR_IDF_95,2020-06-12,446,14,2393,691,224,222,4,10,1012,1381,258,433,18,4,9,9,1,3
FR_IDF_95,2020-06-13,437,11,2402,691,218,219,3,8,1018,1384,258,433,9,0,6,3,0,0
FR_IDF_95,2020-06-14,435,9,2405,691,217,218,3,6,1019,1386,258,433,3,0,1,2,0,0
FR_IDF_95,2020-06-15,434,8,2410,695,215,219,2,6,1022,1388,261,434,5,4,3,2,3,1
FR_IDF_95,2020-06-16,431,7,2412,698,213,218,2,5,1023,1389,263,435,2,3,1,1,2,1
FR_IDF_95,2020-06-17,425,8,2419,698,211,214,3,5,1026,1393,263,435,7,0,3,4,0,0
FR_IDF_95,2020-06-18,417,8,2430,698,205,212,3,5,1035,1395,263,435,11,0,9,2,0,0
FR_IDF_95,2020-06-19,412,7,2437,698,200,212,2,5,1040,1397,263,435,7,0,5,2,0,0
FR_IDF_95,2020-06-20,387,7,2463,698,192,195,2,5,1049,1414,263,435,26,0,9,17,0,0
FR_IDF_95,2020-06-21,387,7,2463,698,192,195,2,5,1049,1414,263,435,0,0,0,0,0,0
FR_LRE,2020-03-18,4,4,0,0,0,4,0,4,0,0,0,0,,,,,,
FR_LRE,2020-03-19,4,4,0,0,0,4,0,4,0,0,0,0,0,0,0,0,0,0
FR_LRE,2020-03-20,4,4,0,0,0,4,0,4,0,0,0,0,0,0,0,0,0,0
FR_LRE,2020-03-21,4,4,0,0,0,4,0,4,0,0,0,0,0,0,0,0,0,0
FR_LRE,2020-03-22,4,4,0,0,0,4,0,4,0,0,0,0,0,0,0,0,0,0
FR_LRE,2020-03-23,4,4,0,0,0,4,0,4,0,0,0,0,0,0,0,0,0,0
FR_LRE,2020-03-24,6,6,0,0,0,6,0,6,0,0,0,0,0,0,0,0,0,0
FR_LRE,2020-03-25,6,6,0,0,0,6,0,6,0,0,0,0,0,0,0,0,0,0
FR_LRE,2020-03-26,6,6,0,0,0,6,0,6,0,0,0,0,0,0,0,0,0,0
FR_LRE,2020-03-27,6,4,0,0,0,6,0,4,0,0,0,0,0,0,0,0,0,0
FR_LRE,2020-03-28,30,6,0,0,12,18,0,6,0,0,0,0,0,0,0,0,0,0
FR_LRE,2020-03-29,106,8,10,0,52,54,0,8,4,6,0,0,10,0,4,6,0,0
FR_LRE,2020-03-30,112,8,12,0,56,56,0,8,4,8,0,0,2,0,0,2,0,0
FR_LRE,2020-03-31,114,12,20,0,58,56,0,12,6,14,0,0,8,0,2,6,0,0
FR_LRE,2020-04-01,106,6,40,0,50,56,0,6,22,18,0,0,20,0,16,4,0,0
FR_LRE,2020-04-02,108,4,48,0,50,58,0,4,26,22,0,0,8,0,4,4,0,0
FR_LRE,2020-04-03,106,4,58,0,48,58,0,4,32,26,0,0,10,0,6,4,0,0
FR_LRE,2020-04-04,92,8,78,0,40,52,0,8,42,36,0,0,20,0,10,10,0,0
FR_LRE,2020-04-05,88,8,82,0,36,52,0,8,46,36,0,0,4,0,4,0,0,0
FR_LRE,2020-04-06,90,8,86,0,38,52,0,8,50,36,0,0,4,0,4,0,0,0
FR_LRE,2020-04-07,74,8,104,0,30,44,0,8,58,46,0,0,18,0,8,10,0,0
FR_LRE,2020-04-08,78,8,110,0,32,46,0,8,64,46,0,0,6,0,6,0,0,0
FR_LRE,2020-04-09,72,6,116,0,28,44,0,6,68,48,0,0,6,0,4,2,0,0
FR_LRE,2020-04-10,84,6,116,0,30,54,0,6,68,48,0,0,0,0,0,0,0,0
FR_LRE,2020-04-11,60,6,140,0,20,40,0,6,78,62,0,0,24,0,10,14,0,0
FR_LRE,2020-04-12,56,6,144,0,18,38,0,6,80,64,0,0,4,0,2,2,0,0
FR_LRE,2020-04-13,56,6,144,0,18,38,0,6,80,64,0,0,0,0,0,0,0,0
FR_LRE,2020-04-14,56,6,144,0,18,38,0,6,80,64,0,0,0,0,0,0,0,0
FR_LRE,2020-04-15,48,6,152,0,16,32,0,6,82,70,0,0,8,0,2,6,0,0
FR_LRE,2020-04-16,38,8,166,0,12,26,0,8,90,76,0,0,14,0,8,6,0,0
FR_LRE,2020-04-17,34,6,172,0,8,26,0,6,94,78,0,0,6,0,4,2,0,0
FR_LRE,2020-04-18,28,4,178,0,6,22,0,4,96,82,0,0,6,0,2,4,0,0
FR_LRE,2020-04-19,34,4,180,0,8,26,0,4,98,82,0,0,2,0,2,0,0,0
FR_LRE,2020-04-20,30,4,186,0,8,22,0,4,100,86,0,0,6,0,2,4,0,0
FR_LRE,2020-04-21,28,4,188,0,8,20,0,4,100,88,0,0,2,0,0,2,0,0
FR_LRE,2020-04-22,24,4,192,0,6,18,0,4,102,90,0,0,4,0,2,2,0,0
FR_LRE,2020-04-23,20,4,196,0,6,14,0,4,102,94,0,0,4,0,0,4,0,0
FR_LRE,2020-04-24,16,4,200,0,2,14,0,4,106,94,0,0,4,0,4,0,0,0
FR_LRE,2020-04-25,14,4,204,0,2,12,0,4,106,98,0,0,4,0,0,4,0,0
FR_LRE,2020-04-26,12,4,206,0,2,10,0,4,106,100,0,0,2,0,0,2,0,0
FR_LRE,2020-04-27,12,4,206,0,2,10,0,4,106,100,0,0,0,0,0,0,0,0
FR_LRE,2020-04-28,12,4,208,0,2,10,0,4,106,102,0,0,2,0,0,2,0,0
FR_LRE,2020-04-29,8,2,218,0,0,8,0,2,114,104,0,0,10,0,8,2,0,0
FR_LRE,2020-04-30,8,2,218,0,0,8,0,2,114,104,0,0,0,0,0,0,0,0
FR_LRE,2020-05-01,8,2,218,0,0,8,0,2,114,104,0,0,0,0,0,0,0,0
FR_LRE,2020-05-02,10,4,220,0,0,10,0,4,116,104,0,0,2,0,2,0,0,0
FR_LRE,2020-05-03,8,4,222,0,0,8,0,4,116,106,0,0,2,0,0,2,0,0
FR_LRE,2020-05-04,8,4,222,0,0,8,0,4,116,106,0,0,0,0,0,0,0,0
FR_LRE,2020-05-05,10,4,224,0,2,8,0,4,116,108,0,0,2,0,0,2,0,0
FR_LRE,2020-05-06,12,4,222,0,2,10,0,4,116,106,0,0,-2,0,0,-2,0,0
FR_LRE,2020-05-07,16,6,222,0,2,14,0,6,116,106,0,0,0,0,0,0,0,0
FR_LRE,2020-05-08,18,8,222,0,2,16,0,8,116,106,0,0,0,0,0,0,0,0
FR_LRE,2020-05-09,20,10,222,0,2,18,0,10,116,106,0,0,0,0,0,0,0,0
FR_LRE,2020-05-10,26,8,224,0,6,20,0,8,116,108,0,0,2,0,0,2,0,0
FR_LRE,2020-05-11,28,10,224,0,6,22,0,10,116,108,0,0,0,0,0,0,0,0
FR_LRE,2020-05-12,28,8,224,0,6,22,0,8,116,108,0,0,0,0,0,0,0,0
FR_LRE,2020-05-13,28,8,224,0,6,22,0,8,116,108,0,0,0,0,0,0,0,0
FR_LRE,2020-05-14,26,8,228,0,4,22,0,8,118,110,0,0,4,0,2,2,0,0
FR_LRE,2020-05-15,26,8,228,0,4,22,0,8,118,110,0,0,0,0,0,0,0,0
FR_LRE,2020-05-16,24,8,230,0,4,20,0,8,118,112,0,0,2,0,0,2,0,0
FR_LRE,2020-05-17,24,8,230,0,4,20,0,8,118,112,0,0,0,0,0,0,0,0
FR_LRE,2020-05-18,24,8,230,0,4,20,0,8,118,112,0,0,0,0,0,0,0,0
FR_LRE,2020-05-19,24,6,230,0,4,20,0,6,118,112,0,0,0,0,0,0,0,0
FR_LRE,2020-05-20,20,4,232,2,4,16,0,4,118,114,0,2,2,2,0,2,0,2
FR_LRE,2020-05-21,22,2,232,2,6,16,0,2,118,114,0,2,0,0,0,0,0,0
FR_LRE,2020-05-22,22,2,232,2,6,16,0,2,118,114,0,2,0,0,0,0,0,0
FR_LRE,2020-05-23,22,2,232,2,6,16,0,2,118,114,0,2,0,0,0,0,0,0
FR_LRE,2020-05-24,24,0,232,2,6,18,0,0,118,114,0,2,0,0,0,0,0,0
FR_LRE,2020-05-25,32,2,232,2,6,26,0,2,118,114,0,2,0,0,0,0,0,0
FR_LRE,2020-05-26,32,2,232,2,6,26,0,2,118,114,0,2,0,0,0,0,0,0
FR_LRE,2020-05-27,42,4,232,2,16,26,2,2,118,114,0,2,0,0,0,0,0,0
FR_LRE,2020-05-28,42,4,232,2,16,26,2,2,118,114,0,2,0,0,0,0,0,0
FR_LRE,2020-05-29,38,6,238,2,14,24,4,2,120,118,0,2,6,0,2,4,0,0
FR_LRE,2020-05-30,40,8,238,2,14,26,4,4,120,118,0,2,0,0,0,0,0,0
FR_LRE,2020-05-31,40,8,238,2,14,26,4,4,120,118,0,2,0,0,0,0,0,0
FR_LRE,2020-06-01,40,6,238,2,14,26,4,2,120,118,0,2,0,0,0,0,0,0
FR_LRE,2020-06-02,46,8,238,2,16,30,6,2,120,118,0,2,0,0,0,0,0,0
FR_LRE,2020-06-03,42,8,242,2,12,30,6,2,124,118,0,2,4,0,4,0,0,0
FR_LRE,2020-06-04,42,8,242,2,12,30,6,2,124,118,0,2,0,0,0,0,0,0
FR_LRE,2020-06-05,40,6,244,2,12,28,6,0,124,120,0,2,2,0,0,2,0,0
FR_LRE,2020-06-06,40,8,244,2,12,28,6,2,124,120,0,2,0,0,0,0,0,0
FR_LRE,2020-06-07,40,8,244,2,12,28,6,2,124,120,0,2,0,0,0,0,0,0
FR_LRE,2020-06-08,40,8,244,2,12,28,6,2,124,120,0,2,0,0,0,0,0,0
FR_LRE,2020-06-09,38,2,246,2,12,26,2,0,124,122,0,2,2,0,0,2,0,0
FR_LRE,2020-06-10,38,2,246,2,12,26,2,0,124,122,0,2,0,0,0,0,0,0
FR_LRE,2020-06-11,38,2,248,2,10,28,2,0,126,122,0,2,2,0,2,0,0,0
FR_LRE,2020-06-12,42,4,250,2,12,30,2,2,126,124,0,2,2,0,0,2,0,0
FR_LRE,2020-06-13,44,4,250,2,12,32,2,2,126,124,0,2,0,0,0,0,0,0
FR_LRE,2020-06-14,44,4,250,2,12,32,2,2,126,124,0,2,0,0,0,0,0,0
FR_LRE,2020-06-15,50,6,250,2,12,38,2,4,126,124,0,2,0,0,0,0,0,0
FR_LRE,2020-06-16,44,6,258,2,8,36,2,4,130,128,0,2,8,0,4,4,0,0
FR_LRE,2020-06-17,46,6,264,2,8,38,2,4,132,132,0,2,6,0,2,4,0,0
FR_LRE,2020-06-18,46,6,264,2,10,36,4,2,132,132,0,2,0,0,0,0,0,0
FR_LRE,2020-06-19,44,6,264,2,10,34,4,2,132,132,0,2,0,0,0,0,0,0
FR_LRE,2020-06-20,46,6,264,2,10,36,4,2,132,132,0,2,0,0,0,0,0,0
FR_LRE,2020-06-21,48,6,264,2,10,38,4,2,132,132,0,2,0,0,0,0,0,0
FR_MAY,2020-03-18,0,0,0,0,0,0,0,0,0,0,0,0,,,,,,
FR_MAY,2020-03-19,0,0,0,0,0,0,0,0,0,0,0,0,0,0,0,0,0,0
FR_MAY,2020-03-20,0,0,0,0,0,0,0,0,0,0,0,0,0,0,0,0,0,0
FR_MAY,2020-03-21,0,0,0,0,0,0,0,0,0,0,0,0,0,0,0,0,0,0
FR_MAY,2020-03-22,0,0,0,0,0,0,0,0,0,0,0,0,0,0,0,0,0,0
FR_MAY,2020-03-23,0,0,0,0,0,0,0,0,0,0,0,0,0,0,0,0,0,0
FR_MAY,2020-03-24,0,0,0,0,0,0,0,0,0,0,0,0,0,0,0,0,0,0
FR_MAY,2020-03-25,0,0,0,0,0,0,0,0,0,0,0,0,0,0,0,0,0,0
FR_MAY,2020-03-26,0,0,0,0,0,0,0,0,0,0,0,0,0,0,0,0,0,0
FR_MAY,2020-03-27,0,0,0,0,0,0,0,0,0,0,0,0,0,0,0,0,0,0
FR_MAY,2020-03-28,0,0,0,0,0,0,0,0,0,0,0,0,0,0,0,0,0,0
FR_MAY,2020-03-29,0,0,0,0,0,0,0,0,0,0,0,0,0,0,0,0,0,0
FR_MAY,2020-03-30,0,0,0,0,0,0,0,0,0,0,0,0,0,0,0,0,0,0
FR_MAY,2020-03-31,0,0,0,0,0,0,0,0,0,0,0,0,0,0,0,0,0,0
FR_MAY,2020-04-01,0,0,2,0,0,0,0,0,2,0,0,0,2,0,2,0,0,0
FR_MAY,2020-04-02,18,6,4,4,6,12,0,6,2,2,0,4,2,4,0,2,0,4
FR_MAY,2020-04-03,36,6,4,4,10,26,0,6,2,2,0,4,0,0,0,0,0,0
FR_MAY,2020-04-04,30,6,14,4,12,18,0,6,4,10,0,4,10,0,2,8,0,0
FR_MAY,2020-04-05,34,6,16,4,14,20,0,6,4,12,0,4,2,0,0,2,0,0
FR_MAY,2020-04-06,32,6,26,4,14,18,0,6,10,16,0,4,10,0,6,4,0,0
FR_MAY,2020-04-07,32,6,34,4,12,20,0,6,14,20,0,4,8,0,4,4,0,0
FR_MAY,2020-04-08,30,8,50,4,10,20,0,8,18,32,0,4,16,0,4,12,0,0
FR_MAY,2020-04-09,32,8,52,4,10,22,0,8,20,32,0,4,2,0,2,0,0,0
FR_MAY,2020-04-10,40,8,48,4,16,24,0,8,16,32,0,4,-4,0,-4,0,0,0
FR_MAY,2020-04-11,40,6,50,6,16,24,0,6,16,34,0,6,2,2,0,2,0,2
FR_MAY,2020-04-12,44,6,50,6,18,26,0,6,16,34,0,6,0,0,0,0,0,0
FR_MAY,2020-04-13,44,6,50,6,18,26,0,6,16,34,0,6,0,0,0,0,0,0
FR_MAY,2020-04-14,30,6,70,6,12,18,0,6,24,46,0,6,20,0,8,12,0,0
FR_MAY,2020-04-15,36,8,74,6,12,24,2,6,30,44,0,6,4,0,6,-2,0,0
FR_MAY,2020-04-16,44,12,78,8,12,32,2,10,32,46,0,8,4,2,2,2,0,2
FR_MAY,2020-04-17,44,12,82,8,10,34,2,10,34,48,0,8,4,0,2,2,0,0
FR_MAY,2020-04-18,46,10,82,8,10,36,0,10,34,48,0,8,0,0,0,0,0,0
FR_MAY,2020-04-19,50,8,86,10,12,38,0,8,36,50,0,10,4,2,2,2,0,2
FR_MAY,2020-04-20,44,8,92,12,6,38,0,8,40,52,2,10,6,2,4,2,2,0
FR_MAY,2020-04-21,40,8,102,12,8,32,0,8,42,60,2,10,10,0,2,8,0,0
FR_MAY,2020-04-22,44,8,106,12,12,32,0,8,44,62,2,10,4,0,2,2,0,0
FR_MAY,2020-04-23,40,8,114,12,12,28,0,8,44,70,2,10,8,0,0,8,0,0
FR_MAY,2020-04-24,54,6,118,12,18,36,0,6,44,74,2,10,4,0,0,4,0,0
FR_MAY,2020-04-25,54,6,118,12,18,36,0,6,44,74,2,10,0,0,0,0,0,0
FR_MAY,2020-04-26,66,10,130,12,22,44,0,10,52,78,2,10,12,0,8,4,0,0
FR_MAY,2020-04-27,72,10,136,12,26,46,0,10,56,80,2,10,6,0,4,2,0,0
FR_MAY,2020-04-28,74,10,142,12,28,46,0,10,56,86,2,10,6,0,0,6,0,0
FR_MAY,2020-04-29,70,10,154,12,24,46,0,10,66,88,2,10,12,0,10,2,0,0
FR_MAY,2020-04-30,66,8,172,12,24,42,0,8,76,96,2,10,18,0,10,8,0,0
FR_MAY,2020-05-01,58,10,188,16,18,40,2,8,86,102,2,14,16,4,10,6,0,4
FR_MAY,2020-05-02,62,10,188,16,20,42,2,8,84,104,2,14,0,0,-2,2,0,0
FR_MAY,2020-05-03,76,12,190,16,30,46,2,10,84,106,2,14,2,0,0,2,0,0
FR_MAY,2020-05-04,84,14,200,18,34,50,4,10,92,108,2,16,10,2,8,2,0,2
FR_MAY,2020-05-05,88,12,206,22,32,56,2,10,98,108,6,16,6,4,6,0,4,0
FR_MAY,2020-05-06,90,14,218,24,36,54,2,12,102,116,6,18,12,2,4,8,0,2
FR_MAY,2020-05-07,104,16,226,24,44,60,4,12,106,120,6,18,8,0,4,4,0,0
FR_MAY,2020-05-08,110,20,232,24,50,60,4,16,108,124,6,18,6,0,2,4,0,0
FR_MAY,2020-05-09,112,18,242,24,48,64,4,14,112,130,6,18,10,0,4,6,0,0
FR_MAY,2020-05-10,118,22,242,24,52,66,8,14,110,132,6,18,0,0,-2,2,0,0
FR_MAY,2020-05-11,94,18,280,26,42,52,8,10,136,144,6,20,38,2,26,12,0,2
FR_MAY,2020-05-12,90,16,296,32,36,54,10,6,148,148,8,24,16,6,12,4,2,4
FR_MAY,2020-05-13,94,20,312,32,40,54,10,10,158,154,8,24,16,0,10,6,0,0
FR_MAY,2020-05-14,104,20,322,32,50,54,10,10,162,160,8,24,10,0,4,6,0,0
FR_MAY,2020-05-15,106,20,332,34,50,56,12,8,166,166,10,24,10,2,4,6,2,0
FR_MAY,2020-05-16,100,22,346,34,48,52,12,10,172,174,10,24,14,0,6,8,0,0
FR_MAY,2020-05-17,108,20,350,34,48,60,12,8,176,174,10,24,4,0,4,0,0,0
FR_MAY,2020-05-18,110,20,350,36,48,62,12,8,176,174,12,24,0,2,0,0,2,0
FR_MAY,2020-05-19,106,24,362,36,44,62,14,10,180,182,12,24,12,0,4,8,0,0
FR_MAY,2020-05-20,108,26,366,36,48,60,14,12,180,186,12,24,4,0,0,4,0,0
FR_MAY,2020-05-21,96,26,390,36,44,52,14,12,196,194,12,24,24,0,16,8,0,0
FR_MAY,2020-05-22,98,24,398,36,44,54,14,10,198,200,12,24,8,0,2,6,0,0
FR_MAY,2020-05-23,86,20,414,38,40,46,10,10,204,210,12,26,16,2,6,10,0,2
FR_MAY,2020-05-24,96,22,416,38,46,50,12,10,204,212,12,26,2,0,0,2,0,0
FR_MAY,2020-05-25,96,22,416,38,52,44,12,10,204,212,12,26,0,0,0,0,0,0
FR_MAY,2020-05-26,92,24,430,38,52,40,12,12,212,218,12,26,14,0,8,6,0,0
FR_MAY,2020-05-27,90,22,440,38,50,40,10,12,218,222,12,26,10,0,6,4,0,0
FR_MAY,2020-05-28,88,22,448,38,50,38,10,12,222,226,12,26,8,0,4,4,0,0
FR_MAY,2020-05-29,108,26,450,38,66,42,14,12,224,226,12,26,2,0,2,0,0,0
FR_MAY,2020-05-30,92,26,474,38,54,38,14,12,242,232,12,26,24,0,18,6,0,0
FR_MAY,2020-05-31,92,26,478,38,54,38,14,12,244,234,12,26,4,0,2,2,0,0
FR_MAY,2020-06-01,90,20,480,42,54,36,12,8,246,234,12,30,2,4,2,0,0,4
FR_MAY,2020-06-02,66,20,506,42,44,22,12,8,258,248,12,30,26,0,12,14,0,0
FR_MAY,2020-06-03,76,20,512,42,48,28,12,8,264,248,12,30,6,0,6,0,0,0
FR_MAY,2020-06-04,80,20,520,42,52,28,12,8,270,250,12,30,8,0,6,2,0,0
FR_MAY,2020-06-05,78,24,532,42,48,30,14,10,280,252,12,30,12,0,10,2,0,0
FR_MAY,2020-06-06,86,24,538,42,48,38,14,10,286,252,12,30,6,0,6,0,0,0
FR_MAY,2020-06-07,86,24,538,42,48,38,14,10,286,252,12,30,0,0,0,0,0,0
FR_MAY,2020-06-08,88,24,548,44,46,42,14,10,292,256,12,32,10,2,6,4,0,2
FR_MAY,2020-06-09,82,24,554,46,42,40,14,10,296,258,12,34,6,2,4,2,0,2
FR_MAY,2020-06-10,82,24,564,46,40,42,14,10,302,262,12,34,10,0,6,4,0,0
FR_MAY,2020-06-11,86,26,570,46,46,40,14,12,302,268,12,34,6,0,0,6,0,0
FR_MAY,2020-06-12,88,32,582,46,44,44,16,16,310,272,12,34,12,0,8,4,0,0
FR_MAY,2020-06-13,92,32,582,48,42,50,14,18,310,272,14,34,0,2,0,0,2,0
FR_MAY,2020-06-14,90,26,586,48,40,50,14,12,314,272,14,34,4,0,4,0,0,0
FR_MAY,2020-06-15,82,22,600,48,34,48,12,10,324,276,14,34,14,0,10,4,0,0
FR_MAY,2020-06-16,80,20,602,50,36,44,12,8,324,278,14,36,2,2,0,2,0,2
FR_MAY,2020-06-17,82,18,606,50,36,46,10,8,328,278,14,36,4,0,4,0,0,0
FR_MAY,2020-06-18,82,18,612,50,34,48,10,8,330,282,14,36,6,0,2,4,0,0
FR_MAY,2020-06-19,76,18,622,50,32,44,10,8,334,288,14,36,10,0,4,6,0,0
FR_MAY,2020-06-20,74,16,634,50,32,42,10,6,340,294,14,36,12,0,6,6,0,0
FR_MAY,2020-06-21,74,18,636,52,30,44,8,10,342,294,16,36,2,2,2,0,2,0
FR_MQ,2020-03-18,32,10,0,2,14,18,4,6,0,0,2,0,,,,,,
FR_MQ,2020-03-19,34,10,0,2,16,18,4,6,0,0,2,0,0,0,0,0,0,0
FR_MQ,2020-03-20,38,10,0,2,18,20,4,6,0,0,2,0,0,0,0,0,0,0
FR_MQ,2020-03-21,38,10,0,2,18,20,4,6,0,0,2,0,0,0,0,0,0,0
FR_MQ,2020-03-22,38,10,0,2,18,20,4,6,0,0,2,0,0,0,0,0,0,0
FR_MQ,2020-03-23,38,10,0,2,18,20,4,6,0,0,2,0,0,0,0,0,0,0
FR_MQ,2020-03-24,26,10,22,2,8,18,2,8,12,10,2,0,22,0,12,10,0,0
FR_MQ,2020-03-25,44,14,24,2,18,26,4,10,12,12,2,0,2,0,0,2,0,0
FR_MQ,2020-03-26,54,20,26,2,22,32,8,12,14,12,2,0,2,0,2,0,0,0
FR_MQ,2020-03-27,88,30,26,2,42,46,14,16,14,12,2,0,0,0,0,0,0,0
FR_MQ,2020-03-28,106,28,30,2,50,56,12,16,16,14,2,0,4,0,2,2,0,0
FR_MQ,2020-03-29,114,30,34,6,50,64,14,16,20,14,2,4,4,4,4,0,0,4
FR_MQ,2020-03-30,114,30,34,6,50,64,14,16,20,14,2,4,0,0,0,0,0,0
FR_MQ,2020-03-31,128,36,40,6,60,68,16,20,20,20,2,4,6,0,0,6,0,0
FR_MQ,2020-04-01,126,38,50,6,56,70,16,22,26,24,2,4,10,0,6,4,0,0
FR_MQ,2020-04-02,114,40,62,6,50,64,16,24,30,32,2,4,12,0,4,8,0,0
FR_MQ,2020-04-03,106,38,68,6,50,56,16,22,30,38,2,4,6,0,0,6,0,0
FR_MQ,2020-04-04,102,36,70,6,42,60,10,26,32,38,2,4,2,0,2,0,0,0
FR_MQ,2020-04-05,108,42,74,6,40,68,10,32,34,40,2,4,4,0,2,2,0,0
FR_MQ,2020-04-06,110,40,74,8,42,68,10,30,34,40,2,6,0,2,0,0,0,2
FR_MQ,2020-04-07,102,38,82,8,34,68,10,28,42,40,2,6,8,0,8,0,0,0
FR_MQ,2020-04-08,98,38,86,8,30,68,10,28,46,40,2,6,4,0,4,0,0,0
FR_MQ,2020-04-09,94,34,90,10,28,66,8,26,48,42,4,6,4,2,2,2,2,0
FR_MQ,2020-04-10,88,32,96,10,28,60,6,26,48,48,4,6,6,0,0,6,0,0
FR_MQ,2020-04-11,82,30,100,10,26,56,6,24,50,50,4,6,4,0,2,2,0,0
FR_MQ,2020-04-12,76,30,104,12,24,52,6,24,52,52,4,8,4,2,2,2,0,2
FR_MQ,2020-04-13,78,32,104,12,24,54,6,26,52,52,4,8,0,0,0,0,0,0
FR_MQ,2020-04-14,78,32,104,12,24,54,6,26,52,52,4,8,0,0,0,0,0,0
FR_MQ,2020-04-15,76,32,106,12,24,52,6,26,52,54,4,8,2,0,0,2,0,0
FR_MQ,2020-04-16,80,34,110,12,28,52,6,28,54,56,4,8,4,0,2,2,0,0
FR_MQ,2020-04-17,76,34,118,12,26,50,6,28,56,62,4,8,8,0,2,6,0,0
FR_MQ,2020-04-18,72,28,120,14,24,48,4,24,58,62,4,10,2,2,2,0,0,2
FR_MQ,2020-04-19,74,26,120,14,26,48,4,22,58,62,4,10,0,0,0,0,0,0
FR_MQ,2020-04-20,70,20,120,18,26,44,4,16,58,62,4,14,0,4,0,0,0,4
FR_MQ,2020-04-21,72,20,120,26,26,46,4,16,58,62,6,20,0,8,0,0,2,6
FR_MQ,2020-04-22,68,18,124,26,24,44,4,14,60,64,6,20,4,0,2,2,0,0
FR_MQ,2020-04-23,66,18,124,28,24,42,4,14,60,64,8,20,0,2,0,0,2,0
FR_MQ,2020-04-24,64,18,126,28,24,40,4,14,60,66,8,20,2,0,0,2,0,0
FR_MQ,2020-04-25,64,18,126,28,24,40,4,14,60,66,8,20,0,0,0,0,0,0
FR_MQ,2020-04-26,64,16,126,28,24,40,4,12,60,66,8,20,0,0,0,0,0,0
FR_MQ,2020-04-27,66,18,126,28,24,42,4,14,60,66,8,20,0,0,0,0,0,0
FR_MQ,2020-04-28,64,16,128,28,24,40,2,14,60,68,8,20,2,0,0,2,0,0
FR_MQ,2020-04-29,64,16,128,28,24,40,2,14,60,68,8,20,0,0,0,0,0,0
FR_MQ,2020-04-30,42,18,154,28,12,30,2,16,72,82,8,20,26,0,12,14,0,0
FR_MQ,2020-05-01,42,16,154,28,12,30,0,16,72,82,8,20,0,0,0,0,0,0
FR_MQ,2020-05-02,42,16,154,28,12,30,0,16,72,82,8,20,0,0,0,0,0,0
FR_MQ,2020-05-03,42,16,154,28,12,30,0,16,72,82,8,20,0,0,0,0,0,0
FR_MQ,2020-05-04,42,16,154,28,12,30,0,16,72,82,8,20,0,0,0,0,0,0
FR_MQ,2020-05-05,38,14,156,28,12,26,0,14,72,84,8,20,2,0,0,2,0,0
FR_MQ,2020-05-06,38,14,156,28,12,26,0,14,72,84,8,20,0,0,0,0,0,0
FR_MQ,2020-05-07,38,14,156,28,12,26,0,14,72,84,8,20,0,0,0,0,0,0
FR_MQ,2020-05-08,38,14,156,28,12,26,0,14,72,84,8,20,0,0,0,0,0,0
FR_MQ,2020-05-09,36,10,158,28,10,26,0,10,74,84,8,20,2,0,2,0,0,0
FR_MQ,2020-05-10,38,10,158,28,12,26,0,10,74,84,8,20,0,0,0,0,0,0
FR_MQ,2020-05-11,38,10,158,28,12,26,0,10,74,84,8,20,0,0,0,0,0,0
FR_MQ,2020-05-12,38,10,158,28,12,26,0,10,74,84,8,20,0,0,0,0,0,0
FR_MQ,2020-05-13,38,10,158,28,12,26,0,10,74,84,8,20,0,0,0,0,0,0
FR_MQ,2020-05-14,38,10,158,28,12,26,0,10,74,84,8,20,0,0,0,0,0,0
FR_MQ,2020-05-15,40,10,158,28,14,26,0,10,74,84,8,20,0,0,0,0,0,0
FR_MQ,2020-05-16,38,10,160,28,12,26,0,10,76,84,8,20,2,0,2,0,0,0
FR_MQ,2020-05-17,38,10,160,28,12,26,0,10,76,84,8,20,0,0,0,0,0,0
FR_MQ,2020-05-18,38,10,160,28,12,26,0,10,76,84,8,20,0,0,0,0,0,0
FR_MQ,2020-05-19,38,10,160,28,12,26,0,10,76,84,8,20,0,0,0,0,0,0
FR_MQ,2020-05-20,36,2,162,28,12,24,0,2,76,86,8,20,2,0,0,2,0,0
FR_MQ,2020-05-21,36,2,162,28,12,24,0,2,76,86,8,20,0,0,0,0,0,0
FR_MQ,2020-05-22,36,4,162,28,12,24,0,4,76,86,8,20,0,0,0,0,0,0
FR_MQ,2020-05-23,36,4,162,28,12,24,0,4,76,86,8,20,0,0,0,0,0,0
FR_MQ,2020-05-24,36,4,162,28,12,24,0,4,76,86,8,20,0,0,0,0,0,0
FR_MQ,2020-05-25,34,4,162,28,12,22,0,4,76,86,8,20,0,0,0,0,0,0
FR_MQ,2020-05-26,34,4,162,28,12,22,0,4,76,86,8,20,0,0,0,0,0,0
FR_MQ,2020-05-27,34,4,162,28,12,22,0,4,76,86,8,20,0,0,0,0,0,0
FR_MQ,2020-05-28,34,4,162,28,12,22,0,4,76,86,8,20,0,0,0,0,0,0
FR_MQ,2020-05-29,34,4,162,28,12,22,0,4,76,86,8,20,0,0,0,0,0,0
FR_MQ,2020-05-30,34,4,162,28,12,22,0,4,76,86,8,20,0,0,0,0,0,0
FR_MQ,2020-05-31,26,4,170,28,8,18,0,4,80,90,8,20,8,0,4,4,0,0
FR_MQ,2020-06-01,26,4,170,28,8,18,0,4,80,90,8,20,0,0,0,0,0,0
FR_MQ,2020-06-02,26,4,170,28,8,18,0,4,80,90,8,20,0,0,0,0,0,0
FR_MQ,2020-06-03,26,4,170,28,8,18,0,4,80,90,8,20,0,0,0,0,0,0
FR_MQ,2020-06-04,24,2,170,28,8,16,0,2,80,90,8,20,0,0,0,0,0,0
FR_MQ,2020-06-05,22,0,172,28,8,14,0,0,80,92,8,20,2,0,0,2,0,0
FR_MQ,2020-06-06,22,0,172,28,8,14,0,0,80,92,8,20,0,0,0,0,0,0
FR_MQ,2020-06-07,20,0,174,28,6,14,0,0,82,92,8,20,2,0,2,0,0,0
FR_MQ,2020-06-08,20,0,174,28,6,14,0,0,82,92,8,20,0,0,0,0,0,0
FR_MQ,2020-06-09,20,0,174,28,6,14,0,0,82,92,8,20,0,0,0,0,0,0
FR_MQ,2020-06-10,20,0,174,28,6,14,0,0,82,92,8,20,0,0,0,0,0,0
FR_MQ,2020-06-11,20,0,174,28,6,14,0,0,82,92,8,20,0,0,0,0,0,0
FR_MQ,2020-06-12,20,0,174,28,6,14,0,0,82,92,8,20,0,0,0,0,0,0
FR_MQ,2020-06-13,16,0,178,28,4,12,0,0,84,94,8,20,4,0,2,2,0,0
FR_MQ,2020-06-14,16,0,178,28,4,12,0,0,84,94,8,20,0,0,0,0,0,0
FR_MQ,2020-06-15,18,2,178,28,4,14,0,2,84,94,8,20,0,0,0,0,0,0
FR_MQ,2020-06-16,18,2,178,28,4,14,0,2,84,94,8,20,0,0,0,0,0,0
FR_MQ,2020-06-17,18,2,178,28,4,14,0,2,84,94,8,20,0,0,0,0,0,0
FR_MQ,2020-06-18,18,2,178,28,4,14,0,2,84,94,8,20,0,0,0,0,0,0
FR_MQ,2020-06-19,18,2,178,28,4,14,0,2,84,94,8,20,0,0,0,0,0,0
FR_MQ,2020-06-20,24,6,178,28,8,16,2,4,84,94,8,20,0,0,0,0,0,0
FR_MQ,2020-06-21,24,6,178,28,8,16,2,4,84,94,8,20,0,0,0,0,0,0
FR_NAQ,2020-03-18,41,12,11,2,18,23,1,11,5,6,2,0,,,,,,
FR_NAQ,2020-03-19,52,11,19,3,21,31,1,10,10,9,2,1,8,1,5,3,0,1
FR_NAQ,2020-03-20,65,15,31,4,28,37,2,13,16,15,2,2,12,1,6,6,0,1
FR_NAQ,2020-03-21,107,28,32,5,44,63,5,23,17,15,3,2,1,1,1,0,1,0
FR_NAQ,2020-03-22,145,39,39,8,59,86,11,28,19,20,4,4,7,3,2,5,1,2
FR_NAQ,2020-03-23,192,45,59,13,82,110,12,33,30,29,8,5,20,5,11,9,4,1
FR_NAQ,2020-03-24,262,68,78,16,117,145,18,50,41,37,7,9,19,3,11,8,-1,4
FR_NAQ,2020-03-25,336,74,115,25,142,194,19,55,63,52,14,11,37,9,22,15,7,2
FR_NAQ,2020-03-26,394,95,162,34,164,230,24,71,89,73,17,17,47,9,26,21,3,6
FR_NAQ,2020-03-27,476,114,190,42,203,273,32,82,103,87,23,19,28,8,14,14,6,2
FR_NAQ,2020-03-28,487,126,210,50,198,289,35,91,114,96,27,23,20,8,11,9,4,4
FR_NAQ,2020-03-29,557,159,226,58,226,331,40,119,123,103,29,29,16,8,9,7,2,6
FR_NAQ,2020-03-30,656,181,276,72,265,391,42,139,150,126,36,36,50,14,27,23,7,7
FR_NAQ,2020-03-31,670,201,347,78,270,400,51,150,195,152,37,41,71,6,45,26,1,5
FR_NAQ,2020-04-01,698,213,413,82,283,415,58,155,225,188,39,43,66,4,30,36,2,2
FR_NAQ,2020-04-02,703,219,493,94,288,415,59,160,263,230,42,52,80,12,38,42,3,9
FR_NAQ,2020-04-03,734,224,519,100,305,429,64,160,276,243,46,54,26,6,13,13,4,2
FR_NAQ,2020-04-04,748,238,551,111,317,431,69,169,292,259,48,63,32,11,16,16,2,9
FR_NAQ,2020-04-05,760,242,577,120,321,439,69,173,309,268,52,68,26,9,17,9,4,5
FR_NAQ,2020-04-06,781,245,608,138,336,445,69,176,324,284,60,78,31,18,15,16,8,10
FR_NAQ,2020-04-07,790,241,667,152,340,450,66,175,351,316,67,85,59,14,27,32,7,7
FR_NAQ,2020-04-08,795,240,737,165,347,448,66,174,386,351,69,96,70,13,35,35,2,11
FR_NAQ,2020-04-09,790,239,787,173,345,445,65,174,413,374,73,100,50,8,27,23,4,4
FR_NAQ,2020-04-10,773,227,741,174,340,433,57,170,367,374,73,101,-46,1,-46,0,0,1
FR_NAQ,2020-04-11,813,262,792,180,353,460,68,194,385,407,75,105,51,6,18,33,2,4
FR_NAQ,2020-04-12,829,255,812,190,357,472,67,188,397,415,81,109,20,10,12,8,6,4
FR_NAQ,2020-04-13,854,257,825,193,365,489,68,189,403,422,83,110,13,3,6,7,2,1
FR_NAQ,2020-04-14,862,248,863,206,374,488,72,176,419,444,91,115,38,13,16,22,8,5
FR_NAQ,2020-04-15,825,233,921,213,358,467,63,170,447,474,94,119,58,7,28,30,3,4
FR_NAQ,2020-04-16,809,217,970,219,347,462,58,159,472,498,97,122,49,6,25,24,3,3
FR_NAQ,2020-04-17,826,200,999,232,363,463,56,144,484,515,100,132,29,13,12,17,3,10
FR_NAQ,2020-04-18,808,190,1044,240,357,451,53,137,504,540,103,137,45,8,20,25,3,5
FR_NAQ,2020-04-19,821,193,1058,246,360,461,54,139,513,545,104,142,14,6,9,5,1,5
FR_NAQ,2020-04-20,834,188,1080,258,372,462,51,137,522,558,107,151,22,12,9,13,3,9
FR_NAQ,2020-04-21,818,179,1103,265,372,446,48,131,530,573,110,155,23,7,8,15,3,4
FR_NAQ,2020-04-22,796,158,1141,266,369,427,41,117,543,598,111,155,38,1,13,25,1,0
FR_NAQ,2020-04-23,766,153,1196,275,356,410,39,114,567,629,114,161,55,9,24,31,3,6
FR_NAQ,2020-04-24,724,141,1240,283,332,392,38,103,591,649,117,166,44,8,24,20,3,5
FR_NAQ,2020-04-25,704,130,1273,287,326,378,34,96,604,669,119,168,33,4,13,20,2,2
FR_NAQ,2020-04-26,707,131,1281,292,329,378,37,94,610,671,122,170,8,5,6,2,3,2
FR_NAQ,2020-04-27,718,125,1299,299,333,385,34,91,619,680,126,173,18,7,9,9,4,3
FR_NAQ,2020-04-28,713,123,1312,300,329,384,34,89,629,683,127,173,13,1,10,3,1,0
FR_NAQ,2020-04-29,663,117,1383,313,309,354,35,82,659,724,135,178,71,13,30,41,8,5
FR_NAQ,2020-04-30,615,111,1445,324,290,325,36,75,690,755,136,188,62,11,31,31,1,10
FR_NAQ,2020-05-01,595,111,1468,324,282,313,36,75,698,770,136,188,23,0,8,15,0,0
FR_NAQ,2020-05-02,592,109,1473,327,279,313,36,73,702,771,137,190,5,3,4,1,1,2
FR_NAQ,2020-05-03,592,109,1484,329,278,314,34,75,707,777,138,191,11,2,5,6,1,1
FR_NAQ,2020-05-04,583,103,1499,336,276,307,32,71,712,787,141,195,15,7,5,10,3,4
FR_NAQ,2020-05-05,567,102,1528,336,265,302,30,72,728,800,141,195,29,0,16,13,0,0
FR_NAQ,2020-05-06,535,92,1561,342,250,285,28,64,743,818,144,198,33,6,15,18,3,3
FR_NAQ,2020-05-07,521,85,1588,347,249,272,29,56,753,835,146,201,27,5,10,17,2,3
FR_NAQ,2020-05-08,499,84,1617,348,236,263,28,56,772,845,146,202,29,1,19,10,0,1
FR_NAQ,2020-05-09,499,85,1625,351,236,263,29,56,776,849,147,204,8,3,4,4,1,2
FR_NAQ,2020-05-10,493,85,1642,353,230,263,29,56,787,855,148,205,17,2,11,6,1,1
FR_NAQ,2020-05-11,487,84,1652,358,225,262,27,57,791,861,150,208,10,5,4,6,2,3
FR_NAQ,2020-05-12,457,75,1676,362,215,242,25,50,799,877,151,211,24,4,8,16,1,3
FR_NAQ,2020-05-13,463,73,1690,364,217,246,26,47,806,884,151,213,14,2,7,7,0,2
FR_NAQ,2020-05-14,454,68,1707,367,214,240,23,45,814,893,152,215,17,3,8,9,1,2
FR_NAQ,2020-05-15,440,66,1723,370,208,232,22,44,821,902,152,218,16,3,7,9,0,3
FR_NAQ,2020-05-16,433,64,1734,371,208,225,21,43,825,909,152,219,11,1,4,7,0,1
FR_NAQ,2020-05-17,428,63,1738,373,206,222,21,42,827,911,153,220,4,2,2,2,1,1
FR_NAQ,2020-05-18,423,62,1746,376,204,219,21,41,832,914,155,221,8,3,5,3,2,1
FR_NAQ,2020-05-19,412,64,1770,377,198,214,22,42,845,925,156,221,24,1,13,11,1,0
FR_NAQ,2020-05-20,391,58,1790,380,189,202,19,39,853,937,157,223,20,3,8,12,1,2
FR_NAQ,2020-05-21,382,56,1799,380,185,197,19,37,857,942,157,223,9,0,4,5,0,0
FR_NAQ,2020-05-22,374,57,1810,381,179,195,19,38,863,947,158,223,11,1,6,5,1,0
FR_NAQ,2020-05-23,374,56,1819,382,176,198,19,37,870,949,158,224,9,1,7,2,0,1
FR_NAQ,2020-05-24,378,57,1820,382,179,199,20,37,870,950,158,224,1,0,0,1,0,0
FR_NAQ,2020-05-25,359,54,1851,385,166,193,19,35,883,968,159,226,31,3,13,18,1,2
FR_NAQ,2020-05-26,348,48,1865,388,164,184,18,30,887,978,160,228,14,3,4,10,1,2
FR_NAQ,2020-05-27,347,46,1873,390,161,186,16,30,891,982,162,228,8,2,4,4,2,0
FR_NAQ,2020-05-28,323,42,1895,394,153,170,14,28,897,998,165,229,22,4,6,16,3,1
FR_NAQ,2020-05-29,304,39,1916,394,145,159,12,27,907,1009,164,230,21,0,10,11,-1,1
FR_NAQ,2020-05-30,297,37,1924,394,142,155,12,25,913,1011,164,230,8,0,6,2,0,0
FR_NAQ,2020-05-31,298,37,1925,395,141,157,11,26,914,1011,165,230,1,1,1,0,1,0
FR_NAQ,2020-06-01,298,36,1926,395,142,156,11,25,914,1012,165,230,1,0,0,1,0,0
FR_NAQ,2020-06-02,255,32,1967,398,123,132,10,22,933,1034,167,231,41,3,19,22,2,1
FR_NAQ,2020-06-03,235,28,1989,400,112,123,8,20,945,1044,167,233,22,2,12,10,0,2
FR_NAQ,2020-06-04,214,29,2016,400,101,113,8,21,960,1056,167,233,27,0,15,12,0,0
FR_NAQ,2020-06-05,210,27,2025,401,99,111,7,20,963,1062,168,233,9,1,3,6,1,0
FR_NAQ,2020-06-06,205,24,2030,403,96,109,7,17,967,1063,169,234,5,2,4,1,1,1
FR_NAQ,2020-06-07,205,24,2033,403,96,109,7,17,968,1065,169,234,3,0,1,2,0,0
FR_NAQ,2020-06-08,194,21,2048,403,94,100,6,15,973,1075,169,234,15,0,5,10,0,0
FR_NAQ,2020-06-09,188,19,2058,405,90,98,5,14,980,1078,170,235,10,2,7,3,1,1
FR_NAQ,2020-06-10,182,19,2065,406,88,94,8,11,983,1082,170,236,7,1,3,4,0,1
FR_NAQ,2020-06-11,176,18,2072,407,85,91,8,10,986,1086,170,237,7,1,3,4,0,1
FR_NAQ,2020-06-12,175,18,2074,408,85,90,8,10,986,1088,171,237,2,1,0,2,1,0
FR_NAQ,2020-06-13,169,18,2079,408,81,88,8,10,990,1089,171,237,5,0,4,1,0,0
FR_NAQ,2020-06-14,166,18,2083,408,79,87,8,10,992,1091,171,237,4,0,2,2,0,0
FR_NAQ,2020-06-15,163,18,2087,410,78,85,8,10,995,1092,171,239,4,2,3,1,0,2
FR_NAQ,2020-06-16,154,17,2098,411,73,81,7,10,1001,1097,171,240,11,1,6,5,0,1
FR_NAQ,2020-06-17,148,16,2104,411,70,78,6,10,1003,1101,171,240,6,0,2,4,0,0
FR_NAQ,2020-06-18,141,16,2109,412,67,74,6,10,1006,1103,171,241,5,1,3,2,0,1
FR_NAQ,2020-06-19,139,16,2112,412,65,74,6,10,1008,1104,171,241,3,0,2,1,0,0
FR_NAQ,2020-06-20,138,16,2114,412,64,74,6,10,1009,1105,171,241,2,0,1,1,0,0
FR_NAQ,2020-06-21,138,16,2114,412,64,74,6,10,1009,1105,171,241,0,0,0,0,0,0
FR_NAQ_16,2020-03-18,1,0,0,0,1,0,0,0,0,0,0,0,,,,,,
FR_NAQ_16,2020-03-19,0,0,2,0,0,0,0,0,1,1,0,0,2,0,1,1,0,0
FR_NAQ_16,2020-03-20,1,0,2,0,0,1,0,0,1,1,0,0,0,0,0,0,0,0
FR_NAQ_16,2020-03-21,3,1,2,0,1,2,0,1,1,1,0,0,0,0,0,0,0,0
FR_NAQ_16,2020-03-22,4,2,2,1,2,2,1,1,1,1,0,1,0,1,0,0,0,1
FR_NAQ_16,2020-03-23,5,3,2,1,2,3,1,2,1,1,0,1,0,0,0,0,0,0
FR_NAQ_16,2020-03-24,12,3,2,2,5,7,1,2,1,1,0,2,0,1,0,0,0,1
FR_NAQ_16,2020-03-25,16,2,2,4,6,10,1,1,1,1,2,2,0,2,0,0,2,0
FR_NAQ_16,2020-03-26,16,2,5,4,6,10,1,1,2,3,2,2,3,0,1,2,0,0
FR_NAQ_16,2020-03-27,24,4,7,4,11,13,3,1,3,4,2,2,2,0,1,1,0,0
FR_NAQ_16,2020-03-28,20,4,11,6,10,10,2,2,4,7,3,3,4,2,1,3,1,1
FR_NAQ_16,2020-03-29,29,6,13,7,12,17,2,4,5,8,3,4,2,1,1,1,0,1
FR_NAQ_16,2020-03-30,34,7,13,9,14,20,2,5,5,8,4,5,0,2,0,0,1,1
FR_NAQ_16,2020-03-31,13,5,14,2,4,9,1,4,8,6,1,1,1,-7,3,-2,-3,-4
FR_NAQ_16,2020-04-01,16,6,16,2,6,10,1,5,8,8,1,1,2,0,0,2,0,0
FR_NAQ_16,2020-04-02,18,7,17,3,5,13,1,6,10,7,2,1,1,1,2,-1,1,0
FR_NAQ_16,2020-04-03,17,6,21,3,6,11,1,5,11,10,2,1,4,0,1,3,0,0
FR_NAQ_16,2020-04-04,16,6,22,3,6,10,1,5,11,11,2,1,1,0,0,1,0,0
FR_NAQ_16,2020-04-05,16,5,23,5,5,11,1,4,12,11,3,2,1,2,1,0,1,1
FR_NAQ_16,2020-04-06,14,5,24,6,5,9,1,4,12,12,3,3,1,1,0,1,0,1
FR_NAQ_16,2020-04-07,11,4,26,7,5,6,1,3,12,14,3,4,2,1,0,2,0,1
FR_NAQ_16,2020-04-08,10,3,28,8,6,4,1,2,12,16,3,5,2,1,0,2,0,1
FR_NAQ_16,2020-04-09,10,3,28,8,6,4,1,2,12,16,3,5,0,0,0,0,0,0
FR_NAQ_16,2020-04-10,9,3,30,8,6,3,0,3,12,18,3,5,2,0,0,2,0,0
FR_NAQ_16,2020-04-11,12,6,30,8,6,6,0,6,12,18,3,5,0,0,0,0,0,0
FR_NAQ_16,2020-04-12,13,5,31,8,6,7,0,5,13,18,3,5,1,0,1,0,0,0
FR_NAQ_16,2020-04-13,13,5,31,8,6,7,0,5,13,18,3,5,0,0,0,0,0,0
FR_NAQ_16,2020-04-14,13,5,31,8,6,7,0,5,13,18,3,5,0,0,0,0,0,0
FR_NAQ_16,2020-04-15,12,4,31,9,6,6,0,4,13,18,3,6,0,1,0,0,0,1
FR_NAQ_16,2020-04-16,10,3,33,9,5,5,0,3,14,19,3,6,2,0,1,1,0,0
FR_NAQ_16,2020-04-17,11,3,33,9,5,6,0,3,14,19,3,6,0,0,0,0,0,0
FR_NAQ_16,2020-04-18,10,2,34,9,5,5,0,2,14,20,3,6,1,0,0,1,0,0
FR_NAQ_16,2020-04-19,12,2,34,9,6,6,0,2,14,20,3,6,0,0,0,0,0,0
FR_NAQ_16,2020-04-20,11,2,34,10,6,5,0,2,14,20,3,7,0,1,0,0,0,1
FR_NAQ_16,2020-04-21,11,2,34,10,6,5,0,2,14,20,3,7,0,0,0,0,0,0
FR_NAQ_16,2020-04-22,9,1,36,10,6,3,0,1,14,22,3,7,2,0,0,2,0,0
FR_NAQ_16,2020-04-23,9,1,36,10,6,3,0,1,14,22,3,7,0,0,0,0,0,0
FR_NAQ_16,2020-04-24,8,1,37,10,6,2,0,1,14,23,3,7,1,0,0,1,0,0
FR_NAQ_16,2020-04-25,8,1,37,10,6,2,0,1,14,23,3,7,0,0,0,0,0,0
FR_NAQ_16,2020-04-26,8,1,37,10,6,2,0,1,14,23,3,7,0,0,0,0,0,0
FR_NAQ_16,2020-04-27,8,1,37,10,6,2,0,1,14,23,3,7,0,0,0,0,0,0
FR_NAQ_16,2020-04-28,7,1,37,11,5,2,0,1,14,23,4,7,0,1,0,0,1,0
FR_NAQ_16,2020-04-29,8,2,37,11,5,3,0,2,14,23,4,7,0,0,0,0,0,0
FR_NAQ_16,2020-04-30,4,2,41,11,2,2,0,2,17,24,4,7,4,0,3,1,0,0
FR_NAQ_16,2020-05-01,5,2,41,11,2,3,0,2,17,24,4,7,0,0,0,0,0,0
FR_NAQ_16,2020-05-02,5,2,41,11,2,3,0,2,17,24,4,7,0,0,0,0,0,0
FR_NAQ_16,2020-05-03,3,2,42,12,0,3,0,2,18,24,5,7,1,1,1,0,1,0
FR_NAQ_16,2020-05-04,4,3,42,12,0,4,0,3,18,24,5,7,0,0,0,0,0,0
FR_NAQ_16,2020-05-05,4,3,42,12,0,4,0,3,18,24,5,7,0,0,0,0,0,0
FR_NAQ_16,2020-05-06,3,2,43,12,0,3,0,2,18,25,5,7,1,0,0,1,0,0
FR_NAQ_16,2020-05-07,3,1,43,12,0,3,0,1,18,25,5,7,0,0,0,0,0,0
FR_NAQ_16,2020-05-08,3,1,43,12,0,3,0,1,18,25,5,7,0,0,0,0,0,0
FR_NAQ_16,2020-05-09,3,1,43,12,0,3,0,1,18,25,5,7,0,0,0,0,0,0
FR_NAQ_16,2020-05-10,3,1,43,12,0,3,0,1,18,25,5,7,0,0,0,0,0,0
FR_NAQ_16,2020-05-11,3,1,43,12,0,3,0,1,18,25,5,7,0,0,0,0,0,0
FR_NAQ_16,2020-05-12,3,1,43,12,0,3,0,1,18,25,5,7,0,0,0,0,0,0
FR_NAQ_16,2020-05-13,7,2,43,12,2,5,0,2,18,25,5,7,0,0,0,0,0,0
FR_NAQ_16,2020-05-14,7,2,43,12,2,5,0,2,18,25,5,7,0,0,0,0,0,0
FR_NAQ_16,2020-05-15,7,2,43,12,2,5,0,2,18,25,5,7,0,0,0,0,0,0
FR_NAQ_16,2020-05-16,7,2,43,12,2,5,0,2,18,25,5,7,0,0,0,0,0,0
FR_NAQ_16,2020-05-17,6,2,44,12,1,5,0,2,19,25,5,7,1,0,1,0,0,0
FR_NAQ_16,2020-05-18,7,2,44,12,1,6,0,2,19,25,5,7,0,0,0,0,0,0
FR_NAQ_16,2020-05-19,5,1,47,12,0,5,0,1,20,27,5,7,3,0,1,2,0,0
FR_NAQ_16,2020-05-20,5,1,47,12,0,5,0,1,20,27,5,7,0,0,0,0,0,0
FR_NAQ_16,2020-05-21,5,1,47,12,0,5,0,1,20,27,5,7,0,0,0,0,0,0
FR_NAQ_16,2020-05-22,5,1,47,12,0,5,0,1,20,27,5,7,0,0,0,0,0,0
FR_NAQ_16,2020-05-23,6,1,47,12,0,6,0,1,20,27,5,7,0,0,0,0,0,0
FR_NAQ_16,2020-05-24,7,1,47,12,0,7,0,1,20,27,5,7,0,0,0,0,0,0
FR_NAQ_16,2020-05-25,8,1,48,12,0,8,0,1,20,28,5,7,1,0,0,1,0,0
FR_NAQ_16,2020-05-26,7,1,50,12,0,7,0,1,20,30,5,7,2,0,0,2,0,0
FR_NAQ_16,2020-05-27,7,1,50,12,0,7,0,1,20,30,5,7,0,0,0,0,0,0
FR_NAQ_16,2020-05-28,6,1,51,12,0,6,0,1,20,31,5,7,1,0,0,1,0,0
FR_NAQ_16,2020-05-29,6,1,51,12,0,6,0,1,20,31,5,7,0,0,0,0,0,0
FR_NAQ_16,2020-05-30,6,1,51,12,0,6,0,1,20,31,5,7,0,0,0,0,0,0
FR_NAQ_16,2020-05-31,6,1,51,12,0,6,0,1,20,31,5,7,0,0,0,0,0,0
FR_NAQ_16,2020-06-01,6,1,51,12,0,6,0,1,20,31,5,7,0,0,0,0,0,0
FR_NAQ_16,2020-06-02,6,1,51,12,0,6,0,1,20,31,5,7,0,0,0,0,0,0
FR_NAQ_16,2020-06-03,6,1,51,12,0,6,0,1,20,31,5,7,0,0,0,0,0,0
FR_NAQ_16,2020-06-04,6,1,51,12,0,6,0,1,20,31,5,7,0,0,0,0,0,0
FR_NAQ_16,2020-06-05,6,1,51,12,0,6,0,1,20,31,5,7,0,0,0,0,0,0
FR_NAQ_16,2020-06-06,6,1,51,12,0,6,0,1,20,31,5,7,0,0,0,0,0,0
FR_NAQ_16,2020-06-07,6,1,54,12,0,6,0,1,21,33,5,7,3,0,1,2,0,0
FR_NAQ_16,2020-06-08,6,1,54,12,0,6,0,1,21,33,5,7,0,0,0,0,0,0
FR_NAQ_16,2020-06-09,6,1,54,12,0,6,0,1,21,33,5,7,0,0,0,0,0,0
FR_NAQ_16,2020-06-10,6,1,54,12,0,6,0,1,21,33,5,7,0,0,0,0,0,0
FR_NAQ_16,2020-06-11,4,1,55,13,0,4,0,1,21,34,5,8,1,1,0,1,0,1
FR_NAQ_16,2020-06-12,4,1,55,13,0,4,0,1,21,34,5,8,0,0,0,0,0,0
FR_NAQ_16,2020-06-13,4,1,55,13,0,4,0,1,21,34,5,8,0,0,0,0,0,0
FR_NAQ_16,2020-06-14,4,1,55,13,0,4,0,1,21,34,5,8,0,0,0,0,0,0
FR_NAQ_16,2020-06-15,4,1,55,13,0,4,0,1,21,34,5,8,0,0,0,0,0,0
FR_NAQ_16,2020-06-16,4,1,55,13,0,4,0,1,21,34,5,8,0,0,0,0,0,0
FR_NAQ_16,2020-06-17,4,1,55,13,0,4,0,1,21,34,5,8,0,0,0,0,0,0
FR_NAQ_16,2020-06-18,4,1,55,13,0,4,0,1,21,34,5,8,0,0,0,0,0,0
FR_NAQ_16,2020-06-19,4,1,55,13,0,4,0,1,21,34,5,8,0,0,0,0,0,0
FR_NAQ_16,2020-06-20,4,1,55,13,0,4,0,1,21,34,5,8,0,0,0,0,0,0
FR_NAQ_16,2020-06-21,4,1,55,13,0,4,0,1,21,34,5,8,0,0,0,0,0,0
FR_NAQ_17,2020-03-18,5,2,2,0,0,5,0,2,0,2,0,0,,,,,,
FR_NAQ_17,2020-03-19,7,2,2,0,0,7,0,2,0,2,0,0,0,0,0,0,0,0
FR_NAQ_17,2020-03-20,9,3,2,0,1,8,0,3,0,2,0,0,0,0,0,0,0,0
FR_NAQ_17,2020-03-21,11,4,2,0,2,9,0,4,0,2,0,0,0,0,0,0,0,0
FR_NAQ_17,2020-03-22,12,4,5,0,3,9,0,4,1,4,0,0,3,0,1,2,0,0
FR_NAQ_17,2020-03-23,13,6,6,0,4,9,0,6,1,5,0,0,1,0,0,1,0,0
FR_NAQ_17,2020-03-24,26,6,6,0,9,17,0,6,1,5,0,0,0,0,0,0,0,0
FR_NAQ_17,2020-03-25,26,6,7,0,9,17,0,6,2,5,0,0,1,0,1,0,0,0
FR_NAQ_17,2020-03-26,36,11,15,0,14,22,3,8,7,8,0,0,8,0,5,3,0,0
FR_NAQ_17,2020-03-27,36,13,16,0,13,23,4,9,7,9,0,0,1,0,0,1,0,0
FR_NAQ_17,2020-03-28,41,16,19,1,15,26,5,11,9,10,0,1,3,1,2,1,0,1
FR_NAQ_17,2020-03-29,46,21,20,3,21,25,7,14,9,11,0,3,1,2,0,1,0,2
FR_NAQ_17,2020-03-30,61,25,21,6,25,36,6,19,9,12,1,5,1,3,0,1,1,2
FR_NAQ_17,2020-03-31,56,24,27,9,25,31,7,17,12,15,2,7,6,3,3,3,1,2
FR_NAQ_17,2020-04-01,65,24,31,10,28,37,7,17,14,17,2,8,4,1,2,2,0,1
FR_NAQ_17,2020-04-02,66,25,33,11,29,37,7,18,15,18,3,8,2,1,1,1,1,0
FR_NAQ_17,2020-04-03,74,25,32,11,30,44,7,18,14,18,3,8,-1,0,-1,0,0,0
FR_NAQ_17,2020-04-04,79,25,36,11,32,47,6,19,18,18,3,8,4,0,4,0,0,0
FR_NAQ_17,2020-04-05,79,25,39,13,32,47,7,18,20,19,4,9,3,2,2,1,1,1
FR_NAQ_17,2020-04-06,81,26,41,15,31,50,7,19,22,19,4,11,2,2,2,0,0,2
FR_NAQ_17,2020-04-07,89,26,46,19,34,55,6,20,25,21,7,12,5,4,3,2,3,1
FR_NAQ_17,2020-04-08,91,24,50,21,33,58,4,20,26,24,8,13,4,2,1,3,1,1
FR_NAQ_17,2020-04-09,80,23,54,21,28,52,4,19,28,26,8,13,4,0,2,2,0,0
FR_NAQ_17,2020-04-10,78,21,56,21,25,53,3,18,28,28,8,13,2,0,0,2,0,0
FR_NAQ_17,2020-04-11,79,22,57,22,27,52,3,19,27,30,8,14,1,1,-1,2,0,1
FR_NAQ_17,2020-04-12,85,21,57,23,29,56,3,18,27,30,8,15,0,1,0,0,0,1
FR_NAQ_17,2020-04-13,84,19,58,23,29,55,2,17,28,30,8,15,1,0,1,0,0,0
FR_NAQ_17,2020-04-14,93,20,60,25,31,62,3,17,28,32,9,16,2,2,0,2,1,1
FR_NAQ_17,2020-04-15,82,21,64,27,28,54,2,19,30,34,11,16,4,2,2,2,2,0
FR_NAQ_17,2020-04-16,81,19,67,27,29,52,1,18,31,36,11,16,3,0,1,2,0,0
FR_NAQ_17,2020-04-17,82,17,68,28,31,51,2,15,31,37,11,17,1,1,0,1,0,1
FR_NAQ_17,2020-04-18,85,19,71,28,32,53,2,17,32,39,11,17,3,0,1,2,0,0
FR_NAQ_17,2020-04-19,84,19,71,29,32,52,2,17,32,39,11,18,0,1,0,0,0,1
FR_NAQ_17,2020-04-20,83,19,72,32,33,50,2,17,32,40,11,21,1,3,0,1,0,3
FR_NAQ_17,2020-04-21,83,17,75,32,32,51,2,15,33,42,11,21,3,0,1,2,0,0
FR_NAQ_17,2020-04-22,80,16,75,33,30,50,2,14,33,42,12,21,0,1,0,0,1,0
FR_NAQ_17,2020-04-23,80,15,79,34,33,47,2,13,34,45,12,22,4,1,1,3,0,1
FR_NAQ_17,2020-04-24,74,14,81,37,32,42,2,12,34,47,12,25,2,3,0,2,0,3
FR_NAQ_17,2020-04-25,73,14,82,37,32,41,2,12,34,48,12,25,1,0,0,1,0,0
FR_NAQ_17,2020-04-26,69,14,83,40,29,40,2,12,35,48,14,26,1,3,1,0,2,1
FR_NAQ_17,2020-04-27,72,14,83,41,30,42,2,12,35,48,14,27,0,1,0,0,0,1
FR_NAQ_17,2020-04-28,71,14,84,41,29,42,2,12,36,48,14,27,1,0,1,0,0,0
FR_NAQ_17,2020-04-29,68,12,87,41,28,40,2,10,37,50,14,27,3,0,1,2,0,0
FR_NAQ_17,2020-04-30,62,12,93,43,28,34,3,9,38,55,14,29,6,2,1,5,0,2
FR_NAQ_17,2020-05-01,61,11,94,43,28,33,3,8,38,56,14,29,1,0,0,1,0,0
FR_NAQ_17,2020-05-02,60,11,96,43,27,33,3,8,39,57,14,29,2,0,1,1,0,0
FR_NAQ_17,2020-05-03,60,11,96,43,27,33,3,8,39,57,14,29,0,0,0,0,0,0
FR_NAQ_17,2020-05-04,59,11,97,43,26,33,3,8,40,57,14,29,1,0,1,0,0,0
FR_NAQ_17,2020-05-05,57,11,98,43,26,31,3,8,40,58,14,29,1,0,0,1,0,0
FR_NAQ_17,2020-05-06,54,10,102,43,26,28,3,7,41,61,14,29,4,0,1,3,0,0
FR_NAQ_17,2020-05-07,50,8,105,44,27,23,4,4,41,64,14,30,3,1,0,3,0,1
FR_NAQ_17,2020-05-08,49,8,106,44,26,23,4,4,42,64,14,30,1,0,1,0,0,0
FR_NAQ_17,2020-05-09,49,8,106,44,26,23,4,4,42,64,14,30,0,0,0,0,0,0
FR_NAQ_17,2020-05-10,50,8,106,44,26,24,4,4,42,64,14,30,0,0,0,0,0,0
FR_NAQ_17,2020-05-11,49,8,107,44,26,23,4,4,42,65,14,30,1,0,0,1,0,0
FR_NAQ_17,2020-05-12,47,8,109,44,26,21,4,4,42,67,14,30,2,0,0,2,0,0
FR_NAQ_17,2020-05-13,47,7,109,44,26,21,4,3,42,67,14,30,0,0,0,0,0,0
FR_NAQ_17,2020-05-14,44,7,111,45,24,20,4,3,43,68,15,30,2,1,1,1,1,0
FR_NAQ_17,2020-05-15,41,7,114,45,23,18,4,3,44,70,15,30,3,0,1,2,0,0
FR_NAQ_17,2020-05-16,40,7,115,45,22,18,4,3,45,70,15,30,1,0,1,0,0,0
FR_NAQ_17,2020-05-17,39,7,116,45,22,17,4,3,45,71,15,30,1,0,0,1,0,0
FR_NAQ_17,2020-05-18,37,5,116,45,22,15,4,1,45,71,15,30,0,0,0,0,0,0
FR_NAQ_17,2020-05-19,36,5,118,45,21,15,4,1,46,72,15,30,2,0,1,1,0,0
FR_NAQ_17,2020-05-20,34,4,119,46,21,13,4,0,46,73,15,31,1,1,0,1,0,1
FR_NAQ_17,2020-05-21,34,4,119,46,21,13,4,0,46,73,15,31,0,0,0,0,0,0
FR_NAQ_17,2020-05-22,34,4,119,46,21,13,4,0,46,73,15,31,0,0,0,0,0,0
FR_NAQ_17,2020-05-23,33,4,120,46,21,12,4,0,46,74,15,31,1,0,0,1,0,0
FR_NAQ_17,2020-05-24,33,4,120,46,21,12,4,0,46,74,15,31,0,0,0,0,0,0
FR_NAQ_17,2020-05-25,32,3,121,46,20,12,3,0,47,74,15,31,1,0,1,0,0,0
FR_NAQ_17,2020-05-26,31,2,121,47,19,12,2,0,47,74,16,31,0,1,0,0,1,0
FR_NAQ_17,2020-05-27,29,2,122,48,17,12,2,0,48,74,17,31,1,1,1,0,1,0
FR_NAQ_17,2020-05-28,29,1,122,48,17,12,1,0,48,74,17,31,0,0,0,0,0,0
FR_NAQ_17,2020-05-29,25,1,126,48,15,10,1,0,50,76,17,31,4,0,2,2,0,0
FR_NAQ_17,2020-05-30,25,1,126,48,15,10,1,0,50,76,17,31,0,0,0,0,0,0
FR_NAQ_17,2020-05-31,25,1,126,48,15,10,1,0,50,76,17,31,0,0,0,0,0,0
FR_NAQ_17,2020-06-01,25,1,126,48,15,10,1,0,50,76,17,31,0,0,0,0,0,0
FR_NAQ_17,2020-06-02,25,1,126,48,15,10,1,0,50,76,17,31,0,0,0,0,0,0
FR_NAQ_17,2020-06-03,23,1,128,48,13,10,1,0,52,76,17,31,2,0,2,0,0,0
FR_NAQ_17,2020-06-04,23,1,128,48,13,10,1,0,52,76,17,31,0,0,0,0,0,0
FR_NAQ_17,2020-06-05,23,1,129,48,13,10,1,0,52,77,17,31,1,0,0,1,0,0
FR_NAQ_17,2020-06-06,23,1,129,48,13,10,1,0,52,77,17,31,0,0,0,0,0,0
FR_NAQ_17,2020-06-07,23,1,129,48,13,10,1,0,52,77,17,31,0,0,0,0,0,0
FR_NAQ_17,2020-06-08,23,1,129,48,13,10,1,0,52,77,17,31,0,0,0,0,0,0
FR_NAQ_17,2020-06-09,23,1,129,48,13,10,1,0,52,77,17,31,0,0,0,0,0,0
FR_NAQ_17,2020-06-10,23,1,129,48,13,10,1,0,52,77,17,31,0,0,0,0,0,0
FR_NAQ_17,2020-06-11,23,1,129,48,13,10,1,0,52,77,17,31,0,0,0,0,0,0
FR_NAQ_17,2020-06-12,22,1,129,49,12,10,1,0,52,77,18,31,0,1,0,0,1,0
FR_NAQ_17,2020-06-13,22,1,129,49,12,10,1,0,52,77,18,31,0,0,0,0,0,0
FR_NAQ_17,2020-06-14,22,1,129,49,12,10,1,0,52,77,18,31,0,0,0,0,0,0
FR_NAQ_17,2020-06-15,21,1,130,49,11,10,1,0,53,77,18,31,1,0,1,0,0,0
FR_NAQ_17,2020-06-16,21,1,131,49,11,10,1,0,54,77,18,31,1,0,1,0,0,0
FR_NAQ_17,2020-06-17,21,1,131,49,11,10,1,0,54,77,18,31,0,0,0,0,0,0
FR_NAQ_17,2020-06-18,17,1,134,50,8,9,1,0,57,77,18,32,3,1,3,0,0,1
FR_NAQ_17,2020-06-19,16,1,135,50,7,9,1,0,58,77,18,32,1,0,1,0,0,0
FR_NAQ_17,2020-06-20,15,1,136,50,7,8,1,0,58,78,18,32,1,0,0,1,0,0
FR_NAQ_17,2020-06-21,15,1,136,50,7,8,1,0,58,78,18,32,0,0,0,0,0,0
FR_NAQ_19,2020-03-18,0,0,0,0,0,0,0,0,0,0,0,0,,,,,,
FR_NAQ_19,2020-03-19,1,0,0,0,0,1,0,0,0,0,0,0,0,0,0,0,0,0
FR_NAQ_19,2020-03-20,1,0,0,0,0,1,0,0,0,0,0,0,0,0,0,0,0,0
FR_NAQ_19,2020-03-21,1,0,0,0,0,1,0,0,0,0,0,0,0,0,0,0,0,0
FR_NAQ_19,2020-03-22,4,0,0,1,0,4,0,0,0,0,0,1,0,1,0,0,0,1
FR_NAQ_19,2020-03-23,3,0,0,2,0,3,0,0,0,0,0,2,0,1,0,0,0,1
FR_NAQ_19,2020-03-24,12,3,0,3,3,9,1,2,0,0,0,3,0,1,0,0,0,1
FR_NAQ_19,2020-03-25,15,4,0,3,4,11,1,3,0,0,0,3,0,0,0,0,0,0
FR_NAQ_19,2020-03-26,16,6,1,3,5,11,2,4,0,1,0,3,1,0,0,1,0,0
FR_NAQ_19,2020-03-27,16,6,1,3,6,10,2,4,0,1,0,3,0,0,0,0,0,0
FR_NAQ_19,2020-03-28,29,6,1,3,10,19,1,5,0,1,0,3,0,0,0,0,0,0
FR_NAQ_19,2020-03-29,32,7,2,3,11,21,2,5,0,2,0,3,1,0,0,1,0,0
FR_NAQ_19,2020-03-30,37,8,4,3,15,22,3,5,0,4,0,3,2,0,0,2,0,0
FR_NAQ_19,2020-03-31,38,7,5,3,15,23,2,5,1,4,0,3,1,0,1,0,0,0
FR_NAQ_19,2020-04-01,39,8,8,4,16,23,1,7,2,6,0,4,3,1,1,2,0,1
FR_NAQ_19,2020-04-02,38,8,11,4,17,21,1,7,2,9,0,4,3,0,0,3,0,0
FR_NAQ_19,2020-04-03,42,8,14,4,18,24,1,7,3,11,0,4,3,0,1,2,0,0
FR_NAQ_19,2020-04-04,43,7,15,7,22,21,1,6,4,11,0,7,1,3,1,0,0,3
FR_NAQ_19,2020-04-05,41,7,16,7,21,20,1,6,5,11,0,7,1,0,1,0,0,0
FR_NAQ_19,2020-04-06,43,7,17,9,22,21,1,6,5,12,0,9,1,2,0,1,0,2
FR_NAQ_19,2020-04-07,40,7,23,11,20,20,2,5,8,15,0,11,6,2,3,3,0,2
FR_NAQ_19,2020-04-08,42,8,26,11,19,23,2,6,11,15,0,11,3,0,3,0,0,0
FR_NAQ_19,2020-04-09,43,9,29,12,19,24,2,7,13,16,0,12,3,1,2,1,0,1
FR_NAQ_19,2020-04-10,38,9,34,12,14,24,2,7,17,17,0,12,5,0,4,1,0,0
FR_NAQ_19,2020-04-11,45,11,37,13,17,28,2,9,19,18,0,13,3,1,2,1,0,1
FR_NAQ_19,2020-04-12,47,11,38,14,19,28,2,9,19,19,0,14,1,1,0,1,0,1
FR_NAQ_19,2020-04-13,50,12,38,14,19,31,2,10,19,19,0,14,0,0,0,0,0,0
FR_NAQ_19,2020-04-14,52,11,39,16,20,32,2,9,19,20,1,15,1,2,0,1,1,1
FR_NAQ_19,2020-04-15,53,11,41,17,19,34,2,9,21,20,1,16,2,1,2,0,0,1
FR_NAQ_19,2020-04-16,55,11,44,18,20,35,2,9,21,23,2,16,3,1,0,3,1,0
FR_NAQ_19,2020-04-17,56,11,45,18,21,35,2,9,21,24,2,16,1,0,0,1,0,0
FR_NAQ_19,2020-04-18,60,10,47,20,24,36,2,8,22,25,2,18,2,2,1,1,0,2
FR_NAQ_19,2020-04-19,65,10,47,20,26,39,2,8,22,25,2,18,0,0,0,0,0,0
FR_NAQ_19,2020-04-20,69,12,50,21,28,41,3,9,23,27,2,19,3,1,1,2,0,1
FR_NAQ_19,2020-04-21,71,11,52,22,28,43,3,8,25,27,2,20,2,1,2,0,0,1
FR_NAQ_19,2020-04-22,71,9,53,22,28,43,2,7,25,28,2,20,1,0,0,1,0,0
FR_NAQ_19,2020-04-23,72,9,54,22,28,44,2,7,26,28,2,20,1,0,1,0,0,0
FR_NAQ_19,2020-04-24,76,9,55,22,31,45,2,7,26,29,2,20,1,0,0,1,0,0
FR_NAQ_19,2020-04-25,73,9,59,22,31,42,2,7,27,32,2,20,4,0,1,3,0,0
FR_NAQ_19,2020-04-26,74,9,59,22,31,43,2,7,27,32,2,20,0,0,0,0,0,0
FR_NAQ_19,2020-04-27,78,10,61,23,33,45,2,8,28,33,3,20,2,1,1,1,1,0
FR_NAQ_19,2020-04-28,77,10,62,23,32,45,2,8,29,33,3,20,1,0,1,0,0,0
FR_NAQ_19,2020-04-29,76,11,64,26,29,47,3,8,29,35,5,21,2,3,0,2,2,1
FR_NAQ_19,2020-04-30,80,11,64,28,34,46,4,7,29,35,5,23,0,2,0,0,0,2
FR_NAQ_19,2020-05-01,80,11,64,28,34,46,4,7,29,35,5,23,0,0,0,0,0,0
FR_NAQ_19,2020-05-02,80,11,64,28,34,46,4,7,29,35,5,23,0,0,0,0,0,0
FR_NAQ_19,2020-05-03,76,10,70,28,35,41,3,7,30,40,5,23,6,0,1,5,0,0
FR_NAQ_19,2020-05-04,76,9,71,28,36,40,3,6,30,41,5,23,1,0,0,1,0,0
FR_NAQ_19,2020-05-05,74,9,74,28,35,39,3,6,31,43,5,23,3,0,1,2,0,0
FR_NAQ_19,2020-05-06,71,9,76,30,34,37,3,6,32,44,6,24,2,2,1,1,1,1
FR_NAQ_19,2020-05-07,69,8,79,30,33,36,3,5,33,46,6,24,3,0,1,2,0,0
FR_NAQ_19,2020-05-08,64,8,85,30,30,34,3,5,37,48,6,24,6,0,4,2,0,0
FR_NAQ_19,2020-05-09,66,9,85,30,31,35,4,5,37,48,6,24,0,0,0,0,0,0
FR_NAQ_19,2020-05-10,67,9,85,30,31,36,4,5,37,48,6,24,0,0,0,0,0,0
FR_NAQ_19,2020-05-11,65,8,90,30,28,37,3,5,40,50,6,24,5,0,3,2,0,0
FR_NAQ_19,2020-05-12,62,7,92,31,26,36,3,4,42,50,6,25,2,1,2,0,0,1
FR_NAQ_19,2020-05-13,67,6,92,32,27,40,2,4,42,50,6,26,0,1,0,0,0,1
FR_NAQ_19,2020-05-14,63,5,94,32,26,37,2,3,43,51,6,26,2,0,1,1,0,0
FR_NAQ_19,2020-05-15,62,5,95,33,26,36,2,3,44,51,6,27,1,1,1,0,0,1
FR_NAQ_19,2020-05-16,58,4,97,33,25,33,1,3,45,52,6,27,2,0,1,1,0,0
FR_NAQ_19,2020-05-17,58,4,97,33,25,33,1,3,45,52,6,27,0,0,0,0,0,0
FR_NAQ_19,2020-05-18,59,4,97,33,26,33,1,3,45,52,6,27,0,0,0,0,0,0
FR_NAQ_19,2020-05-19,56,6,103,33,23,33,1,5,49,54,6,27,6,0,4,2,0,0
FR_NAQ_19,2020-05-20,56,6,103,33,23,33,1,5,49,54,6,27,0,0,0,0,0,0
FR_NAQ_19,2020-05-21,54,6,105,33,22,32,1,5,50,55,6,27,2,0,1,1,0,0
FR_NAQ_19,2020-05-22,52,6,106,34,21,31,1,5,50,56,7,27,1,1,0,1,1,0
FR_NAQ_19,2020-05-23,52,6,106,34,21,31,1,5,50,56,7,27,0,0,0,0,0,0
FR_NAQ_19,2020-05-24,52,6,106,34,21,31,1,5,50,56,7,27,0,0,0,0,0,0
FR_NAQ_19,2020-05-25,49,5,109,34,20,29,2,3,51,58,7,27,3,0,1,2,0,0
FR_NAQ_19,2020-05-26,45,4,114,34,19,26,2,2,53,61,7,27,5,0,2,3,0,0
FR_NAQ_19,2020-05-27,49,4,114,34,22,27,2,2,53,61,7,27,0,0,0,0,0,0
FR_NAQ_19,2020-05-28,48,4,115,34,22,26,2,2,53,62,7,27,1,0,0,1,0,0
FR_NAQ_19,2020-05-29,47,4,115,34,22,25,2,2,53,62,7,27,0,0,0,0,0,0
FR_NAQ_19,2020-05-30,46,3,117,34,21,25,2,1,56,61,7,27,2,0,3,-1,0,0
FR_NAQ_19,2020-05-31,45,3,118,34,20,25,2,1,57,61,7,27,1,0,1,0,0,0
FR_NAQ_19,2020-06-01,45,3,118,34,20,25,2,1,57,61,7,27,0,0,0,0,0,0
FR_NAQ_19,2020-06-02,16,0,144,37,7,9,0,0,68,76,9,28,26,3,11,15,2,1
FR_NAQ_19,2020-06-03,12,0,149,37,5,7,0,0,70,79,9,28,5,0,2,3,0,0
FR_NAQ_19,2020-06-04,0,0,161,37,0,0,0,0,75,86,9,28,12,0,5,7,0,0
FR_NAQ_19,2020-06-05,0,0,159,37,0,0,0,0,74,85,9,28,-2,0,-1,-1,0,0
FR_NAQ_19,2020-06-06,0,0,159,37,0,0,0,0,74,85,9,28,0,0,0,0,0,0
FR_NAQ_19,2020-06-07,0,0,159,37,0,0,0,0,74,85,9,28,0,0,0,0,0,0
FR_NAQ_19,2020-06-08,0,0,159,37,0,0,0,0,74,85,9,28,0,0,0,0,0,0
FR_NAQ_19,2020-06-09,0,0,159,37,0,0,0,0,74,85,9,28,0,0,0,0,0,0
FR_NAQ_19,2020-06-10,0,0,159,37,0,0,0,0,74,85,9,28,0,0,0,0,0,0
FR_NAQ_19,2020-06-11,0,0,159,37,0,0,0,0,74,85,9,28,0,0,0,0,0,0
FR_NAQ_19,2020-06-12,0,0,159,37,0,0,0,0,74,85,9,28,0,0,0,0,0,0
FR_NAQ_19,2020-06-13,0,0,159,37,0,0,0,0,74,85,9,28,0,0,0,0,0,0
FR_NAQ_19,2020-06-14,0,0,159,37,0,0,0,0,74,85,9,28,0,0,0,0,0,0
FR_NAQ_19,2020-06-15,0,0,159,37,0,0,0,0,74,85,9,28,0,0,0,0,0,0
FR_NAQ_19,2020-06-16,0,0,159,37,0,0,0,0,74,85,9,28,0,0,0,0,0,0
FR_NAQ_19,2020-06-17,0,0,159,37,0,0,0,0,74,85,9,28,0,0,0,0,0,0
FR_NAQ_19,2020-06-18,0,0,159,37,0,0,0,0,74,85,9,28,0,0,0,0,0,0
FR_NAQ_19,2020-06-19,0,0,159,37,0,0,0,0,74,85,9,28,0,0,0,0,0,0
FR_NAQ_19,2020-06-20,0,0,159,37,0,0,0,0,74,85,9,28,0,0,0,0,0,0
FR_NAQ_19,2020-06-21,0,0,159,37,0,0,0,0,74,85,9,28,0,0,0,0,0,0
FR_NAQ_23,2020-03-18,0,0,0,0,0,0,0,0,0,0,0,0,,,,,,
FR_NAQ_23,2020-03-19,0,0,0,0,0,0,0,0,0,0,0,0,0,0,0,0,0,0
FR_NAQ_23,2020-03-20,0,0,0,0,0,0,0,0,0,0,0,0,0,0,0,0,0,0
FR_NAQ_23,2020-03-21,1,0,0,0,0,1,0,0,0,0,0,0,0,0,0,0,0,0
FR_NAQ_23,2020-03-22,1,0,0,0,0,1,0,0,0,0,0,0,0,0,0,0,0,0
FR_NAQ_23,2020-03-23,2,0,0,0,0,2,0,0,0,0,0,0,0,0,0,0,0,0
FR_NAQ_23,2020-03-24,2,0,0,0,0,2,0,0,0,0,0,0,0,0,0,0,0,0
FR_NAQ_23,2020-03-25,4,0,0,0,1,3,0,0,0,0,0,0,0,0,0,0,0,0
FR_NAQ_23,2020-03-26,4,0,0,0,1,3,0,0,0,0,0,0,0,0,0,0,0,0
FR_NAQ_23,2020-03-27,6,2,0,0,1,5,0,2,0,0,0,0,0,0,0,0,0,0
FR_NAQ_23,2020-03-28,6,2,0,0,1,5,0,2,0,0,0,0,0,0,0,0,0,0
FR_NAQ_23,2020-03-29,6,2,0,0,1,5,0,2,0,0,0,0,0,0,0,0,0,0
FR_NAQ_23,2020-03-30,8,4,0,0,2,6,1,3,0,0,0,0,0,0,0,0,0,0
FR_NAQ_23,2020-03-31,9,4,1,0,3,6,1,3,0,1,0,0,1,0,0,1,0,0
FR_NAQ_23,2020-04-01,11,4,1,0,4,7,1,3,0,1,0,0,0,0,0,0,0,0
FR_NAQ_23,2020-04-02,11,5,2,0,4,7,1,4,0,2,0,0,1,0,0,1,0,0
FR_NAQ_23,2020-04-03,11,5,2,0,4,7,1,4,0,2,0,0,0,0,0,0,0,0
FR_NAQ_23,2020-04-04,12,5,3,1,4,8,1,4,1,2,0,1,1,1,1,0,0,1
FR_NAQ_23,2020-04-05,12,5,3,1,4,8,1,4,1,2,0,1,0,0,0,0,0,0
FR_NAQ_23,2020-04-06,11,5,4,3,3,8,1,4,2,2,1,2,1,2,1,0,1,1
FR_NAQ_23,2020-04-07,13,7,5,3,3,10,1,6,2,3,1,2,1,0,0,1,0,0
FR_NAQ_23,2020-04-08,28,9,5,4,13,15,3,6,2,3,2,2,0,1,0,0,1,0
FR_NAQ_23,2020-04-09,29,10,6,4,13,16,3,7,3,3,2,2,1,0,1,0,0,0
FR_NAQ_23,2020-04-10,29,13,9,4,13,16,4,9,4,5,2,2,3,0,1,2,0,0
FR_NAQ_23,2020-04-11,31,14,9,4,13,18,4,10,4,5,2,2,0,0,0,0,0,0
FR_NAQ_23,2020-04-12,33,15,9,4,14,19,5,10,4,5,2,2,0,0,0,0,0,0
FR_NAQ_23,2020-04-13,34,15,9,4,15,19,5,10,4,5,2,2,0,0,0,0,0,0
FR_NAQ_23,2020-04-14,32,14,11,4,16,16,6,8,4,7,2,2,2,0,0,2,0,0
FR_NAQ_23,2020-04-15,30,12,14,4,16,14,5,7,5,9,2,2,3,0,1,2,0,0
FR_NAQ_23,2020-04-16,30,12,14,4,16,14,5,7,5,9,2,2,0,0,0,0,0,0
FR_NAQ_23,2020-04-17,31,12,14,4,16,15,5,7,5,9,2,2,0,0,0,0,0,0
FR_NAQ_23,2020-04-18,32,12,12,5,16,16,5,7,5,7,2,3,-2,1,0,-2,0,1
FR_NAQ_23,2020-04-19,32,12,12,5,16,16,5,7,5,7,2,3,0,0,0,0,0,0
FR_NAQ_23,2020-04-20,31,11,12,5,15,16,4,7,5,7,2,3,0,0,0,0,0,0
FR_NAQ_23,2020-04-21,29,10,14,5,15,14,4,6,5,9,2,3,2,0,0,2,0,0
FR_NAQ_23,2020-04-22,27,8,16,5,15,12,4,4,5,11,2,3,2,0,0,2,0,0
FR_NAQ_23,2020-04-23,29,10,16,5,16,13,5,5,5,11,2,3,0,0,0,0,0,0
FR_NAQ_23,2020-04-24,26,9,20,5,14,12,5,4,7,13,2,3,4,0,2,2,0,0
FR_NAQ_23,2020-04-25,26,9,20,5,14,12,5,4,7,13,2,3,0,0,0,0,0,0
FR_NAQ_23,2020-04-26,29,9,20,5,16,13,5,4,7,13,2,3,0,0,0,0,0,0
FR_NAQ_23,2020-04-27,29,9,20,5,16,13,5,4,7,13,2,3,0,0,0,0,0,0
FR_NAQ_23,2020-04-28,30,10,20,5,16,14,5,5,7,13,2,3,0,0,0,0,0,0
FR_NAQ_23,2020-04-29,34,11,21,5,16,18,5,6,8,13,2,3,1,0,1,0,0,0
FR_NAQ_23,2020-04-30,24,11,32,5,11,13,5,6,13,19,2,3,11,0,5,6,0,0
FR_NAQ_23,2020-05-01,22,12,34,5,10,12,5,7,14,20,2,3,2,0,1,1,0,0
FR_NAQ_23,2020-05-02,22,12,34,5,10,12,5,7,14,20,2,3,0,0,0,0,0,0
FR_NAQ_23,2020-05-03,23,12,35,5,10,13,5,7,14,21,2,3,1,0,0,1,0,0
FR_NAQ_23,2020-05-04,19,8,39,5,8,11,4,4,16,23,2,3,4,0,2,2,0,0
FR_NAQ_23,2020-05-05,18,7,40,5,8,10,3,4,17,23,2,3,1,0,1,0,0,0
FR_NAQ_23,2020-05-06,17,8,41,5,7,10,4,4,18,23,2,3,1,0,1,0,0,0
FR_NAQ_23,2020-05-07,16,8,41,5,7,9,4,4,18,23,2,3,0,0,0,0,0,0
FR_NAQ_23,2020-05-08,17,8,41,5,8,9,4,4,18,23,2,3,0,0,0,0,0,0
FR_NAQ_23,2020-05-09,20,8,41,5,9,11,4,4,18,23,2,3,0,0,0,0,0,0
FR_NAQ_23,2020-05-10,22,8,41,5,10,12,4,4,18,23,2,3,0,0,0,0,0,0
FR_NAQ_23,2020-05-11,18,8,41,5,8,10,4,4,18,23,2,3,0,0,0,0,0,0
FR_NAQ_23,2020-05-12,17,7,43,5,8,9,3,4,18,25,2,3,2,0,0,2,0,0
FR_NAQ_23,2020-05-13,17,7,45,5,9,8,3,4,18,27,2,3,2,0,0,2,0,0
FR_NAQ_23,2020-05-14,18,7,46,5,8,10,2,5,19,27,2,3,1,0,1,0,0,0
FR_NAQ_23,2020-05-15,18,8,46,6,8,10,2,6,19,27,2,4,0,1,0,0,0,1
FR_NAQ_23,2020-05-16,17,8,47,6,7,10,2,6,20,27,2,4,1,0,1,0,0,0
FR_NAQ_23,2020-05-17,17,8,47,6,7,10,2,6,20,27,2,4,0,0,0,0,0,0
FR_NAQ_23,2020-05-18,17,9,47,6,7,10,2,7,20,27,2,4,0,0,0,0,0,0
FR_NAQ_23,2020-05-19,20,9,49,6,8,12,2,7,22,27,2,4,2,0,2,0,0,0
FR_NAQ_23,2020-05-20,19,7,49,8,7,12,1,6,22,27,3,5,0,2,0,0,1,1
FR_NAQ_23,2020-05-21,18,7,50,8,6,12,1,6,23,27,3,5,1,0,1,0,0,0
FR_NAQ_23,2020-05-22,20,8,50,8,7,13,1,7,23,27,3,5,0,0,0,0,0,0
FR_NAQ_23,2020-05-23,20,8,52,8,7,13,2,6,25,27,3,5,2,0,2,0,0,0
FR_NAQ_23,2020-05-24,21,9,52,8,8,13,3,6,25,27,3,5,0,0,0,0,0,0
FR_NAQ_23,2020-05-25,17,7,55,9,7,10,2,5,26,29,3,6,3,1,1,2,0,1
FR_NAQ_23,2020-05-26,18,7,56,9,9,9,2,5,26,30,3,6,1,0,0,1,0,0
FR_NAQ_23,2020-05-27,20,7,56,10,8,12,2,5,26,30,4,6,0,1,0,0,1,0
FR_NAQ_23,2020-05-28,21,7,56,11,8,13,2,5,26,30,5,6,0,1,0,0,1,0
FR_NAQ_23,2020-05-29,20,5,58,10,9,11,1,4,27,31,4,6,2,-1,1,1,-1,0
FR_NAQ_23,2020-05-30,20,5,58,10,9,11,1,4,27,31,4,6,0,0,0,0,0,0
FR_NAQ_23,2020-05-31,20,5,58,10,9,11,1,4,27,31,4,6,0,0,0,0,0,0
FR_NAQ_23,2020-06-01,20,5,58,10,9,11,1,4,27,31,4,6,0,0,0,0,0,0
FR_NAQ_23,2020-06-02,20,5,58,10,9,11,1,4,27,31,4,6,0,0,0,0,0,0
FR_NAQ_23,2020-06-03,19,5,59,11,8,11,1,4,28,31,4,7,1,1,1,0,0,1
FR_NAQ_23,2020-06-04,18,5,60,11,8,10,1,4,28,32,4,7,1,0,0,1,0,0
FR_NAQ_23,2020-06-05,16,5,62,11,8,8,1,4,28,34,4,7,2,0,0,2,0,0
FR_NAQ_23,2020-06-06,16,5,62,12,8,8,1,4,28,34,5,7,0,1,0,0,1,0
FR_NAQ_23,2020-06-07,16,5,62,12,8,8,1,4,28,34,5,7,0,0,0,0,0,0
FR_NAQ_23,2020-06-08,14,5,64,12,7,7,1,4,29,35,5,7,2,0,1,1,0,0
FR_NAQ_23,2020-06-09,13,5,65,12,6,7,1,4,30,35,5,7,1,0,1,0,0,0
FR_NAQ_23,2020-06-10,10,4,69,12,3,7,1,3,33,36,5,7,4,0,3,1,0,0
FR_NAQ_23,2020-06-11,9,3,70,12,3,6,1,2,33,37,5,7,1,0,0,1,0,0
FR_NAQ_23,2020-06-12,8,3,71,12,3,5,1,2,33,38,5,7,1,0,0,1,0,0
FR_NAQ_23,2020-06-13,8,3,71,12,3,5,1,2,33,38,5,7,0,0,0,0,0,0
FR_NAQ_23,2020-06-14,8,3,71,12,3,5,1,2,33,38,5,7,0,0,0,0,0,0
FR_NAQ_23,2020-06-15,7,3,71,13,3,4,1,2,33,38,5,8,0,1,0,0,0,1
FR_NAQ_23,2020-06-16,7,3,71,13,3,4,1,2,33,38,5,8,0,0,0,0,0,0
FR_NAQ_23,2020-06-17,7,3,71,13,3,4,1,2,33,38,5,8,0,0,0,0,0,0
FR_NAQ_23,2020-06-18,7,3,71,13,3,4,1,2,33,38,5,8,0,0,0,0,0,0
FR_NAQ_23,2020-06-19,7,3,71,13,3,4,1,2,33,38,5,8,0,0,0,0,0,0
FR_NAQ_23,2020-06-20,7,3,71,13,3,4,1,2,33,38,5,8,0,0,0,0,0,0
FR_NAQ_23,2020-06-21,7,3,71,13,3,4,1,2,33,38,5,8,0,0,0,0,0,0
FR_NAQ_24,2020-03-18,2,1,1,0,1,1,0,1,0,1,0,0,,,,,,
FR_NAQ_24,2020-03-19,2,1,1,0,1,1,0,1,0,1,0,0,0,0,0,0,0,0
FR_NAQ_24,2020-03-20,3,3,2,0,0,3,0,3,1,1,0,0,1,0,1,0,0,0
FR_NAQ_24,2020-03-21,4,3,2,0,1,3,0,3,1,1,0,0,0,0,0,0,0,0
FR_NAQ_24,2020-03-22,6,3,2,0,3,3,0,3,1,1,0,0,0,0,0,0,0,0
FR_NAQ_24,2020-03-23,20,3,11,0,13,7,0,3,6,5,0,0,9,0,5,4,0,0
FR_NAQ_24,2020-03-24,24,4,15,0,17,7,0,4,8,7,0,0,4,0,2,2,0,0
FR_NAQ_24,2020-03-25,29,5,15,0,17,12,1,4,8,7,0,0,0,0,0,0,0,0
FR_NAQ_24,2020-03-26,33,4,16,0,21,12,1,3,8,8,0,0,1,0,0,1,0,0
FR_NAQ_24,2020-03-27,41,5,16,0,23,18,2,3,8,8,0,0,0,0,0,0,0,0
FR_NAQ_24,2020-03-28,11,5,5,0,7,4,2,3,2,3,0,0,-11,0,-6,-5,0,0
FR_NAQ_24,2020-03-29,11,5,5,0,7,4,2,3,2,3,0,0,0,0,0,0,0,0
FR_NAQ_24,2020-03-30,11,4,5,0,7,4,1,3,2,3,0,0,0,0,0,0,0,0
FR_NAQ_24,2020-03-31,10,3,6,1,6,4,1,2,3,3,0,1,1,1,1,0,0,1
FR_NAQ_24,2020-04-01,13,4,8,1,6,7,1,3,4,4,0,1,2,0,1,1,0,0
FR_NAQ_24,2020-04-02,15,4,11,1,6,9,1,3,6,5,0,1,3,0,2,1,0,0
FR_NAQ_24,2020-04-03,20,5,11,1,8,12,1,4,6,5,0,1,0,0,0,0,0,0
FR_NAQ_24,2020-04-04,25,6,13,1,11,14,2,4,6,7,0,1,2,0,0,2,0,0
FR_NAQ_24,2020-04-05,26,6,14,1,11,15,2,4,7,7,0,1,1,0,1,0,0,0
FR_NAQ_24,2020-04-06,28,6,15,1,11,17,2,4,7,8,0,1,1,0,0,1,0,0
FR_NAQ_24,2020-04-07,26,6,20,1,10,16,2,4,9,11,0,1,5,0,2,3,0,0
FR_NAQ_24,2020-04-08,23,6,23,1,9,14,2,4,10,13,0,1,3,0,1,2,0,0
FR_NAQ_24,2020-04-09,22,6,25,1,7,15,2,4,11,14,0,1,2,0,1,1,0,0
FR_NAQ_24,2020-04-10,26,5,27,1,10,16,2,3,11,16,0,1,2,0,0,2,0,0
FR_NAQ_24,2020-04-11,24,6,32,1,10,14,2,4,12,20,0,1,5,0,1,4,0,0
FR_NAQ_24,2020-04-12,26,6,32,1,10,16,2,4,12,20,0,1,0,0,0,0,0,0
FR_NAQ_24,2020-04-13,31,7,32,1,13,18,3,4,12,20,0,1,0,0,0,0,0,0
FR_NAQ_24,2020-04-14,29,7,34,3,11,18,3,4,13,21,2,1,2,2,1,1,2,0
FR_NAQ_24,2020-04-15,33,5,35,4,13,20,2,3,13,22,3,1,1,1,0,1,1,0
FR_NAQ_24,2020-04-16,36,5,36,4,14,22,2,3,14,22,3,1,1,0,1,0,0,0
FR_NAQ_24,2020-04-17,54,6,39,5,27,27,3,3,16,23,3,2,3,1,2,1,0,1
FR_NAQ_24,2020-04-18,54,6,39,5,26,28,3,3,16,23,3,2,0,0,0,0,0,0
FR_NAQ_24,2020-04-19,53,6,40,6,24,29,3,3,17,23,4,2,1,1,1,0,1,0
FR_NAQ_24,2020-04-20,60,6,40,6,26,34,3,3,17,23,4,2,0,0,0,0,0,0
FR_NAQ_24,2020-04-21,55,6,31,6,25,30,3,3,15,16,4,2,-9,0,-2,-7,0,0
FR_NAQ_24,2020-04-22,53,6,33,6,25,28,3,3,15,18,4,2,2,0,0,2,0,0
FR_NAQ_24,2020-04-23,45,5,39,8,22,23,3,2,17,22,5,3,6,2,2,4,1,1
FR_NAQ_24,2020-04-24,35,4,48,8,18,17,3,1,21,27,5,3,9,0,4,5,0,0
FR_NAQ_24,2020-04-25,31,4,51,8,18,13,3,1,20,31,5,3,3,0,-1,4,0,0
FR_NAQ_24,2020-04-26,33,4,51,8,20,13,3,1,20,31,5,3,0,0,0,0,0,0
FR_NAQ_24,2020-04-27,34,4,51,8,20,14,3,1,20,31,5,3,0,0,0,0,0,0
FR_NAQ_24,2020-04-28,31,4,54,8,18,13,3,1,22,32,5,3,3,0,2,1,0,0
FR_NAQ_24,2020-04-29,27,3,59,9,15,12,2,1,25,34,6,3,5,1,3,2,1,0
FR_NAQ_24,2020-04-30,24,2,62,9,13,11,1,1,27,35,6,3,3,0,2,1,0,0
FR_NAQ_24,2020-05-01,24,2,62,9,13,11,1,1,27,35,6,3,0,0,0,0,0,0
FR_NAQ_24,2020-05-02,24,1,62,9,13,11,1,0,27,35,6,3,0,0,0,0,0,0
FR_NAQ_24,2020-05-03,23,1,62,9,13,10,1,0,27,35,6,3,0,0,0,0,0,0
FR_NAQ_24,2020-05-04,25,1,61,9,13,12,1,0,27,34,6,3,-1,0,0,-1,0,0
FR_NAQ_24,2020-05-05,24,1,64,9,12,12,1,0,29,35,6,3,3,0,2,1,0,0
FR_NAQ_24,2020-05-06,25,1,65,9,12,13,1,0,29,36,6,3,1,0,0,1,0,0
FR_NAQ_24,2020-05-07,26,1,65,9,13,13,1,0,29,36,6,3,0,0,0,0,0,0
FR_NAQ_24,2020-05-08,25,1,65,10,13,12,1,0,29,36,6,4,0,1,0,0,0,1
FR_NAQ_24,2020-05-09,25,1,65,10,13,12,1,0,29,36,6,4,0,0,0,0,0,0
FR_NAQ_24,2020-05-10,24,1,65,11,13,11,1,0,29,36,6,5,0,1,0,0,0,1
FR_NAQ_24,2020-05-11,23,1,66,11,12,11,1,0,30,36,6,5,1,0,1,0,0,0
FR_NAQ_24,2020-05-12,22,1,68,11,12,10,1,0,31,37,6,5,2,0,1,1,0,0
FR_NAQ_24,2020-05-13,23,1,68,11,12,11,1,0,31,37,6,5,0,0,0,0,0,0
FR_NAQ_24,2020-05-14,22,1,70,11,11,11,1,0,33,37,6,5,2,0,2,0,0,0
FR_NAQ_24,2020-05-15,19,1,73,11,9,10,1,0,35,38,6,5,3,0,2,1,0,0
FR_NAQ_24,2020-05-16,18,1,74,11,8,10,1,0,36,38,6,5,1,0,1,0,0,0
FR_NAQ_24,2020-05-17,18,1,74,11,8,10,1,0,36,38,6,5,0,0,0,0,0,0
FR_NAQ_24,2020-05-18,18,1,74,12,7,11,1,0,36,38,7,5,0,1,0,0,1,0
FR_NAQ_24,2020-05-19,18,1,74,12,7,11,1,0,36,38,7,5,0,0,0,0,0,0
FR_NAQ_24,2020-05-20,16,1,76,12,7,9,1,0,36,40,7,5,2,0,0,2,0,0
FR_NAQ_24,2020-05-21,16,1,76,12,7,9,1,0,36,40,7,5,0,0,0,0,0,0
FR_NAQ_24,2020-05-22,15,1,77,12,7,8,1,0,36,41,7,5,1,0,0,1,0,0
FR_NAQ_24,2020-05-23,15,1,77,12,7,8,1,0,36,41,7,5,0,0,0,0,0,0
FR_NAQ_24,2020-05-24,15,1,77,12,7,8,1,0,36,41,7,5,0,0,0,0,0,0
FR_NAQ_24,2020-05-25,16,1,77,12,7,9,1,0,36,41,7,5,0,0,0,0,0,0
FR_NAQ_24,2020-05-26,18,1,77,12,7,11,1,0,36,41,7,5,0,0,0,0,0,0
FR_NAQ_24,2020-05-27,17,1,79,12,8,9,1,0,36,43,7,5,2,0,0,2,0,0
FR_NAQ_24,2020-05-28,14,1,81,13,7,7,1,0,37,44,7,6,2,1,1,1,0,1
FR_NAQ_24,2020-05-29,14,0,82,13,6,8,0,0,38,44,7,6,1,0,1,0,0,0
FR_NAQ_24,2020-05-30,14,0,82,13,5,9,0,0,39,43,7,6,0,0,1,-1,0,0
FR_NAQ_24,2020-05-31,14,0,82,13,5,9,0,0,39,43,7,6,0,0,0,0,0,0
FR_NAQ_24,2020-06-01,14,0,82,13,5,9,0,0,39,43,7,6,0,0,0,0,0,0
FR_NAQ_24,2020-06-02,12,0,84,13,5,7,0,0,39,45,7,6,2,0,0,2,0,0
FR_NAQ_24,2020-06-03,12,0,84,13,5,7,0,0,39,45,7,6,0,0,0,0,0,0
FR_NAQ_24,2020-06-04,11,0,85,13,4,7,0,0,40,45,7,6,1,0,1,0,0,0
FR_NAQ_24,2020-06-05,11,0,85,13,4,7,0,0,40,45,7,6,0,0,0,0,0,0
FR_NAQ_24,2020-06-06,11,0,85,13,4,7,0,0,40,45,7,6,0,0,0,0,0,0
FR_NAQ_24,2020-06-07,11,0,85,13,4,7,0,0,40,45,7,6,0,0,0,0,0,0
FR_NAQ_24,2020-06-08,11,0,85,13,4,7,0,0,40,45,7,6,0,0,0,0,0,0
FR_NAQ_24,2020-06-09,13,0,85,13,5,8,0,0,40,45,7,6,0,0,0,0,0,0
FR_NAQ_24,2020-06-10,13,0,85,13,5,8,0,0,40,45,7,6,0,0,0,0,0,0
FR_NAQ_24,2020-06-11,13,0,85,13,5,8,0,0,40,45,7,6,0,0,0,0,0,0
FR_NAQ_24,2020-06-12,12,0,86,13,5,7,0,0,40,46,7,6,1,0,0,1,0,0
FR_NAQ_24,2020-06-13,12,0,86,13,5,7,0,0,40,46,7,6,0,0,0,0,0,0
FR_NAQ_24,2020-06-14,12,0,86,13,5,7,0,0,40,46,7,6,0,0,0,0,0,0
FR_NAQ_24,2020-06-15,12,0,86,13,5,7,0,0,40,46,7,6,0,0,0,0,0,0
FR_NAQ_24,2020-06-16,12,0,86,13,5,7,0,0,40,46,7,6,0,0,0,0,0,0
FR_NAQ_24,2020-06-17,11,0,87,13,5,6,0,0,40,47,7,6,1,0,0,1,0,0
FR_NAQ_24,2020-06-18,11,0,87,13,5,6,0,0,40,47,7,6,0,0,0,0,0,0
FR_NAQ_24,2020-06-19,11,0,87,13,5,6,0,0,40,47,7,6,0,0,0,0,0,0
FR_NAQ_24,2020-06-20,12,0,87,13,5,7,0,0,40,47,7,6,0,0,0,0,0,0
FR_NAQ_24,2020-06-21,12,0,87,13,5,7,0,0,40,47,7,6,0,0,0,0,0,0
FR_NAQ_33,2020-03-18,7,4,3,1,2,5,1,3,2,1,1,0,,,,,,
FR_NAQ_33,2020-03-19,7,5,7,2,2,5,1,4,4,3,1,1,4,1,2,2,0,1
FR_NAQ_33,2020-03-20,10,5,12,2,5,5,1,4,5,7,1,1,5,0,1,4,0,0
FR_NAQ_33,2020-03-21,39,15,12,2,15,24,4,11,5,7,1,1,0,0,0,0,0,0
FR_NAQ_33,2020-03-22,54,23,13,2,19,35,8,15,6,7,1,1,1,0,1,0,0,0
FR_NAQ_33,2020-03-23,68,24,19,3,22,46,7,17,10,9,2,1,6,1,4,2,1,0
FR_NAQ_33,2020-03-24,99,41,27,3,35,64,13,28,16,11,2,1,8,0,6,2,0,0
FR_NAQ_33,2020-03-25,142,41,55,6,51,91,12,29,35,20,5,1,28,3,19,9,3,0
FR_NAQ_33,2020-03-26,164,46,72,11,60,104,12,34,46,26,7,4,17,5,11,6,2,3
FR_NAQ_33,2020-03-27,201,52,91,15,82,119,13,39,57,34,9,6,19,4,11,8,2,2
FR_NAQ_33,2020-03-28,216,56,98,17,90,126,13,43,59,39,9,8,7,2,2,5,0,2
FR_NAQ_33,2020-03-29,237,63,107,21,96,141,12,51,64,43,11,10,9,4,5,4,2,2
FR_NAQ_33,2020-03-30,288,78,143,25,115,173,15,63,85,58,14,11,36,4,21,15,3,1
FR_NAQ_33,2020-03-31,300,81,188,30,118,182,16,65,116,72,16,14,45,5,31,14,2,3
FR_NAQ_33,2020-04-01,296,88,224,32,115,181,20,68,133,91,18,14,36,2,17,19,2,0
FR_NAQ_33,2020-04-02,298,86,263,33,118,180,19,67,152,111,18,15,39,1,19,20,0,1
FR_NAQ_33,2020-04-03,311,87,280,36,126,185,21,66,161,119,21,15,17,3,9,8,3,0
FR_NAQ_33,2020-04-04,305,92,303,40,120,185,22,70,176,127,22,18,23,4,15,8,1,3
FR_NAQ_33,2020-04-05,305,90,316,42,121,184,20,70,183,133,24,18,13,2,7,6,2,0
FR_NAQ_33,2020-04-06,312,91,330,47,127,185,19,72,190,140,27,20,14,5,7,7,3,2
FR_NAQ_33,2020-04-07,315,90,349,50,130,185,19,71,200,149,30,20,19,3,10,9,3,0
FR_NAQ_33,2020-04-08,290,89,391,58,119,171,20,69,222,169,32,26,42,8,22,20,2,6
FR_NAQ_33,2020-04-09,282,87,422,62,121,161,20,67,237,185,35,27,31,4,15,16,3,1
FR_NAQ_33,2020-04-10,281,81,338,60,124,157,18,63,178,160,34,26,-84,-2,-59,-25,-1,-1
FR_NAQ_33,2020-04-11,308,102,361,64,133,175,26,76,186,175,36,28,23,4,8,15,2,2
FR_NAQ_33,2020-04-12,299,99,377,68,125,174,26,73,196,181,40,28,16,4,10,6,4,0
FR_NAQ_33,2020-04-13,311,103,385,69,128,183,26,77,198,187,41,28,8,1,2,6,1,0
FR_NAQ_33,2020-04-14,317,102,400,72,137,180,29,73,204,196,42,30,15,3,6,9,1,2
FR_NAQ_33,2020-04-15,304,96,426,73,135,169,24,72,215,211,41,32,26,1,11,15,-1,2
FR_NAQ_33,2020-04-16,296,91,445,74,130,166,24,67,224,221,41,33,19,1,9,10,0,1
FR_NAQ_33,2020-04-17,295,85,460,81,133,162,24,61,230,230,43,38,15,7,6,9,2,5
FR_NAQ_33,2020-04-18,282,85,483,86,128,154,25,60,239,244,46,40,23,5,9,14,3,2
FR_NAQ_33,2020-04-19,293,88,492,88,131,162,26,62,244,248,46,42,9,2,5,4,0,2
FR_NAQ_33,2020-04-20,298,84,501,92,137,161,23,61,248,253,48,44,9,4,4,5,2,2
FR_NAQ_33,2020-04-21,285,79,521,96,137,148,20,59,255,266,49,47,20,4,7,13,1,3
FR_NAQ_33,2020-04-22,279,77,539,96,137,142,18,59,264,275,49,47,18,0,9,9,0,0
FR_NAQ_33,2020-04-23,266,75,570,100,130,136,19,56,277,293,51,49,31,4,13,18,2,2
FR_NAQ_33,2020-04-24,252,68,583,103,119,133,17,51,286,297,53,50,13,3,9,4,2,1
FR_NAQ_33,2020-04-25,248,64,597,105,114,134,15,49,296,301,55,50,14,2,10,4,2,0
FR_NAQ_33,2020-04-26,248,64,602,106,114,134,16,48,300,302,56,50,5,1,4,1,1,0
FR_NAQ_33,2020-04-27,253,58,610,108,118,135,14,44,304,306,58,50,8,2,4,4,2,0
FR_NAQ_33,2020-04-28,254,57,617,108,120,134,14,43,309,308,58,50,7,0,5,2,0,0
FR_NAQ_33,2020-04-29,234,49,644,112,112,122,13,36,322,322,61,51,27,4,13,14,3,1
FR_NAQ_33,2020-04-30,219,46,662,116,105,114,13,33,333,329,61,55,18,4,11,7,0,4
FR_NAQ_33,2020-05-01,208,46,676,116,102,106,13,33,336,340,61,55,14,0,3,11,0,0
FR_NAQ_33,2020-05-02,207,45,679,117,101,106,13,32,339,340,61,56,3,1,3,0,0,1
FR_NAQ_33,2020-05-03,212,45,681,118,102,110,12,33,341,340,61,57,2,1,2,0,0,1
FR_NAQ_33,2020-05-04,212,44,684,122,103,109,12,32,342,342,63,59,3,4,1,2,2,2
FR_NAQ_33,2020-05-05,203,43,701,122,97,106,11,32,351,350,63,59,17,0,9,8,0,0
FR_NAQ_33,2020-05-06,189,39,714,125,91,98,10,29,357,357,64,61,13,3,6,7,1,2
FR_NAQ_33,2020-05-07,193,37,719,127,91,102,9,28,361,358,65,62,5,2,4,1,1,1
FR_NAQ_33,2020-05-08,190,37,724,127,88,102,9,28,366,358,65,62,5,0,5,0,0,0
FR_NAQ_33,2020-05-09,184,37,731,130,85,99,9,28,370,361,66,64,7,3,4,3,1,2
FR_NAQ_33,2020-05-10,174,36,747,131,78,96,9,27,380,367,67,64,16,1,10,6,1,0
FR_NAQ_33,2020-05-11,174,37,748,132,79,95,9,28,380,368,67,65,1,1,0,1,0,1
FR_NAQ_33,2020-05-12,164,34,760,135,74,90,8,26,384,376,68,67,12,3,4,8,1,2
FR_NAQ_33,2020-05-13,165,33,769,136,73,92,9,24,389,380,68,68,9,1,5,4,0,1
FR_NAQ_33,2020-05-14,168,31,774,137,76,92,8,23,390,384,68,69,5,1,1,4,0,1
FR_NAQ_33,2020-05-15,166,29,778,137,75,91,7,22,391,387,68,69,4,0,1,3,0,0
FR_NAQ_33,2020-05-16,168,28,782,137,78,90,7,21,391,391,68,69,4,0,0,4,0,0
FR_NAQ_33,2020-05-17,167,27,782,138,78,89,7,20,391,391,68,70,0,1,0,0,0,1
FR_NAQ_33,2020-05-18,165,27,784,140,77,88,7,20,392,392,69,71,2,2,1,1,1,1
FR_NAQ_33,2020-05-19,160,27,793,141,77,83,8,19,395,398,70,71,9,1,3,6,1,0
FR_NAQ_33,2020-05-20,154,24,800,141,74,80,6,18,398,402,70,71,7,0,3,4,0,0
FR_NAQ_33,2020-05-21,149,23,806,141,73,76,6,17,400,406,70,71,6,0,2,4,0,0
FR_NAQ_33,2020-05-22,148,23,808,141,72,76,6,17,401,407,70,71,2,0,1,1,0,0
FR_NAQ_33,2020-05-23,144,22,812,142,70,74,5,17,404,408,70,72,4,1,3,1,0,1
FR_NAQ_33,2020-05-24,146,22,812,142,72,74,5,17,404,408,70,72,0,0,0,0,0,0
FR_NAQ_33,2020-05-25,141,22,820,143,69,72,5,17,408,412,71,72,8,1,4,4,1,0
FR_NAQ_33,2020-05-26,137,20,824,144,69,68,6,14,409,415,71,73,4,1,1,3,0,1
FR_NAQ_33,2020-05-27,137,19,827,144,68,69,4,15,410,417,71,73,3,0,1,2,0,0
FR_NAQ_33,2020-05-28,124,17,840,145,64,60,4,13,414,426,72,73,13,1,4,9,1,0
FR_NAQ_33,2020-05-29,121,17,843,146,63,58,4,13,416,427,72,74,3,1,2,1,0,1
FR_NAQ_33,2020-05-30,116,16,847,146,62,54,4,12,417,430,72,74,4,0,1,3,0,0
FR_NAQ_33,2020-05-31,117,17,847,146,62,55,4,13,417,430,72,74,0,0,0,0,0,0
FR_NAQ_33,2020-06-01,118,17,847,146,63,55,4,13,417,430,72,74,0,0,0,0,0,0
FR_NAQ_33,2020-06-02,106,16,856,146,55,51,5,11,424,432,72,74,9,0,7,2,0,0
FR_NAQ_33,2020-06-03,103,15,863,146,54,49,5,10,427,436,72,74,7,0,3,4,0,0
FR_NAQ_33,2020-06-04,104,16,868,146,54,50,5,11,431,437,72,74,5,0,4,1,0,0
FR_NAQ_33,2020-06-05,102,14,870,147,52,50,4,10,433,437,73,74,2,1,2,0,1,0
FR_NAQ_33,2020-06-06,99,12,873,148,51,48,4,8,435,438,73,75,3,1,2,1,0,1
FR_NAQ_33,2020-06-07,99,12,873,148,51,48,4,8,435,438,73,75,0,0,0,0,0,0
FR_NAQ_33,2020-06-08,91,10,884,148,49,42,3,7,439,445,73,75,11,0,4,7,0,0
FR_NAQ_33,2020-06-09,91,10,886,149,48,43,3,7,441,445,74,75,2,1,2,0,1,0
FR_NAQ_33,2020-06-10,89,11,888,149,47,42,5,6,441,447,74,75,2,0,0,2,0,0
FR_NAQ_33,2020-06-11,87,11,892,149,45,42,5,6,443,449,74,75,4,0,2,2,0,0
FR_NAQ_33,2020-06-12,89,11,892,149,46,43,5,6,443,449,74,75,0,0,0,0,0,0
FR_NAQ_33,2020-06-13,87,11,893,149,45,42,5,6,444,449,74,75,1,0,1,0,0,0
FR_NAQ_33,2020-06-14,84,11,896,149,43,41,5,6,446,450,74,75,3,0,2,1,0,0
FR_NAQ_33,2020-06-15,83,11,898,150,43,40,5,6,447,451,74,76,2,1,1,1,0,1
FR_NAQ_33,2020-06-16,79,11,902,151,42,37,5,6,448,454,74,77,4,1,1,3,0,1
FR_NAQ_33,2020-06-17,74,10,905,151,39,35,4,6,450,455,74,77,3,0,2,1,0,0
FR_NAQ_33,2020-06-18,72,10,907,151,39,33,4,6,450,457,74,77,2,0,0,2,0,0
FR_NAQ_33,2020-06-19,71,10,909,151,38,33,4,6,451,458,74,77,2,0,1,1,0,0
FR_NAQ_33,2020-06-20,71,10,909,151,38,33,4,6,451,458,74,77,0,0,0,0,0,0
FR_NAQ_33,2020-06-21,71,10,909,151,38,33,4,6,451,458,74,77,0,0,0,0,0,0
FR_NAQ_40,2020-03-18,0,0,0,0,0,0,0,0,0,0,0,0,,,,,,
FR_NAQ_40,2020-03-19,0,0,0,0,0,0,0,0,0,0,0,0,0,0,0,0,0,0
FR_NAQ_40,2020-03-20,0,0,0,0,0,0,0,0,0,0,0,0,0,0,0,0,0,0
FR_NAQ_40,2020-03-21,0,0,0,0,0,0,0,0,0,0,0,0,0,0,0,0,0,0
FR_NAQ_40,2020-03-22,0,0,0,0,0,0,0,0,0,0,0,0,0,0,0,0,0,0
FR_NAQ_40,2020-03-23,4,0,0,0,2,2,0,0,0,0,0,0,0,0,0,0,0,0
FR_NAQ_40,2020-03-24,4,0,0,0,2,2,0,0,0,0,0,0,0,0,0,0,0,0
FR_NAQ_40,2020-03-25,9,2,1,0,5,4,1,1,0,1,0,0,1,0,0,1,0,0
FR_NAQ_40,2020-03-26,8,3,2,0,5,3,1,2,0,2,0,0,1,0,0,1,0,0
FR_NAQ_40,2020-03-27,10,3,2,0,5,5,1,2,0,2,0,0,0,0,0,0,0,0
FR_NAQ_40,2020-03-28,9,3,5,0,3,6,1,2,2,3,0,0,3,0,2,1,0,0
FR_NAQ_40,2020-03-29,11,3,5,0,4,7,1,2,2,3,0,0,0,0,0,0,0,0
FR_NAQ_40,2020-03-30,14,4,6,1,7,7,2,2,2,4,0,1,1,1,0,1,0,1
FR_NAQ_40,2020-03-31,14,5,7,1,7,7,3,2,3,4,0,1,1,0,1,0,0,0
FR_NAQ_40,2020-04-01,15,5,7,1,7,8,3,2,3,4,0,1,0,0,0,0,0,0
FR_NAQ_40,2020-04-02,16,5,10,1,7,9,3,2,4,6,0,1,3,0,1,2,0,0
FR_NAQ_40,2020-04-03,17,7,12,1,7,10,4,3,5,7,0,1,2,0,1,1,0,0
FR_NAQ_40,2020-04-04,22,12,12,1,8,14,5,7,5,7,0,1,0,0,0,0,0,0
FR_NAQ_40,2020-04-05,22,12,13,1,8,14,5,7,5,8,0,1,1,0,0,1,0,0
FR_NAQ_40,2020-04-06,21,14,20,4,9,12,5,9,7,13,2,2,7,3,2,5,2,1
FR_NAQ_40,2020-04-07,26,14,24,6,9,17,5,9,9,15,2,4,4,2,2,2,0,2
FR_NAQ_40,2020-04-08,29,14,25,6,11,18,5,9,9,16,2,4,1,0,0,1,0,0
FR_NAQ_40,2020-04-09,30,14,29,8,11,19,5,9,12,17,3,5,4,2,3,1,1,1
FR_NAQ_40,2020-04-10,25,13,31,9,10,15,5,8,13,18,3,6,2,1,1,1,0,1
FR_NAQ_40,2020-04-11,25,13,31,9,10,15,5,8,13,18,3,6,0,0,0,0,0,0
FR_NAQ_40,2020-04-12,24,12,31,10,9,15,4,8,13,18,4,6,0,1,0,0,1,0
FR_NAQ_40,2020-04-13,24,12,31,10,9,15,4,8,13,18,4,6,0,0,0,0,0,0
FR_NAQ_40,2020-04-14,27,12,32,10,12,15,5,7,13,19,4,6,1,0,0,1,0,0
FR_NAQ_40,2020-04-15,29,10,32,10,12,17,4,6,13,19,4,6,0,0,0,0,0,0
FR_NAQ_40,2020-04-16,30,7,33,10,12,18,2,5,14,19,4,6,1,0,1,0,0,0
FR_NAQ_40,2020-04-17,32,6,33,10,13,19,2,4,14,19,4,6,0,0,0,0,0,0
FR_NAQ_40,2020-04-18,30,6,35,10,12,18,2,4,15,20,4,6,2,0,1,1,0,0
FR_NAQ_40,2020-04-19,30,6,35,10,12,18,2,4,15,20,4,6,0,0,0,0,0,0
FR_NAQ_40,2020-04-20,28,6,38,10,10,18,3,3,17,21,4,6,3,0,2,1,0,0
FR_NAQ_40,2020-04-21,29,6,37,10,10,19,3,3,17,20,4,6,-1,0,0,-1,0,0
FR_NAQ_40,2020-04-22,28,3,38,10,10,18,1,2,17,21,4,6,1,0,0,1,0,0
FR_NAQ_40,2020-04-23,27,4,40,10,9,18,1,3,18,22,4,6,2,0,1,1,0,0
FR_NAQ_40,2020-04-24,27,4,42,10,9,18,1,3,19,23,4,6,2,0,1,1,0,0
FR_NAQ_40,2020-04-25,26,4,43,10,9,17,1,3,19,24,4,6,1,0,0,1,0,0
FR_NAQ_40,2020-04-26,26,4,43,10,9,17,1,3,19,24,4,6,0,0,0,0,0,0
FR_NAQ_40,2020-04-27,25,4,44,10,8,17,1,3,20,24,4,6,1,0,1,0,0,0
FR_NAQ_40,2020-04-28,25,4,44,10,8,17,1,3,20,24,4,6,0,0,0,0,0,0
FR_NAQ_40,2020-04-29,19,4,50,10,7,12,1,3,21,29,4,6,6,0,1,5,0,0
FR_NAQ_40,2020-04-30,23,3,54,10,9,14,1,2,24,30,4,6,4,0,3,1,0,0
FR_NAQ_40,2020-05-01,22,3,54,10,8,14,1,2,24,30,4,6,0,0,0,0,0,0
FR_NAQ_40,2020-05-02,22,3,54,10,8,14,1,2,24,30,4,6,0,0,0,0,0,0
FR_NAQ_40,2020-05-03,22,3,54,10,8,14,1,2,24,30,4,6,0,0,0,0,0,0
FR_NAQ_40,2020-05-04,18,3,57,10,7,11,1,2,25,32,4,6,3,0,1,2,0,0
FR_NAQ_40,2020-05-05,17,3,58,10,6,11,1,2,26,32,4,6,1,0,1,0,0,0
FR_NAQ_40,2020-05-06,17,3,58,10,6,11,1,2,26,32,4,6,0,0,0,0,0,0
FR_NAQ_40,2020-05-07,17,3,58,10,6,11,1,2,26,32,4,6,0,0,0,0,0,0
FR_NAQ_40,2020-05-08,17,3,58,10,6,11,1,2,26,32,4,6,0,0,0,0,0,0
FR_NAQ_40,2020-05-09,17,3,58,10,6,11,1,2,26,32,4,6,0,0,0,0,0,0
FR_NAQ_40,2020-05-10,17,3,58,10,6,11,1,2,26,32,4,6,0,0,0,0,0,0
FR_NAQ_40,2020-05-11,14,1,58,12,4,10,0,1,26,32,6,6,0,2,0,0,2,0
FR_NAQ_40,2020-05-12,13,1,59,12,4,9,0,1,26,33,6,6,1,0,0,1,0,0
FR_NAQ_40,2020-05-13,12,1,60,12,4,8,0,1,26,34,6,6,1,0,0,1,0,0
FR_NAQ_40,2020-05-14,12,1,60,12,4,8,0,1,26,34,6,6,0,0,0,0,0,0
FR_NAQ_40,2020-05-15,12,1,60,12,4,8,0,1,26,34,6,6,0,0,0,0,0,0
FR_NAQ_40,2020-05-16,12,1,60,12,4,8,0,1,26,34,6,6,0,0,0,0,0,0
FR_NAQ_40,2020-05-17,12,1,60,12,4,8,0,1,26,34,6,6,0,0,0,0,0,0
FR_NAQ_40,2020-05-18,13,1,60,12,5,8,0,1,26,34,6,6,0,0,0,0,0,0
FR_NAQ_40,2020-05-19,13,1,60,12,5,8,0,1,26,34,6,6,0,0,0,0,0,0
FR_NAQ_40,2020-05-20,10,1,63,12,3,7,0,1,28,35,6,6,3,0,2,1,0,0
FR_NAQ_40,2020-05-21,10,1,63,12,3,7,0,1,28,35,6,6,0,0,0,0,0,0
FR_NAQ_40,2020-05-22,10,1,63,12,3,7,0,1,28,35,6,6,0,0,0,0,0,0
FR_NAQ_40,2020-05-23,10,1,63,12,3,7,0,1,28,35,6,6,0,0,0,0,0,0
FR_NAQ_40,2020-05-24,10,1,63,12,3,7,0,1,28,35,6,6,0,0,0,0,0,0
FR_NAQ_40,2020-05-25,11,2,63,12,3,8,0,2,28,35,6,6,0,0,0,0,0,0
FR_NAQ_40,2020-05-26,11,2,63,12,3,8,0,2,28,35,6,6,0,0,0,0,0,0
FR_NAQ_40,2020-05-27,11,2,63,12,3,8,0,2,28,35,6,6,0,0,0,0,0,0
FR_NAQ_40,2020-05-28,10,2,64,12,3,7,0,2,28,36,6,6,1,0,0,1,0,0
FR_NAQ_40,2020-05-29,9,2,65,12,3,6,0,2,28,37,6,6,1,0,0,1,0,0
FR_NAQ_40,2020-05-30,9,2,65,12,3,6,0,2,28,37,6,6,0,0,0,0,0,0
FR_NAQ_40,2020-05-31,9,2,65,12,3,6,0,2,28,37,6,6,0,0,0,0,0,0
FR_NAQ_40,2020-06-01,9,2,65,12,3,6,0,2,28,37,6,6,0,0,0,0,0,0
FR_NAQ_40,2020-06-02,9,2,65,12,3,6,0,2,28,37,6,6,0,0,0,0,0,0
FR_NAQ_40,2020-06-03,8,2,66,12,3,5,0,2,28,38,6,6,1,0,0,1,0,0
FR_NAQ_40,2020-06-04,7,2,67,12,3,4,0,2,28,39,6,6,1,0,0,1,0,0
FR_NAQ_40,2020-06-05,7,2,70,12,3,4,0,2,29,41,6,6,3,0,1,2,0,0
FR_NAQ_40,2020-06-06,7,2,70,12,3,4,0,2,29,41,6,6,0,0,0,0,0,0
FR_NAQ_40,2020-06-07,7,2,70,12,3,4,0,2,29,41,6,6,0,0,0,0,0,0
FR_NAQ_40,2020-06-08,6,2,71,12,3,3,0,2,29,42,6,6,1,0,0,1,0,0
FR_NAQ_40,2020-06-09,5,1,71,13,3,2,0,1,29,42,6,7,0,1,0,0,0,1
FR_NAQ_40,2020-06-10,5,1,71,13,3,2,0,1,29,42,6,7,0,0,0,0,0,0
FR_NAQ_40,2020-06-11,5,1,71,13,3,2,0,1,29,42,6,7,0,0,0,0,0,0
FR_NAQ_40,2020-06-12,5,1,71,13,3,2,0,1,29,42,6,7,0,0,0,0,0,0
FR_NAQ_40,2020-06-13,5,1,71,13,3,2,0,1,29,42,6,7,0,0,0,0,0,0
FR_NAQ_40,2020-06-14,5,1,71,13,3,2,0,1,29,42,6,7,0,0,0,0,0,0
FR_NAQ_40,2020-06-15,5,1,71,13,3,2,0,1,29,42,6,7,0,0,0,0,0,0
FR_NAQ_40,2020-06-16,5,1,71,13,3,2,0,1,29,42,6,7,0,0,0,0,0,0
FR_NAQ_40,2020-06-17,5,1,71,13,3,2,0,1,29,42,6,7,0,0,0,0,0,0
FR_NAQ_40,2020-06-18,5,1,71,13,3,2,0,1,29,42,6,7,0,0,0,0,0,0
FR_NAQ_40,2020-06-19,5,1,71,13,3,2,0,1,29,42,6,7,0,0,0,0,0,0
FR_NAQ_40,2020-06-20,5,1,71,13,3,2,0,1,29,42,6,7,0,0,0,0,0,0
FR_NAQ_40,2020-06-21,5,1,71,13,3,2,0,1,29,42,6,7,0,0,0,0,0,0
FR_NAQ_47,2020-03-18,10,4,1,0,3,7,0,4,0,1,0,0,,,,,,
FR_NAQ_47,2020-03-19,10,1,1,0,3,7,0,1,0,1,0,0,0,0,0,0,0,0
FR_NAQ_47,2020-03-20,10,1,1,0,3,7,0,1,0,1,0,0,0,0,0,0,0,0
FR_NAQ_47,2020-03-21,13,1,1,0,5,8,0,1,0,1,0,0,0,0,0,0,0,0
FR_NAQ_47,2020-03-22,15,2,1,0,6,9,0,2,0,1,0,0,0,0,0,0,0,0
FR_NAQ_47,2020-03-23,18,4,1,1,8,10,2,2,0,1,1,0,0,1,0,0,1,0
FR_NAQ_47,2020-03-24,16,2,2,1,7,9,1,1,1,1,0,1,1,0,1,0,-1,1
FR_NAQ_47,2020-03-25,17,1,3,1,8,9,0,1,1,2,0,1,1,0,0,1,0,0
FR_NAQ_47,2020-03-26,16,3,4,3,8,8,1,2,2,2,0,3,1,2,1,0,0,2
FR_NAQ_47,2020-03-27,17,5,5,3,8,9,2,3,3,2,0,3,1,0,1,0,0,0
FR_NAQ_47,2020-03-28,25,8,4,3,10,15,3,5,3,1,0,3,-1,0,0,-1,0,0
FR_NAQ_47,2020-03-29,27,8,4,3,11,16,3,5,3,1,0,3,0,0,0,0,0,0
FR_NAQ_47,2020-03-30,27,7,6,3,11,16,1,6,5,1,0,3,2,0,2,0,0,0
FR_NAQ_47,2020-03-31,25,6,8,3,10,15,1,5,6,2,0,3,2,0,1,1,0,0
FR_NAQ_47,2020-04-01,29,6,8,3,11,18,1,5,6,2,0,3,0,0,0,0,0,0
FR_NAQ_47,2020-04-02,30,7,8,3,12,18,2,5,6,2,0,3,0,0,0,0,0,0
FR_NAQ_47,2020-04-03,29,7,11,3,11,18,2,5,7,4,0,3,3,0,1,2,0,0
FR_NAQ_47,2020-04-04,28,7,12,3,11,17,2,5,7,5,0,3,1,0,0,1,0,0
FR_NAQ_47,2020-04-05,31,7,12,3,13,18,2,5,7,5,0,3,0,0,0,0,0,0
FR_NAQ_47,2020-04-06,31,7,12,3,13,18,2,5,7,5,0,3,0,0,0,0,0,0
FR_NAQ_47,2020-04-07,30,7,15,3,14,16,2,5,7,8,0,3,3,0,0,3,0,0
FR_NAQ_47,2020-04-08,29,7,16,3,13,16,2,5,8,8,0,3,1,0,1,0,0,0
FR_NAQ_47,2020-04-09,29,7,16,4,14,15,2,5,8,8,0,4,0,1,0,0,0,1
FR_NAQ_47,2020-04-10,28,6,17,4,14,14,1,5,8,9,0,4,1,0,0,1,0,0
FR_NAQ_47,2020-04-11,27,6,17,4,12,15,0,6,8,9,0,4,0,0,0,0,0,0
FR_NAQ_47,2020-04-12,30,6,17,4,14,16,0,6,8,9,0,4,0,0,0,0,0,0
FR_NAQ_47,2020-04-13,30,6,17,4,14,16,0,6,8,9,0,4,0,0,0,0,0,0
FR_NAQ_47,2020-04-14,32,6,18,4,15,17,0,6,8,10,0,4,1,0,0,1,0,0
FR_NAQ_47,2020-04-15,29,5,24,4,15,14,0,5,10,14,0,4,6,0,2,4,0,0
FR_NAQ_47,2020-04-16,29,5,27,4,14,15,0,5,12,15,0,4,3,0,2,1,0,0
FR_NAQ_47,2020-04-17,29,4,30,5,12,17,0,4,14,16,0,5,3,1,2,1,0,1
FR_NAQ_47,2020-04-18,32,4,31,5,15,17,0,4,14,17,0,5,1,0,0,1,0,0
FR_NAQ_47,2020-04-19,33,4,32,5,15,18,0,4,15,17,0,5,1,0,1,0,0,0
FR_NAQ_47,2020-04-20,33,4,32,5,15,18,0,4,15,17,0,5,0,0,0,0,0,0
FR_NAQ_47,2020-04-21,35,4,32,5,15,20,0,4,15,17,0,5,0,0,0,0,0,0
FR_NAQ_47,2020-04-22,36,3,32,5,15,21,0,3,15,17,0,5,0,0,0,0,0,0
FR_NAQ_47,2020-04-23,36,3,32,5,15,21,0,3,15,17,0,5,0,0,0,0,0,0
FR_NAQ_47,2020-04-24,33,3,35,5,14,19,0,3,16,19,0,5,3,0,1,2,0,0
FR_NAQ_47,2020-04-25,31,2,37,5,14,17,0,2,16,21,0,5,2,0,0,2,0,0
FR_NAQ_47,2020-04-26,32,3,37,5,15,17,1,2,16,21,0,5,0,0,0,0,0,0
FR_NAQ_47,2020-04-27,33,3,37,5,15,18,1,2,16,21,0,5,0,0,0,0,0,0
FR_NAQ_47,2020-04-28,33,3,37,5,15,18,1,2,16,21,0,5,0,0,0,0,0,0
FR_NAQ_47,2020-04-29,32,3,42,5,16,16,1,2,17,25,0,5,5,0,1,4,0,0
FR_NAQ_47,2020-04-30,30,3,43,7,15,15,1,2,18,25,0,7,1,2,1,0,0,2
FR_NAQ_47,2020-05-01,30,3,43,7,15,15,1,2,18,25,0,7,0,0,0,0,0,0
FR_NAQ_47,2020-05-02,30,3,43,7,15,15,1,2,18,25,0,7,0,0,0,0,0,0
FR_NAQ_47,2020-05-03,30,3,43,7,15,15,1,2,18,25,0,7,0,0,0,0,0,0
FR_NAQ_47,2020-05-04,29,3,43,8,14,15,1,2,18,25,1,7,0,1,0,0,1,0
FR_NAQ_47,2020-05-05,28,3,44,8,14,14,1,2,18,26,1,7,1,0,0,1,0,0
FR_NAQ_47,2020-05-06,30,2,45,8,15,15,1,1,17,28,1,7,1,0,-1,2,0,0
FR_NAQ_47,2020-05-07,27,2,51,8,15,12,1,1,17,34,1,7,6,0,0,6,0,0
FR_NAQ_47,2020-05-08,22,2,56,8,12,10,1,1,20,36,1,7,5,0,3,2,0,0
FR_NAQ_47,2020-05-09,22,2,56,8,12,10,1,1,20,36,1,7,0,0,0,0,0,0
FR_NAQ_47,2020-05-10,23,2,56,8,13,10,1,1,20,36,1,7,0,0,0,0,0,0
FR_NAQ_47,2020-05-11,25,2,56,8,15,10,1,1,20,36,1,7,0,0,0,0,0,0
FR_NAQ_47,2020-05-12,24,2,54,8,14,10,1,1,20,34,1,7,-2,0,0,-2,0,0
FR_NAQ_47,2020-05-13,24,2,53,8,14,10,1,1,20,33,1,7,-1,0,0,-1,0,0
FR_NAQ_47,2020-05-14,23,2,54,8,13,10,1,1,21,33,1,7,1,0,1,0,0,0
FR_NAQ_47,2020-05-15,24,2,54,8,13,11,1,1,21,33,1,7,0,0,0,0,0,0
FR_NAQ_47,2020-05-16,23,2,55,9,14,9,1,1,21,34,1,8,1,1,0,1,0,1
FR_NAQ_47,2020-05-17,23,2,55,9,14,9,1,1,21,34,1,8,0,0,0,0,0,0
FR_NAQ_47,2020-05-18,23,2,55,9,14,9,1,1,21,34,1,8,0,0,0,0,0,0
FR_NAQ_47,2020-05-19,22,2,53,9,13,9,1,1,22,31,1,8,-2,0,1,-3,0,0
FR_NAQ_47,2020-05-20,20,2,55,9,13,7,1,1,22,33,1,8,2,0,0,2,0,0
FR_NAQ_47,2020-05-21,20,2,55,9,13,7,1,1,22,33,1,8,0,0,0,0,0,0
FR_NAQ_47,2020-05-22,19,2,56,9,13,6,1,1,22,34,1,8,1,0,0,1,0,0
FR_NAQ_47,2020-05-23,18,2,57,9,12,6,1,1,23,34,1,8,1,0,1,0,0,0
FR_NAQ_47,2020-05-24,18,2,57,9,12,6,1,1,23,34,1,8,0,0,0,0,0,0
FR_NAQ_47,2020-05-25,21,2,57,9,12,9,1,1,23,34,1,8,0,0,0,0,0,0
FR_NAQ_47,2020-05-26,20,2,58,9,11,9,1,1,24,34,1,8,1,0,1,0,0,0
FR_NAQ_47,2020-05-27,20,2,58,9,11,9,1,1,24,34,1,8,0,0,0,0,0,0
FR_NAQ_47,2020-05-28,20,2,58,9,11,9,1,1,24,34,1,8,0,0,0,0,0,0
FR_NAQ_47,2020-05-29,20,2,59,9,11,9,1,1,24,35,1,8,1,0,0,1,0,0
FR_NAQ_47,2020-05-30,18,2,61,9,10,8,1,1,25,36,1,8,2,0,1,1,0,0
FR_NAQ_47,2020-05-31,18,2,61,9,10,8,1,1,25,36,1,8,0,0,0,0,0,0
FR_NAQ_47,2020-06-01,18,2,61,9,10,8,1,1,25,36,1,8,0,0,0,0,0,0
FR_NAQ_47,2020-06-02,18,2,61,9,10,8,1,1,25,36,1,8,0,0,0,0,0,0
FR_NAQ_47,2020-06-03,17,2,62,9,10,7,1,1,25,37,1,8,1,0,0,1,0,0
FR_NAQ_47,2020-06-04,10,2,69,9,5,5,1,1,30,39,1,8,7,0,5,2,0,0
FR_NAQ_47,2020-06-05,10,2,69,9,5,5,1,1,30,39,1,8,0,0,0,0,0,0
FR_NAQ_47,2020-06-06,10,2,69,9,5,5,1,1,30,39,1,8,0,0,0,0,0,0
FR_NAQ_47,2020-06-07,10,2,69,9,5,5,1,1,30,39,1,8,0,0,0,0,0,0
FR_NAQ_47,2020-06-08,9,1,70,9,5,4,1,0,30,40,1,8,1,0,0,1,0,0
FR_NAQ_47,2020-06-09,6,0,73,9,2,4,0,0,33,40,1,8,3,0,3,0,0,0
FR_NAQ_47,2020-06-10,6,1,73,10,3,3,1,0,33,40,1,9,0,1,0,0,0,1
FR_NAQ_47,2020-06-11,6,1,73,10,3,3,1,0,33,40,1,9,0,0,0,0,0,0
FR_NAQ_47,2020-06-12,6,1,73,10,3,3,1,0,33,40,1,9,0,0,0,0,0,0
FR_NAQ_47,2020-06-13,6,1,73,10,3,3,1,0,33,40,1,9,0,0,0,0,0,0
FR_NAQ_47,2020-06-14,6,1,74,10,3,3,1,0,33,41,1,9,1,0,0,1,0,0
FR_NAQ_47,2020-06-15,6,1,74,10,3,3,1,0,33,41,1,9,0,0,0,0,0,0
FR_NAQ_47,2020-06-16,7,0,74,10,3,4,0,0,33,41,1,9,0,0,0,0,0,0
FR_NAQ_47,2020-06-17,8,0,74,10,3,5,0,0,33,41,1,9,0,0,0,0,0,0
FR_NAQ_47,2020-06-18,8,0,73,10,3,5,0,0,33,40,1,9,-1,0,0,-1,0,0
FR_NAQ_47,2020-06-19,8,0,73,10,3,5,0,0,33,40,1,9,0,0,0,0,0,0
FR_NAQ_47,2020-06-20,8,0,73,10,3,5,0,0,33,40,1,9,0,0,0,0,0,0
FR_NAQ_47,2020-06-21,8,0,73,10,3,5,0,0,33,40,1,9,0,0,0,0,0,0
FR_NAQ_64,2020-03-18,5,0,0,0,3,2,0,0,0,0,0,0,,,,,,
FR_NAQ_64,2020-03-19,9,0,1,0,4,5,0,0,1,0,0,0,1,0,1,0,0,0
FR_NAQ_64,2020-03-20,8,0,2,1,3,5,0,0,2,0,0,1,1,1,1,0,0,1
FR_NAQ_64,2020-03-21,10,1,2,1,4,6,0,1,2,0,0,1,0,0,0,0,0,0
FR_NAQ_64,2020-03-22,15,1,2,1,7,8,0,1,2,0,0,1,0,0,0,0,0,0
FR_NAQ_64,2020-03-23,19,1,5,1,10,9,0,1,3,2,0,1,3,0,1,2,0,0
FR_NAQ_64,2020-03-24,23,5,7,1,14,9,1,4,3,4,0,1,2,0,0,2,0,0
FR_NAQ_64,2020-03-25,32,7,8,3,15,17,1,6,3,5,1,2,1,2,0,1,1,1
FR_NAQ_64,2020-03-26,39,9,18,4,14,25,1,8,8,10,2,2,10,1,5,5,1,0
FR_NAQ_64,2020-03-27,48,11,21,5,21,27,2,9,8,13,3,2,3,1,0,3,1,0
FR_NAQ_64,2020-03-28,48,10,28,6,18,30,3,7,12,16,4,2,7,1,4,3,1,0
FR_NAQ_64,2020-03-29,52,13,32,6,20,32,3,10,15,17,4,2,4,0,3,1,0,0
FR_NAQ_64,2020-03-30,55,15,34,9,20,35,4,11,16,18,5,4,2,3,1,1,1,2
FR_NAQ_64,2020-03-31,72,26,37,10,26,46,9,17,18,19,5,5,3,1,2,1,0,1
FR_NAQ_64,2020-04-01,73,27,46,10,28,45,10,17,23,23,5,5,9,0,5,4,0,0
FR_NAQ_64,2020-04-02,74,29,62,12,29,45,11,18,31,31,5,7,16,2,8,8,0,2
FR_NAQ_64,2020-04-03,77,30,54,13,32,45,12,18,27,27,5,8,-8,1,-4,-4,0,1
FR_NAQ_64,2020-04-04,80,29,65,13,36,44,11,18,31,34,5,8,11,0,4,7,0,0
FR_NAQ_64,2020-04-05,77,29,68,14,35,42,11,18,33,35,5,9,3,1,2,1,0,1
FR_NAQ_64,2020-04-06,85,27,69,15,41,44,11,16,34,35,5,10,1,1,1,0,0,1
FR_NAQ_64,2020-04-07,81,28,74,15,38,43,11,17,37,37,5,10,5,0,3,2,0,0
FR_NAQ_64,2020-04-08,88,28,79,14,45,43,10,18,38,41,3,11,5,-1,1,4,-2,1
FR_NAQ_64,2020-04-09,96,28,79,14,47,49,10,18,38,41,3,11,0,0,0,0,0,0
FR_NAQ_64,2020-04-10,97,28,86,16,49,48,10,18,39,47,4,12,7,2,1,6,1,1
FR_NAQ_64,2020-04-11,92,27,95,16,48,44,9,18,41,54,4,12,9,0,2,7,0,0
FR_NAQ_64,2020-04-12,93,26,96,18,49,44,8,18,41,55,5,13,1,2,0,1,1,1
FR_NAQ_64,2020-04-13,92,24,98,19,47,45,8,16,43,55,6,13,2,1,2,0,1,0
FR_NAQ_64,2020-04-14,92,23,98,20,47,45,8,15,43,55,7,13,0,1,0,0,1,0
FR_NAQ_64,2020-04-15,90,23,104,19,45,45,8,15,47,57,7,12,6,-1,4,2,0,-1
FR_NAQ_64,2020-04-16,86,21,112,18,42,44,7,14,52,60,6,12,8,-1,5,3,-1,0
FR_NAQ_64,2020-04-17,86,19,112,20,42,44,6,13,52,60,6,14,0,2,0,0,0,2
FR_NAQ_64,2020-04-18,79,13,124,20,39,40,3,10,58,66,6,14,12,0,6,6,0,0
FR_NAQ_64,2020-04-19,78,13,125,20,39,39,3,10,58,67,6,14,1,0,0,1,0,0
FR_NAQ_64,2020-04-20,79,13,126,20,39,40,3,10,58,68,6,14,1,0,0,1,0,0
FR_NAQ_64,2020-04-21,79,13,126,20,39,40,3,10,58,68,6,14,0,0,0,0,0,0
FR_NAQ_64,2020-04-22,77,12,130,20,39,38,3,9,59,71,6,14,4,0,1,3,0,0
FR_NAQ_64,2020-04-23,71,10,138,20,36,35,1,9,63,75,6,14,8,0,4,4,0,0
FR_NAQ_64,2020-04-24,71,9,139,20,35,36,2,7,64,75,6,14,1,0,1,0,0,0
FR_NAQ_64,2020-04-25,66,7,145,21,32,34,1,6,67,78,6,15,6,1,3,3,0,1
FR_NAQ_64,2020-04-26,64,6,147,22,31,33,1,5,68,79,6,16,2,1,1,1,0,1
FR_NAQ_64,2020-04-27,64,5,148,23,30,34,0,5,69,79,6,17,1,1,1,0,0,1
FR_NAQ_64,2020-04-28,63,5,149,23,29,34,0,5,70,79,6,17,1,0,1,0,0,0
FR_NAQ_64,2020-04-29,50,5,165,25,24,26,0,5,77,88,7,18,16,2,7,9,1,1
FR_NAQ_64,2020-04-30,49,4,166,25,24,25,0,4,77,89,7,18,1,0,0,1,0,0
FR_NAQ_64,2020-05-01,44,4,171,25,21,23,0,4,80,91,7,18,5,0,3,2,0,0
FR_NAQ_64,2020-05-02,44,4,171,25,21,23,0,4,80,91,7,18,0,0,0,0,0,0
FR_NAQ_64,2020-05-03,45,5,171,25,21,24,0,5,80,91,7,18,0,0,0,0,0,0
FR_NAQ_64,2020-05-04,46,5,171,25,22,24,0,5,80,91,7,18,0,0,0,0,0,0
FR_NAQ_64,2020-05-05,44,5,174,25,20,24,0,5,82,92,7,18,3,0,2,1,0,0
FR_NAQ_64,2020-05-06,38,4,179,25,17,21,0,4,85,94,7,18,5,0,3,2,0,0
FR_NAQ_64,2020-05-07,36,3,181,25,16,20,0,3,86,95,7,18,2,0,1,1,0,0
FR_NAQ_64,2020-05-08,36,3,182,25,16,20,0,3,87,95,7,18,1,0,1,0,0,0
FR_NAQ_64,2020-05-09,36,3,182,25,16,20,0,3,87,95,7,18,0,0,0,0,0,0
FR_NAQ_64,2020-05-10,35,3,183,25,15,20,0,3,88,95,7,18,1,0,1,0,0,0
FR_NAQ_64,2020-05-11,35,3,183,25,15,20,0,3,88,95,7,18,0,0,0,0,0,0
FR_NAQ_64,2020-05-12,35,3,183,25,15,20,0,3,88,95,7,18,0,0,0,0,0,0
FR_NAQ_64,2020-05-13,33,3,185,25,14,19,0,3,89,96,7,18,2,0,1,1,0,0
FR_NAQ_64,2020-05-14,32,3,185,26,14,18,0,3,89,96,7,19,0,1,0,0,0,1
FR_NAQ_64,2020-05-15,32,3,187,26,13,19,0,3,90,97,7,19,2,0,1,1,0,0
FR_NAQ_64,2020-05-16,32,3,187,26,13,19,0,3,90,97,7,19,0,0,0,0,0,0
FR_NAQ_64,2020-05-17,30,3,189,26,12,18,0,3,91,98,7,19,2,0,1,1,0,0
FR_NAQ_64,2020-05-18,30,3,189,26,12,18,0,3,91,98,7,19,0,0,0,0,0,0
FR_NAQ_64,2020-05-19,29,4,191,26,11,18,0,4,92,99,7,19,2,0,1,1,0,0
FR_NAQ_64,2020-05-20,28,4,192,26,11,17,0,4,92,100,7,19,1,0,0,1,0,0
FR_NAQ_64,2020-05-21,27,3,192,26,11,16,0,3,92,100,7,19,0,0,0,0,0,0
FR_NAQ_64,2020-05-22,26,3,193,26,11,15,0,3,92,101,7,19,1,0,0,1,0,0
FR_NAQ_64,2020-05-23,25,3,194,26,10,15,0,3,93,101,7,19,1,0,1,0,0,0
FR_NAQ_64,2020-05-24,24,3,195,26,10,14,0,3,93,102,7,19,1,0,0,1,0,0
FR_NAQ_64,2020-05-25,11,3,208,26,4,7,0,3,99,109,7,19,13,0,6,7,0,0
FR_NAQ_64,2020-05-26,10,2,208,27,4,6,0,2,99,109,7,20,0,1,0,0,0,1
FR_NAQ_64,2020-05-27,8,2,209,27,2,6,0,2,100,109,7,20,1,0,1,0,0,0
FR_NAQ_64,2020-05-28,7,2,210,27,2,5,0,2,100,110,7,20,1,0,0,1,0,0
FR_NAQ_64,2020-05-29,7,2,211,27,2,5,0,2,100,111,7,20,1,0,0,1,0,0
FR_NAQ_64,2020-05-30,8,2,211,27,3,5,0,2,100,111,7,20,0,0,0,0,0,0
FR_NAQ_64,2020-05-31,9,2,211,27,3,6,0,2,100,111,7,20,0,0,0,0,0,0
FR_NAQ_64,2020-06-01,8,1,212,27,3,5,0,1,100,112,7,20,1,0,0,1,0,0
FR_NAQ_64,2020-06-02,8,1,212,27,3,5,0,1,100,112,7,20,0,0,0,0,0,0
FR_NAQ_64,2020-06-03,5,0,214,27,1,4,0,0,102,112,7,20,2,0,2,0,0,0
FR_NAQ_64,2020-06-04,5,0,214,27,1,4,0,0,102,112,7,20,0,0,0,0,0,0
FR_NAQ_64,2020-06-05,7,0,215,27,2,5,0,0,102,113,7,20,1,0,0,1,0,0
FR_NAQ_64,2020-06-06,7,0,215,27,2,5,0,0,102,113,7,20,0,0,0,0,0,0
FR_NAQ_64,2020-06-07,7,0,215,27,2,5,0,0,102,113,7,20,0,0,0,0,0,0
FR_NAQ_64,2020-06-08,7,0,215,27,2,5,0,0,102,113,7,20,0,0,0,0,0,0
FR_NAQ_64,2020-06-09,7,0,216,27,3,4,0,0,102,114,7,20,1,0,0,1,0,0
FR_NAQ_64,2020-06-10,6,0,217,27,3,3,0,0,102,115,7,20,1,0,0,1,0,0
FR_NAQ_64,2020-06-11,5,0,218,27,2,3,0,0,103,115,7,20,1,0,1,0,0,0
FR_NAQ_64,2020-06-12,5,0,218,27,2,3,0,0,103,115,7,20,0,0,0,0,0,0
FR_NAQ_64,2020-06-13,4,0,219,27,1,3,0,0,104,115,7,20,1,0,1,0,0,0
FR_NAQ_64,2020-06-14,4,0,219,27,1,3,0,0,104,115,7,20,0,0,0,0,0,0
FR_NAQ_64,2020-06-15,4,0,219,27,1,3,0,0,104,115,7,20,0,0,0,0,0,0
FR_NAQ_64,2020-06-16,2,0,221,27,0,2,0,0,105,116,7,20,2,0,1,1,0,0
FR_NAQ_64,2020-06-17,1,0,222,27,0,1,0,0,105,117,7,20,1,0,0,1,0,0
FR_NAQ_64,2020-06-18,1,0,222,27,0,1,0,0,105,117,7,20,0,0,0,0,0,0
FR_NAQ_64,2020-06-19,1,0,222,27,0,1,0,0,105,117,7,20,0,0,0,0,0,0
FR_NAQ_64,2020-06-20,1,0,222,27,0,1,0,0,105,117,7,20,0,0,0,0,0,0
FR_NAQ_64,2020-06-21,1,0,222,27,0,1,0,0,105,117,7,20,0,0,0,0,0,0
FR_NAQ_79,2020-03-18,2,1,2,0,1,1,0,1,1,1,0,0,,,,,,
FR_NAQ_79,2020-03-19,3,1,3,0,2,1,0,1,2,1,0,0,1,0,1,0,0,0
FR_NAQ_79,2020-03-20,5,1,8,0,3,2,0,1,5,3,0,0,5,0,3,2,0,0
FR_NAQ_79,2020-03-21,5,1,8,0,3,2,0,1,5,3,0,0,0,0,0,0,0,0
FR_NAQ_79,2020-03-22,8,1,11,1,4,4,0,1,5,6,1,0,3,1,0,3,1,0
FR_NAQ_79,2020-03-23,8,1,12,1,4,4,0,1,6,6,1,0,1,0,1,0,0,0
FR_NAQ_79,2020-03-24,9,1,12,1,5,4,0,1,6,6,1,0,0,0,0,0,0,0
FR_NAQ_79,2020-03-25,11,1,13,1,6,5,0,1,7,6,1,0,1,0,1,0,0,0
FR_NAQ_79,2020-03-26,15,1,13,1,9,6,0,1,7,6,1,0,0,0,0,0,0,0
FR_NAQ_79,2020-03-27,16,1,13,2,8,8,0,1,7,6,2,0,0,1,0,0,1,0
FR_NAQ_79,2020-03-28,17,1,14,2,9,8,0,1,8,6,2,0,1,0,1,0,0,0
FR_NAQ_79,2020-03-29,23,4,14,2,11,12,1,3,8,6,2,0,0,0,0,0,0,0
FR_NAQ_79,2020-03-30,25,3,18,2,12,13,0,3,10,8,2,0,4,0,2,2,0,0
FR_NAQ_79,2020-03-31,29,6,19,2,14,15,1,5,10,9,2,0,1,0,0,1,0,0
FR_NAQ_79,2020-04-01,33,6,22,2,16,17,2,4,12,10,2,0,3,0,2,1,0,0
FR_NAQ_79,2020-04-02,29,6,27,5,15,14,2,4,14,13,2,3,5,3,2,3,0,3
FR_NAQ_79,2020-04-03,28,7,26,6,15,13,3,4,14,12,3,3,-1,1,0,-1,1,0
FR_NAQ_79,2020-04-04,26,9,11,8,14,12,5,4,5,6,4,4,-15,2,-9,-6,1,1
FR_NAQ_79,2020-04-05,29,9,10,8,16,13,5,4,5,5,4,4,-1,0,0,-1,0,0
FR_NAQ_79,2020-04-06,28,9,11,8,15,13,5,4,6,5,4,4,1,0,1,0,0,0
FR_NAQ_79,2020-04-07,32,8,14,8,17,15,4,4,7,7,4,4,3,0,1,2,0,0
FR_NAQ_79,2020-04-08,33,9,17,9,17,16,4,5,10,7,4,5,3,1,3,0,0,1
FR_NAQ_79,2020-04-09,36,10,18,9,17,19,4,6,10,8,4,5,1,0,0,1,0,0
FR_NAQ_79,2020-04-10,38,12,19,9,17,21,4,8,10,9,4,5,1,0,0,1,0,0
FR_NAQ_79,2020-04-11,38,8,20,9,18,20,4,4,11,9,4,5,1,0,1,0,0,0
FR_NAQ_79,2020-04-12,35,7,23,10,17,18,4,3,13,10,4,6,3,1,2,1,0,1
FR_NAQ_79,2020-04-13,36,7,23,10,18,18,4,3,13,10,4,6,0,0,0,0,0,0
FR_NAQ_79,2020-04-14,37,7,24,10,19,18,4,3,14,10,4,6,1,0,1,0,0,0
FR_NAQ_79,2020-04-15,33,7,28,12,15,18,4,3,17,11,5,7,4,2,3,1,1,1
FR_NAQ_79,2020-04-16,33,7,29,12,13,20,4,3,18,11,5,7,1,0,1,0,0,0
FR_NAQ_79,2020-04-17,34,6,30,12,14,20,3,3,18,12,5,7,1,0,0,1,0,0
FR_NAQ_79,2020-04-18,35,5,30,12,15,20,3,2,18,12,5,7,0,0,0,0,0,0
FR_NAQ_79,2020-04-19,34,5,30,13,15,19,3,2,18,12,5,8,0,1,0,0,0,1
FR_NAQ_79,2020-04-20,33,5,30,13,14,19,3,2,18,12,5,8,0,0,0,0,0,0
FR_NAQ_79,2020-04-21,31,5,32,14,13,18,3,2,18,14,6,8,2,1,0,2,1,0
FR_NAQ_79,2020-04-22,29,3,35,14,11,18,2,1,20,15,6,8,3,0,2,1,0,0
FR_NAQ_79,2020-04-23,27,3,37,14,11,16,1,2,20,17,6,8,2,0,0,2,0,0
FR_NAQ_79,2020-04-24,26,3,38,14,11,15,1,2,20,18,6,8,1,0,0,1,0,0
FR_NAQ_79,2020-04-25,28,2,38,14,13,15,1,1,20,18,6,8,0,0,0,0,0,0
FR_NAQ_79,2020-04-26,30,3,38,14,15,15,2,1,20,18,6,8,0,0,0,0,0,0
FR_NAQ_79,2020-04-27,28,3,39,15,16,12,2,1,20,19,6,9,1,1,0,1,0,1
FR_NAQ_79,2020-04-28,29,2,39,15,16,13,2,0,20,19,6,9,0,0,0,0,0,0
FR_NAQ_79,2020-04-29,28,2,39,16,16,12,2,0,20,19,6,10,0,1,0,0,0,1
FR_NAQ_79,2020-04-30,19,2,44,17,10,9,2,0,22,22,7,10,5,1,2,3,1,0
FR_NAQ_79,2020-05-01,17,2,46,17,9,8,2,0,23,23,7,10,2,0,1,1,0,0
FR_NAQ_79,2020-05-02,16,2,46,19,8,8,2,0,23,23,8,11,0,2,0,0,1,1
FR_NAQ_79,2020-05-03,16,2,46,19,8,8,2,0,23,23,8,11,0,0,0,0,0,0
FR_NAQ_79,2020-05-04,15,2,46,19,8,7,2,0,23,23,8,11,0,0,0,0,0,0
FR_NAQ_79,2020-05-05,16,2,46,19,8,8,2,0,23,23,8,11,0,0,0,0,0,0
FR_NAQ_79,2020-05-06,15,2,47,19,7,8,2,0,24,23,8,11,1,0,1,0,0,0
FR_NAQ_79,2020-05-07,13,2,49,19,6,7,2,0,25,24,8,11,2,0,1,1,0,0
FR_NAQ_79,2020-05-08,13,2,49,19,6,7,2,0,25,24,8,11,0,0,0,0,0,0
FR_NAQ_79,2020-05-09,12,2,50,19,6,6,2,0,25,25,8,11,1,0,0,1,0,0
FR_NAQ_79,2020-05-10,12,2,50,19,6,6,2,0,25,25,8,11,0,0,0,0,0,0
FR_NAQ_79,2020-05-11,13,2,50,19,6,7,2,0,25,25,8,11,0,0,0,0,0,0
FR_NAQ_79,2020-05-12,12,2,51,19,5,7,2,0,26,25,8,11,1,0,1,0,0,0
FR_NAQ_79,2020-05-13,10,2,53,19,5,5,2,0,26,27,8,11,2,0,0,2,0,0
FR_NAQ_79,2020-05-14,10,2,54,19,6,4,2,0,26,28,8,11,1,0,0,1,0,0
FR_NAQ_79,2020-05-15,12,2,54,19,8,4,2,0,26,28,8,11,0,0,0,0,0,0
FR_NAQ_79,2020-05-16,11,2,55,19,8,3,2,0,26,29,8,11,1,0,0,1,0,0
FR_NAQ_79,2020-05-17,11,2,55,20,8,3,2,0,26,29,9,11,0,1,0,0,1,0
FR_NAQ_79,2020-05-18,11,2,55,20,8,3,2,0,26,29,9,11,0,0,0,0,0,0
FR_NAQ_79,2020-05-19,11,2,55,20,8,3,2,0,26,29,9,11,0,0,0,0,0,0
FR_NAQ_79,2020-05-20,11,2,55,20,8,3,2,0,26,29,9,11,0,0,0,0,0,0
FR_NAQ_79,2020-05-21,11,2,55,20,7,4,2,0,26,29,9,11,0,0,0,0,0,0
FR_NAQ_79,2020-05-22,12,2,55,20,7,5,2,0,26,29,9,11,0,0,0,0,0,0
FR_NAQ_79,2020-05-23,12,2,55,20,7,5,2,0,26,29,9,11,0,0,0,0,0,0
FR_NAQ_79,2020-05-24,13,2,55,20,7,6,2,0,26,29,9,11,0,0,0,0,0,0
FR_NAQ_79,2020-05-25,13,2,55,20,7,6,2,0,26,29,9,11,0,0,0,0,0,0
FR_NAQ_79,2020-05-26,12,2,56,20,7,5,2,0,26,30,9,11,1,0,0,1,0,0
FR_NAQ_79,2020-05-27,11,2,57,20,6,5,2,0,27,30,9,11,1,0,1,0,0,0
FR_NAQ_79,2020-05-28,10,2,58,20,5,5,2,0,28,30,9,11,1,0,1,0,0,0
FR_NAQ_79,2020-05-29,8,2,60,20,4,4,2,0,29,31,9,11,2,0,1,1,0,0
FR_NAQ_79,2020-05-30,8,2,60,20,4,4,2,0,29,31,9,11,0,0,0,0,0,0
FR_NAQ_79,2020-05-31,8,1,60,21,4,4,1,0,29,31,10,11,0,1,0,0,1,0
FR_NAQ_79,2020-06-01,8,1,60,21,4,4,1,0,29,31,10,11,0,0,0,0,0,0
FR_NAQ_79,2020-06-02,5,1,63,21,3,2,1,0,30,33,10,11,3,0,1,2,0,0
FR_NAQ_79,2020-06-03,4,0,63,21,2,2,0,0,30,33,10,11,0,0,0,0,0,0
FR_NAQ_79,2020-06-04,4,0,63,21,2,2,0,0,30,33,10,11,0,0,0,0,0,0
FR_NAQ_79,2020-06-05,3,0,64,21,2,1,0,0,30,34,10,11,1,0,0,1,0,0
FR_NAQ_79,2020-06-06,3,0,64,21,2,1,0,0,30,34,10,11,0,0,0,0,0,0
FR_NAQ_79,2020-06-07,3,0,64,21,2,1,0,0,30,34,10,11,0,0,0,0,0,0
FR_NAQ_79,2020-06-08,4,0,64,21,3,1,0,0,30,34,10,11,0,0,0,0,0,0
FR_NAQ_79,2020-06-09,4,0,64,21,3,1,0,0,30,34,10,11,0,0,0,0,0,0
FR_NAQ_79,2020-06-10,4,0,64,21,3,1,0,0,30,34,10,11,0,0,0,0,0,0
FR_NAQ_79,2020-06-11,4,0,64,21,3,1,0,0,30,34,10,11,0,0,0,0,0,0
FR_NAQ_79,2020-06-12,4,0,64,21,3,1,0,0,30,34,10,11,0,0,0,0,0,0
FR_NAQ_79,2020-06-13,3,0,65,21,2,1,0,0,31,34,10,11,1,0,1,0,0,0
FR_NAQ_79,2020-06-14,3,0,65,21,2,1,0,0,31,34,10,11,0,0,0,0,0,0
FR_NAQ_79,2020-06-15,3,0,65,21,2,1,0,0,31,34,10,11,0,0,0,0,0,0
FR_NAQ_79,2020-06-16,3,0,65,21,2,1,0,0,31,34,10,11,0,0,0,0,0,0
FR_NAQ_79,2020-06-17,3,0,65,21,2,1,0,0,31,34,10,11,0,0,0,0,0,0
FR_NAQ_79,2020-06-18,3,0,65,21,2,1,0,0,31,34,10,11,0,0,0,0,0,0
FR_NAQ_79,2020-06-19,3,0,65,21,2,1,0,0,31,34,10,11,0,0,0,0,0,0
FR_NAQ_79,2020-06-20,3,0,65,21,2,1,0,0,31,34,10,11,0,0,0,0,0,0
FR_NAQ_79,2020-06-21,3,0,65,21,2,1,0,0,31,34,10,11,0,0,0,0,0,0
FR_NAQ_86,2020-03-18,7,0,0,1,6,1,0,0,0,0,1,0,,,,,,
FR_NAQ_86,2020-03-19,7,0,0,1,6,1,0,0,0,0,1,0,0,0,0,0,0,0
FR_NAQ_86,2020-03-20,11,0,0,1,9,2,0,0,0,0,1,0,0,0,0,0,0,0
FR_NAQ_86,2020-03-21,12,0,1,1,9,3,0,0,1,0,1,0,1,0,1,0,0,0
FR_NAQ_86,2020-03-22,13,1,1,1,10,3,1,0,1,0,1,0,0,0,0,0,0,0
FR_NAQ_86,2020-03-23,15,1,1,3,10,5,1,0,1,0,3,0,0,2,0,0,2,0
FR_NAQ_86,2020-03-24,17,0,5,3,12,5,0,0,3,2,3,0,4,0,2,2,0,0
FR_NAQ_86,2020-03-25,15,0,9,4,10,5,0,0,4,5,4,0,4,1,1,3,1,0
FR_NAQ_86,2020-03-26,24,6,13,4,9,15,0,6,7,6,4,0,4,0,3,1,0,0
FR_NAQ_86,2020-03-27,28,8,15,6,11,17,1,7,8,7,6,0,2,2,1,1,2,0
FR_NAQ_86,2020-03-28,26,8,20,8,8,18,1,7,11,9,8,0,5,2,3,2,2,0
FR_NAQ_86,2020-03-29,34,14,19,9,10,24,2,12,11,8,8,1,-1,1,0,-1,0,1
FR_NAQ_86,2020-03-30,41,13,20,9,13,28,2,11,12,8,8,1,1,0,1,0,0,0
FR_NAQ_86,2020-03-31,43,21,26,12,13,30,4,17,14,12,9,3,6,3,2,4,1,2
FR_NAQ_86,2020-04-01,47,20,27,12,16,31,4,16,14,13,9,3,1,0,0,1,0,0
FR_NAQ_86,2020-04-02,44,20,30,15,14,30,4,16,15,15,10,5,3,3,1,2,1,2
FR_NAQ_86,2020-04-03,47,20,32,15,17,30,4,16,16,16,10,5,2,0,1,1,0,0
FR_NAQ_86,2020-04-04,45,20,34,16,17,28,4,16,16,18,10,6,2,1,0,2,0,1
FR_NAQ_86,2020-04-05,56,27,36,17,19,37,5,22,18,18,10,7,2,1,2,0,0,1
FR_NAQ_86,2020-04-06,61,28,37,17,23,38,6,22,19,18,10,7,1,0,1,0,0,0
FR_NAQ_86,2020-04-07,59,25,40,19,20,39,5,20,21,19,11,8,3,2,2,1,1,1
FR_NAQ_86,2020-04-08,60,24,43,19,20,40,5,19,22,21,11,8,3,0,1,2,0,0
FR_NAQ_86,2020-04-09,59,22,45,19,20,39,4,18,24,21,11,8,2,0,2,0,0,0
FR_NAQ_86,2020-04-10,56,23,52,19,19,37,4,19,27,25,11,8,7,0,3,4,0,0
FR_NAQ_86,2020-04-11,63,29,56,19,20,43,6,23,29,27,11,8,4,0,2,2,0,0
FR_NAQ_86,2020-04-12,67,29,52,19,22,45,6,23,27,25,11,8,-4,0,-2,-2,0,0
FR_NAQ_86,2020-04-13,71,29,52,20,23,48,7,22,27,25,11,9,0,1,0,0,0,1
FR_NAQ_86,2020-04-14,67,27,59,21,21,46,8,19,32,27,11,10,7,1,5,2,0,1
FR_NAQ_86,2020-04-15,66,25,59,21,21,45,8,17,32,27,11,10,0,0,0,0,0,0
FR_NAQ_86,2020-04-16,60,23,65,24,20,40,7,16,34,31,12,12,6,3,2,4,1,2
FR_NAQ_86,2020-04-17,56,20,69,24,18,38,5,15,36,33,12,12,4,0,2,2,0,0
FR_NAQ_86,2020-04-18,50,17,71,24,15,35,4,13,37,34,12,12,2,0,1,1,0,0
FR_NAQ_86,2020-04-19,50,17,71,24,15,35,4,13,37,34,12,12,0,0,0,0,0,0
FR_NAQ_86,2020-04-20,58,16,72,24,23,35,4,12,37,35,12,12,1,0,0,1,0,0
FR_NAQ_86,2020-04-21,58,16,73,24,23,35,4,12,37,36,12,12,1,0,0,1,0,0
FR_NAQ_86,2020-04-22,54,10,76,24,23,31,3,7,38,38,12,12,3,0,1,2,0,0
FR_NAQ_86,2020-04-23,52,10,76,26,22,30,3,7,38,38,12,14,0,2,0,0,0,2
FR_NAQ_86,2020-04-24,46,8,80,28,17,29,3,5,42,38,13,15,4,2,4,0,1,1
FR_NAQ_86,2020-04-25,46,6,81,28,17,29,2,4,42,39,13,15,1,0,0,1,0,0
FR_NAQ_86,2020-04-26,46,6,81,28,17,29,2,4,42,39,13,15,0,0,0,0,0,0
FR_NAQ_86,2020-04-27,48,6,83,29,16,32,2,4,43,40,14,15,2,1,1,1,1,0
FR_NAQ_86,2020-04-28,48,6,83,29,16,32,2,4,43,40,14,15,0,0,0,0,0,0
FR_NAQ_86,2020-04-29,47,9,86,31,17,30,4,5,45,41,15,16,3,2,2,1,1,1
FR_NAQ_86,2020-04-30,44,9,91,31,17,27,4,5,46,45,15,16,5,0,1,4,0,0
FR_NAQ_86,2020-05-01,45,9,90,31,18,27,4,5,46,44,15,16,-1,0,0,-1,0,0
FR_NAQ_86,2020-05-02,45,9,90,31,18,27,4,5,46,44,15,16,0,0,0,0,0,0
FR_NAQ_86,2020-05-03,45,9,90,31,18,27,4,5,46,44,15,16,0,0,0,0,0,0
FR_NAQ_86,2020-05-04,43,8,94,33,18,25,3,5,46,48,15,18,4,2,0,4,0,2
FR_NAQ_86,2020-05-05,43,8,94,33,18,25,3,5,46,48,15,18,0,0,0,0,0,0
FR_NAQ_86,2020-05-06,40,6,95,34,16,24,2,4,47,48,16,18,1,1,1,0,1,0
FR_NAQ_86,2020-05-07,36,6,100,34,15,21,3,3,50,50,16,18,5,0,3,2,0,0
FR_NAQ_86,2020-05-08,28,5,111,34,11,17,2,3,55,56,16,18,11,0,5,6,0,0
FR_NAQ_86,2020-05-09,28,5,111,34,11,17,2,3,55,56,16,18,0,0,0,0,0,0
FR_NAQ_86,2020-05-10,28,5,111,34,11,17,2,3,55,56,16,18,0,0,0,0,0,0
FR_NAQ_86,2020-05-11,29,5,112,36,11,18,2,3,55,57,16,20,1,2,0,1,0,2
FR_NAQ_86,2020-05-12,22,5,116,36,10,12,2,3,55,61,16,20,4,0,0,4,0,0
FR_NAQ_86,2020-05-13,22,4,116,36,10,12,2,2,55,61,16,20,0,0,0,0,0,0
FR_NAQ_86,2020-05-14,23,3,116,36,10,13,1,2,55,61,16,20,0,0,0,0,0,0
FR_NAQ_86,2020-05-15,17,3,119,37,7,10,1,2,56,63,16,21,3,1,1,2,0,1
FR_NAQ_86,2020-05-16,17,3,119,37,7,10,1,2,56,63,16,21,0,0,0,0,0,0
FR_NAQ_86,2020-05-17,17,3,119,37,7,10,1,2,56,63,16,21,0,0,0,0,0,0
FR_NAQ_86,2020-05-18,18,3,119,37,8,10,1,2,56,63,16,21,0,0,0,0,0,0
FR_NAQ_86,2020-05-19,18,3,119,37,8,10,1,2,56,63,16,21,0,0,0,0,0,0
FR_NAQ_86,2020-05-20,16,3,121,37,7,9,1,2,57,64,16,21,2,0,1,1,0,0
FR_NAQ_86,2020-05-21,16,3,121,37,7,9,1,2,57,64,16,21,0,0,0,0,0,0
FR_NAQ_86,2020-05-22,16,3,121,37,7,9,1,2,57,64,16,21,0,0,0,0,0,0
FR_NAQ_86,2020-05-23,21,3,121,37,8,13,1,2,57,64,16,21,0,0,0,0,0,0
FR_NAQ_86,2020-05-24,21,3,121,37,8,13,1,2,57,64,16,21,0,0,0,0,0,0
FR_NAQ_86,2020-05-25,23,3,122,37,7,16,1,2,57,65,16,21,1,0,0,1,0,0
FR_NAQ_86,2020-05-26,23,3,122,37,7,16,1,2,57,65,16,21,0,0,0,0,0,0
FR_NAQ_86,2020-05-27,22,2,122,37,7,15,1,1,57,65,16,21,0,0,0,0,0,0
FR_NAQ_86,2020-05-28,19,2,124,38,6,13,1,1,57,67,17,21,2,1,0,2,1,0
FR_NAQ_86,2020-05-29,13,2,130,38,3,10,1,1,60,70,17,21,6,0,3,3,0,0
FR_NAQ_86,2020-05-30,13,2,130,38,3,10,1,1,60,70,17,21,0,0,0,0,0,0
FR_NAQ_86,2020-05-31,13,2,130,38,3,10,1,1,60,70,17,21,0,0,0,0,0,0
FR_NAQ_86,2020-06-01,13,2,130,38,3,10,1,1,60,70,17,21,0,0,0,0,0,0
FR_NAQ_86,2020-06-02,16,2,131,38,6,10,1,1,60,71,17,21,1,0,0,1,0,0
FR_NAQ_86,2020-06-03,12,1,134,39,4,8,0,1,62,72,17,22,3,1,2,1,0,1
FR_NAQ_86,2020-06-04,12,1,134,39,4,8,0,1,62,72,17,22,0,0,0,0,0,0
FR_NAQ_86,2020-06-05,12,1,134,39,4,8,0,1,62,72,17,22,0,0,0,0,0,0
FR_NAQ_86,2020-06-06,10,0,136,39,2,8,0,0,64,72,17,22,2,0,2,0,0,0
FR_NAQ_86,2020-06-07,10,0,136,39,2,8,0,0,64,72,17,22,0,0,0,0,0,0
FR_NAQ_86,2020-06-08,10,0,136,39,2,8,0,0,64,72,17,22,0,0,0,0,0,0
FR_NAQ_86,2020-06-09,9,0,137,39,2,7,0,0,64,73,17,22,1,0,0,1,0,0
FR_NAQ_86,2020-06-10,10,0,137,39,3,7,0,0,64,73,17,22,0,0,0,0,0,0
FR_NAQ_86,2020-06-11,10,0,137,39,3,7,0,0,64,73,17,22,0,0,0,0,0,0
FR_NAQ_86,2020-06-12,10,0,137,39,3,7,0,0,64,73,17,22,0,0,0,0,0,0
FR_NAQ_86,2020-06-13,8,0,139,39,2,6,0,0,65,74,17,22,2,0,1,1,0,0
FR_NAQ_86,2020-06-14,8,0,139,39,2,6,0,0,65,74,17,22,0,0,0,0,0,0
FR_NAQ_86,2020-06-15,8,0,140,39,2,6,0,0,66,74,17,22,1,0,1,0,0,0
FR_NAQ_86,2020-06-16,8,0,140,39,2,6,0,0,66,74,17,22,0,0,0,0,0,0
FR_NAQ_86,2020-06-17,8,0,140,39,2,6,0,0,66,74,17,22,0,0,0,0,0,0
FR_NAQ_86,2020-06-18,8,0,140,39,2,6,0,0,66,74,17,22,0,0,0,0,0,0
FR_NAQ_86,2020-06-19,8,0,140,39,2,6,0,0,66,74,17,22,0,0,0,0,0,0
FR_NAQ_86,2020-06-20,7,0,141,39,1,6,0,0,67,74,17,22,1,0,1,0,0,0
FR_NAQ_86,2020-06-21,7,0,141,39,1,6,0,0,67,74,17,22,0,0,0,0,0,0
FR_NAQ_87,2020-03-18,2,0,2,0,1,1,0,0,2,0,0,0,,,,,,
FR_NAQ_87,2020-03-19,6,1,2,0,3,3,0,1,2,0,0,0,0,0,0,0,0,0
FR_NAQ_87,2020-03-20,7,2,2,0,4,3,1,1,2,0,0,0,0,0,0,0,0,0
FR_NAQ_87,2020-03-21,8,2,2,1,4,4,1,1,2,0,1,0,0,1,0,0,1,0
FR_NAQ_87,2020-03-22,13,2,2,1,5,8,1,1,2,0,1,0,0,0,0,0,0,0
FR_NAQ_87,2020-03-23,17,2,2,1,7,10,1,1,2,0,1,0,0,0,0,0,0,0
FR_NAQ_87,2020-03-24,18,3,2,2,8,10,1,2,2,0,1,1,0,1,0,0,0,1
FR_NAQ_87,2020-03-25,20,5,2,3,10,10,2,3,2,0,1,2,0,1,0,0,0,1
FR_NAQ_87,2020-03-26,23,4,3,4,12,11,2,2,2,1,1,3,1,1,0,1,0,1
FR_NAQ_87,2020-03-27,33,4,3,4,14,19,2,2,2,1,1,3,0,0,0,0,0,0
FR_NAQ_87,2020-03-28,39,7,5,4,17,22,4,3,4,1,1,3,2,0,2,0,0,0
FR_NAQ_87,2020-03-29,49,13,5,4,22,27,5,8,4,1,1,3,0,0,0,0,0,0
FR_NAQ_87,2020-03-30,55,13,6,5,24,31,5,8,4,2,2,3,1,1,0,1,1,0
FR_NAQ_87,2020-03-31,61,13,9,5,29,32,5,8,4,5,2,3,3,0,0,3,0,0
FR_NAQ_87,2020-04-01,61,15,15,5,30,31,7,8,6,9,2,3,6,0,2,4,0,0
FR_NAQ_87,2020-04-02,64,17,19,6,32,32,7,10,8,11,2,4,4,1,2,2,0,1
FR_NAQ_87,2020-04-03,61,17,24,7,31,30,7,10,12,12,2,5,5,1,4,1,0,1
FR_NAQ_87,2020-04-04,67,20,25,7,36,31,9,11,12,13,2,5,1,0,0,1,0,0
FR_NAQ_87,2020-04-05,66,20,27,8,36,30,9,11,13,14,2,6,2,1,1,1,0,1
FR_NAQ_87,2020-04-06,66,20,28,10,36,30,9,11,13,15,4,6,1,2,0,1,2,0
FR_NAQ_87,2020-04-07,68,19,31,10,40,28,8,11,14,17,4,6,3,0,1,2,0,0
FR_NAQ_87,2020-04-08,72,19,34,11,42,30,8,11,16,18,4,7,3,1,2,1,0,1
FR_NAQ_87,2020-04-09,74,20,36,11,42,32,8,12,17,19,4,7,2,0,1,1,0,0
FR_NAQ_87,2020-04-10,68,13,42,11,39,29,4,9,20,22,4,7,6,0,3,3,0,0
FR_NAQ_87,2020-04-11,69,18,47,11,39,30,7,11,23,24,4,7,5,0,3,2,0,0
FR_NAQ_87,2020-04-12,77,18,49,11,43,34,7,11,24,25,4,7,2,0,1,1,0,0
FR_NAQ_87,2020-04-13,78,18,51,11,44,34,7,11,25,26,4,7,2,0,1,1,0,0
FR_NAQ_87,2020-04-14,71,14,57,13,39,32,4,10,28,29,6,7,6,2,3,3,2,0
FR_NAQ_87,2020-04-15,64,14,63,13,33,31,4,10,31,32,6,7,6,0,3,3,0,0
FR_NAQ_87,2020-04-16,63,13,65,15,32,31,4,9,33,32,8,7,2,2,2,0,2,0
FR_NAQ_87,2020-04-17,60,11,66,16,31,29,4,7,33,33,9,7,1,1,0,1,1,0
FR_NAQ_87,2020-04-18,59,11,67,16,30,29,4,7,34,33,9,7,1,0,1,0,0,0
FR_NAQ_87,2020-04-19,57,11,69,17,29,28,4,7,36,33,9,8,2,1,2,0,0,1
FR_NAQ_87,2020-04-20,51,10,73,20,26,25,3,7,38,35,10,10,4,3,2,2,1,2
FR_NAQ_87,2020-04-21,52,10,76,21,29,23,3,7,38,38,11,10,3,1,0,3,1,0
FR_NAQ_87,2020-04-22,53,10,78,21,30,23,3,7,38,40,11,10,2,0,0,2,0,0
FR_NAQ_87,2020-04-23,52,8,79,21,28,24,2,6,40,39,11,10,1,0,2,-1,0,0
FR_NAQ_87,2020-04-24,50,9,82,21,26,24,2,7,42,40,11,10,3,0,2,1,0,0
FR_NAQ_87,2020-04-25,48,8,83,22,26,22,2,6,42,41,11,11,1,1,0,1,0,1
FR_NAQ_87,2020-04-26,48,8,83,22,26,22,2,6,42,41,11,11,0,0,0,0,0,0
FR_NAQ_87,2020-04-27,46,8,86,22,25,21,2,6,43,43,11,11,3,0,1,2,0,0
FR_NAQ_87,2020-04-28,45,7,86,22,25,20,2,5,43,43,11,11,0,0,0,0,0,0
FR_NAQ_87,2020-04-29,40,6,89,22,24,16,2,4,44,45,11,11,3,0,1,2,0,0
FR_NAQ_87,2020-04-30,37,6,93,22,22,15,2,4,46,47,11,11,4,0,2,2,0,0
FR_NAQ_87,2020-05-01,37,6,93,22,22,15,2,4,46,47,11,11,0,0,0,0,0,0
FR_NAQ_87,2020-05-02,37,6,93,22,22,15,2,4,46,47,11,11,0,0,0,0,0,0
FR_NAQ_87,2020-05-03,37,6,94,22,21,16,2,4,47,47,11,11,1,0,1,0,0,0
FR_NAQ_87,2020-05-04,37,6,94,22,21,16,2,4,47,47,11,11,0,0,0,0,0,0
FR_NAQ_87,2020-05-05,39,7,93,22,21,18,2,5,47,46,11,11,-1,0,0,-1,0,0
FR_NAQ_87,2020-05-06,36,6,96,22,19,17,1,5,49,47,11,11,3,0,2,1,0,0
FR_NAQ_87,2020-05-07,35,6,97,24,20,15,1,5,49,48,12,12,1,2,0,1,1,1
FR_NAQ_87,2020-05-08,35,6,97,24,20,15,1,5,49,48,12,12,0,0,0,0,0,0
FR_NAQ_87,2020-05-09,37,6,97,24,21,16,1,5,49,48,12,12,0,0,0,0,0,0
FR_NAQ_87,2020-05-10,38,7,97,24,21,17,1,6,49,48,12,12,0,0,0,0,0,0
FR_NAQ_87,2020-05-11,39,8,98,24,21,18,1,7,49,49,12,12,1,0,0,1,0,0
FR_NAQ_87,2020-05-12,36,4,98,24,21,15,1,3,49,49,12,12,0,0,0,0,0,0
FR_NAQ_87,2020-05-13,36,5,97,24,21,15,2,3,50,47,12,12,-1,0,1,-2,0,0
FR_NAQ_87,2020-05-14,32,4,100,24,20,12,2,2,51,49,12,12,3,0,1,2,0,0
FR_NAQ_87,2020-05-15,30,3,100,24,20,10,2,1,51,49,12,12,0,0,0,0,0,0
FR_NAQ_87,2020-05-16,30,3,100,24,20,10,2,1,51,49,12,12,0,0,0,0,0,0
FR_NAQ_87,2020-05-17,30,3,100,24,20,10,2,1,51,49,12,12,0,0,0,0,0,0
FR_NAQ_87,2020-05-18,25,3,106,24,17,8,2,1,55,51,12,12,6,0,4,2,0,0
FR_NAQ_87,2020-05-19,24,3,108,24,17,7,2,1,55,53,12,12,2,0,0,2,0,0
FR_NAQ_87,2020-05-20,22,3,110,24,15,7,2,1,57,53,12,12,2,0,2,0,0,0
FR_NAQ_87,2020-05-21,22,3,110,24,15,7,2,1,57,53,12,12,0,0,0,0,0,0
FR_NAQ_87,2020-05-22,17,3,115,24,10,7,2,1,62,53,12,12,5,0,5,0,0,0
FR_NAQ_87,2020-05-23,18,3,115,24,10,8,2,1,62,53,12,12,0,0,0,0,0,0
FR_NAQ_87,2020-05-24,18,3,115,24,10,8,2,1,62,53,12,12,0,0,0,0,0,0
FR_NAQ_87,2020-05-25,17,3,116,25,10,7,2,1,62,54,12,13,1,1,0,1,0,1
FR_NAQ_87,2020-05-26,16,2,116,25,9,7,1,1,62,54,12,13,0,0,0,0,0,0
FR_NAQ_87,2020-05-27,16,2,116,25,9,7,1,1,62,54,12,13,0,0,0,0,0,0
FR_NAQ_87,2020-05-28,15,1,116,25,8,7,0,1,62,54,12,13,0,0,0,0,0,0
FR_NAQ_87,2020-05-29,14,1,116,25,7,7,0,1,62,54,12,13,0,0,0,0,0,0
FR_NAQ_87,2020-05-30,14,1,116,25,7,7,0,1,62,54,12,13,0,0,0,0,0,0
FR_NAQ_87,2020-05-31,14,1,116,25,7,7,0,1,62,54,12,13,0,0,0,0,0,0
FR_NAQ_87,2020-06-01,14,1,116,25,7,7,0,1,62,54,12,13,0,0,0,0,0,0
FR_NAQ_87,2020-06-02,14,1,116,25,7,7,0,1,62,54,12,13,0,0,0,0,0,0
FR_NAQ_87,2020-06-03,14,1,116,25,7,7,0,1,62,54,12,13,0,0,0,0,0,0
FR_NAQ_87,2020-06-04,14,1,116,25,7,7,0,1,62,54,12,13,0,0,0,0,0,0
FR_NAQ_87,2020-06-05,13,1,117,25,6,7,0,1,63,54,12,13,1,0,1,0,0,0
FR_NAQ_87,2020-06-06,13,1,117,25,6,7,0,1,63,54,12,13,0,0,0,0,0,0
FR_NAQ_87,2020-06-07,13,1,117,25,6,7,0,1,63,54,12,13,0,0,0,0,0,0
FR_NAQ_87,2020-06-08,13,1,117,25,6,7,0,1,63,54,12,13,0,0,0,0,0,0
FR_NAQ_87,2020-06-09,11,1,119,25,5,6,0,1,64,55,12,13,2,0,1,1,0,0
FR_NAQ_87,2020-06-10,10,0,119,25,5,5,0,0,64,55,12,13,0,0,0,0,0,0
FR_NAQ_87,2020-06-11,10,0,119,25,5,5,0,0,64,55,12,13,0,0,0,0,0,0
FR_NAQ_87,2020-06-12,10,0,119,25,5,5,0,0,64,55,12,13,0,0,0,0,0,0
FR_NAQ_87,2020-06-13,10,0,119,25,5,5,0,0,64,55,12,13,0,0,0,0,0,0
FR_NAQ_87,2020-06-14,10,0,119,25,5,5,0,0,64,55,12,13,0,0,0,0,0,0
FR_NAQ_87,2020-06-15,10,0,119,25,5,5,0,0,64,55,12,13,0,0,0,0,0,0
FR_NAQ_87,2020-06-16,6,0,123,25,2,4,0,0,67,56,12,13,4,0,3,1,0,0
FR_NAQ_87,2020-06-17,6,0,124,25,2,4,0,0,67,57,12,13,1,0,0,1,0,0
FR_NAQ_87,2020-06-18,5,0,125,25,2,3,0,0,67,58,12,13,1,0,0,1,0,0
FR_NAQ_87,2020-06-19,5,0,125,25,2,3,0,0,67,58,12,13,0,0,0,0,0,0
FR_NAQ_87,2020-06-20,5,0,125,25,2,3,0,0,67,58,12,13,0,0,0,0,0,0
FR_NAQ_87,2020-06-21,5,0,125,25,2,3,0,0,67,58,12,13,0,0,0,0,0,0
FR_NOR,2020-03-18,45,4,6,3,20,25,2,2,4,2,0,3,,,,,,
FR_NOR,2020-03-19,46,6,9,5,18,28,2,4,6,3,0,5,3,2,2,1,0,2
FR_NOR,2020-03-20,71,13,14,7,28,43,5,8,7,7,0,7,5,2,1,4,0,2
FR_NOR,2020-03-21,92,21,14,6,34,58,9,12,6,8,0,6,0,-1,-1,1,0,-1
FR_NOR,2020-03-22,117,25,15,8,48,69,10,15,7,8,1,7,1,2,1,0,1,1
FR_NOR,2020-03-23,147,33,24,9,63,84,12,21,11,13,1,8,9,1,4,5,0,1
FR_NOR,2020-03-24,170,40,32,15,66,104,11,29,16,16,5,10,8,6,5,3,4,2
FR_NOR,2020-03-25,225,56,50,18,88,137,14,42,28,22,6,12,18,3,12,6,1,2
FR_NOR,2020-03-26,273,75,62,20,111,162,23,52,35,27,8,12,12,2,7,5,2,0
FR_NOR,2020-03-27,312,93,72,24,133,179,27,66,39,33,8,16,10,4,4,6,0,4
FR_NOR,2020-03-28,384,111,94,26,165,219,33,78,50,44,8,18,22,2,11,11,0,2
FR_NOR,2020-03-29,454,122,102,32,195,259,34,88,56,46,10,22,8,6,6,2,2,4
FR_NOR,2020-03-30,477,137,112,42,200,277,37,100,63,49,14,28,10,10,7,3,4,6
FR_NOR,2020-03-31,535,161,148,61,232,303,44,117,84,64,24,37,36,19,21,15,10,9
FR_NOR,2020-04-01,562,164,198,68,239,323,47,117,112,86,27,41,50,7,28,22,3,4
FR_NOR,2020-04-02,627,185,221,80,259,368,45,140,126,95,32,48,23,12,14,9,5,7
FR_NOR,2020-04-03,647,196,255,92,276,371,52,144,140,115,35,57,34,12,14,20,3,9
FR_NOR,2020-04-04,674,208,293,98,285,389,53,155,158,135,39,59,38,6,18,20,4,2
FR_NOR,2020-04-05,705,216,305,110,307,398,58,158,164,141,41,69,12,12,6,6,2,10
FR_NOR,2020-04-06,705,221,335,126,296,409,53,168,181,154,49,77,30,16,17,13,8,8
FR_NOR,2020-04-07,708,224,389,146,293,415,55,169,208,181,58,88,54,20,27,27,9,11
FR_NOR,2020-04-08,675,212,451,163,281,394,51,161,241,210,65,98,62,17,33,29,7,10
FR_NOR,2020-04-09,691,211,476,177,294,397,50,161,255,221,70,107,25,14,14,11,5,9
FR_NOR,2020-04-10,736,209,509,185,313,423,50,159,277,232,70,115,33,8,22,11,0,8
FR_NOR,2020-04-11,721,201,550,194,307,414,49,152,297,253,73,121,41,9,20,21,3,6
FR_NOR,2020-04-12,710,185,582,199,309,401,46,139,312,270,75,124,32,5,15,17,2,3
FR_NOR,2020-04-13,707,188,593,209,313,394,48,140,315,278,78,131,11,10,3,8,3,7
FR_NOR,2020-04-14,700,175,622,229,318,382,45,130,329,293,87,142,29,20,14,15,9,11
FR_NOR,2020-04-15,681,165,663,241,316,365,44,121,348,315,90,151,41,12,19,22,3,9
FR_NOR,2020-04-16,667,164,702,251,309,358,40,124,365,337,92,159,39,10,17,22,2,8
FR_NOR,2020-04-17,653,151,738,260,312,341,35,116,378,360,92,168,36,9,13,23,0,9
FR_NOR,2020-04-18,649,145,784,265,309,340,37,108,408,376,93,172,46,5,30,16,1,4
FR_NOR,2020-04-19,659,148,799,272,306,353,37,111,413,386,99,173,15,7,5,10,6,1
FR_NOR,2020-04-20,656,142,815,281,308,348,35,107,417,398,104,177,16,9,4,12,5,4
FR_NOR,2020-04-21,641,137,860,290,304,337,36,101,442,418,110,180,45,9,25,20,6,3
FR_NOR,2020-04-22,616,133,889,297,295,321,34,99,456,433,115,182,29,7,14,15,5,2
FR_NOR,2020-04-23,607,131,921,305,294,313,32,99,474,447,117,188,32,8,18,14,2,6
FR_NOR,2020-04-24,605,121,955,310,302,303,23,98,490,465,121,189,34,5,16,18,4,1
FR_NOR,2020-04-25,608,116,963,312,307,301,19,97,494,469,123,189,8,2,4,4,2,0
FR_NOR,2020-04-26,601,116,973,317,302,299,21,95,502,471,126,191,10,5,8,2,3,2
FR_NOR,2020-04-27,594,112,982,322,296,298,20,92,507,475,128,194,9,5,5,4,2,3
FR_NOR,2020-04-28,593,112,997,329,297,296,20,92,512,485,130,199,15,7,5,10,2,5
FR_NOR,2020-04-29,582,98,1052,342,299,283,19,79,532,520,136,206,55,13,20,35,6,7
FR_NOR,2020-04-30,587,95,1066,345,300,287,16,79,540,526,140,205,14,3,8,6,4,-1
FR_NOR,2020-05-01,575,90,1087,346,293,282,14,76,552,535,141,205,21,1,12,9,1,0
FR_NOR,2020-05-02,574,87,1092,349,293,281,13,74,556,536,142,207,5,3,4,1,1,2
FR_NOR,2020-05-03,575,86,1094,350,293,282,12,74,558,536,142,208,2,1,2,0,0,1
FR_NOR,2020-05-04,576,81,1115,358,293,283,11,70,568,547,147,211,21,8,10,11,5,3
FR_NOR,2020-05-05,577,78,1135,362,295,282,9,69,579,556,150,212,20,4,11,9,3,1
FR_NOR,2020-05-06,561,67,1153,364,288,273,6,61,586,567,150,214,18,2,7,11,0,2
FR_NOR,2020-05-07,552,60,1167,366,285,267,5,55,592,575,151,215,14,2,6,8,1,1
FR_NOR,2020-05-08,525,59,1200,369,269,256,6,53,610,590,151,218,33,3,18,15,0,3
FR_NOR,2020-05-09,528,58,1203,369,271,257,6,52,610,593,151,218,3,0,0,3,0,0
FR_NOR,2020-05-10,529,58,1205,370,273,256,7,51,611,594,151,219,2,1,1,1,0,1
FR_NOR,2020-05-11,529,52,1216,379,271,258,6,46,619,597,156,223,11,9,8,3,5,4
FR_NOR,2020-05-12,519,43,1232,382,265,254,5,38,630,602,158,224,16,3,11,5,2,1
FR_NOR,2020-05-13,510,43,1242,386,259,251,5,38,636,606,160,226,10,4,6,4,2,2
FR_NOR,2020-05-14,495,43,1264,390,251,244,5,38,646,618,162,228,22,4,10,12,2,2
FR_NOR,2020-05-15,482,41,1280,392,244,238,5,36,656,624,163,229,16,2,10,6,1,1
FR_NOR,2020-05-16,463,36,1301,393,235,228,4,32,668,633,163,230,21,1,12,9,0,1
FR_NOR,2020-05-17,469,36,1301,393,240,229,4,32,668,633,163,230,0,0,0,0,0,0
FR_NOR,2020-05-18,464,36,1311,396,237,227,5,31,674,637,165,231,10,3,6,4,2,1
FR_NOR,2020-05-19,462,35,1321,403,238,224,5,30,679,642,169,234,10,7,5,5,4,3
FR_NOR,2020-05-20,450,34,1340,404,233,217,5,29,688,652,170,234,19,1,9,10,1,0
FR_NOR,2020-05-21,435,31,1354,406,224,211,5,26,697,657,170,236,14,2,9,5,0,2
FR_NOR,2020-05-22,433,33,1361,406,222,211,5,28,701,660,170,236,7,0,4,3,0,0
FR_NOR,2020-05-23,427,31,1370,407,222,205,5,26,704,666,170,237,9,1,3,6,0,1
FR_NOR,2020-05-24,433,31,1372,407,221,212,4,27,706,666,170,237,2,0,2,0,0,0
FR_NOR,2020-05-25,431,27,1376,412,221,210,3,24,709,667,174,238,4,5,3,1,4,1
FR_NOR,2020-05-26,417,25,1396,416,221,196,2,23,717,679,178,238,20,4,8,12,4,0
FR_NOR,2020-05-27,375,22,1437,417,198,177,3,19,739,698,178,239,41,1,22,19,0,1
FR_NOR,2020-05-28,353,20,1453,417,183,170,3,17,747,706,178,239,16,0,8,8,0,0
FR_NOR,2020-05-29,337,19,1468,419,174,163,2,17,756,712,178,241,15,2,9,6,0,2
FR_NOR,2020-05-30,332,19,1473,419,170,162,2,17,760,713,178,241,5,0,4,1,0,0
FR_NOR,2020-05-31,332,20,1473,419,170,162,2,18,760,713,178,241,0,0,0,0,0,0
FR_NOR,2020-06-01,333,20,1473,419,171,162,2,18,760,713,178,241,0,0,0,0,0,0
FR_NOR,2020-06-02,327,21,1483,419,169,158,3,18,765,718,178,241,10,0,5,5,0,0
FR_NOR,2020-06-03,316,19,1499,420,162,154,2,17,773,726,179,241,16,1,8,8,1,0
FR_NOR,2020-06-04,309,19,1505,420,159,150,2,17,776,729,179,241,6,0,3,3,0,0
FR_NOR,2020-06-05,307,16,1506,421,160,147,2,14,777,729,179,242,1,1,1,0,0,1
FR_NOR,2020-06-06,305,14,1513,421,160,145,1,13,781,732,179,242,7,0,4,3,0,0
FR_NOR,2020-06-07,302,14,1514,422,158,144,1,13,782,732,179,243,1,1,1,0,0,1
FR_NOR,2020-06-08,300,14,1516,424,158,142,1,13,782,734,179,245,2,2,0,2,0,2
FR_NOR,2020-06-09,289,14,1531,424,154,135,1,13,787,744,179,245,15,0,5,10,0,0
FR_NOR,2020-06-10,284,14,1536,424,151,133,1,13,790,746,179,245,5,0,3,2,0,0
FR_NOR,2020-06-11,282,14,1538,424,149,133,1,13,792,746,179,245,2,0,2,0,0,0
FR_NOR,2020-06-12,273,13,1548,424,142,131,1,12,800,748,179,245,10,0,8,2,0,0
FR_NOR,2020-06-13,270,13,1552,424,141,129,1,12,802,750,179,245,4,0,2,2,0,0
FR_NOR,2020-06-14,269,13,1553,424,141,128,1,12,802,751,179,245,1,0,0,1,0,0
FR_NOR,2020-06-15,269,13,1554,424,141,128,1,12,802,752,179,245,1,0,0,1,0,0
FR_NOR,2020-06-16,271,13,1555,426,138,133,1,12,804,751,180,246,1,2,2,-1,1,1
FR_NOR,2020-06-17,264,13,1564,427,135,129,1,12,807,757,180,247,9,1,3,6,0,1
FR_NOR,2020-06-18,257,13,1578,427,131,126,1,12,815,763,180,247,14,0,8,6,0,0
FR_NOR,2020-06-19,258,13,1581,427,133,125,1,12,817,764,180,247,3,0,2,1,0,0
FR_NOR,2020-06-20,251,13,1595,427,126,125,2,11,827,768,180,247,14,0,10,4,0,0
FR_NOR,2020-06-21,250,13,1596,427,126,124,2,11,827,769,180,247,1,0,0,1,0,0
FR_NOR_14,2020-03-18,4,1,0,0,1,3,1,0,0,0,0,0,,,,,,
FR_NOR_14,2020-03-19,4,1,1,0,1,3,1,0,1,0,0,0,1,0,1,0,0,0
FR_NOR_14,2020-03-20,4,1,3,1,2,2,1,0,1,2,0,1,2,1,0,2,0,1
FR_NOR_14,2020-03-21,6,3,3,1,1,5,1,2,1,2,0,1,0,0,0,0,0,0
FR_NOR_14,2020-03-22,11,4,3,1,4,7,1,3,1,2,0,1,0,0,0,0,0,0
FR_NOR_14,2020-03-23,26,6,5,1,11,15,1,5,2,3,0,1,2,0,1,1,0,0
FR_NOR_14,2020-03-24,29,10,7,1,11,18,1,9,3,4,0,1,2,0,1,1,0,0
FR_NOR_14,2020-03-25,46,14,7,1,18,28,2,12,4,3,0,1,0,0,1,-1,0,0
FR_NOR_14,2020-03-26,51,16,11,1,19,32,2,14,6,5,0,1,4,0,2,2,0,0
FR_NOR_14,2020-03-27,63,21,12,2,25,38,4,17,6,6,0,2,1,1,0,1,0,1
FR_NOR_14,2020-03-28,81,27,16,2,32,49,7,20,8,8,0,2,4,0,2,2,0,0
FR_NOR_14,2020-03-29,93,31,17,2,37,56,7,24,8,9,0,2,1,0,0,1,0,0
FR_NOR_14,2020-03-30,95,31,18,7,38,57,9,22,9,9,1,6,1,5,1,0,1,4
FR_NOR_14,2020-03-31,96,35,22,7,39,57,11,24,11,11,1,6,4,0,2,2,0,0
FR_NOR_14,2020-04-01,110,41,29,8,47,63,13,28,15,14,1,7,7,1,4,3,0,1
FR_NOR_14,2020-04-02,125,46,29,9,51,74,12,34,15,14,1,8,0,1,0,0,0,1
FR_NOR_14,2020-04-03,130,47,37,11,54,76,14,33,19,18,1,10,8,2,4,4,0,2
FR_NOR_14,2020-04-04,129,51,50,13,51,78,13,38,24,26,2,11,13,2,5,8,1,1
FR_NOR_14,2020-04-05,141,54,51,16,60,81,14,40,25,26,2,14,1,3,1,0,0,3
FR_NOR_14,2020-04-06,145,59,58,23,60,85,14,45,27,31,5,18,7,7,2,5,3,4
FR_NOR_14,2020-04-07,150,59,64,26,62,88,14,45,28,36,5,21,6,3,1,5,0,3
FR_NOR_14,2020-04-08,155,57,68,28,68,87,14,43,31,37,5,23,4,2,3,1,0,2
FR_NOR_14,2020-04-09,156,58,71,30,69,87,14,44,33,38,7,23,3,2,2,1,2,0
FR_NOR_14,2020-04-10,164,59,72,31,75,89,14,45,33,39,7,24,1,1,0,1,0,1
FR_NOR_14,2020-04-11,165,55,82,33,79,86,14,41,36,46,8,25,10,2,3,7,1,1
FR_NOR_14,2020-04-12,161,51,90,35,80,81,13,38,39,51,9,26,8,2,3,5,1,1
FR_NOR_14,2020-04-13,155,49,94,36,80,75,13,36,39,55,9,27,4,1,0,4,0,1
FR_NOR_14,2020-04-14,151,43,100,41,78,73,13,30,41,59,11,30,6,5,2,4,2,3
FR_NOR_14,2020-04-15,151,40,105,46,79,72,12,28,44,61,13,33,5,5,3,2,2,3
FR_NOR_14,2020-04-16,146,40,113,47,78,68,10,30,45,68,13,34,8,1,1,7,0,1
FR_NOR_14,2020-04-17,139,36,123,49,77,62,9,27,49,74,13,36,10,2,4,6,0,2
FR_NOR_14,2020-04-18,138,34,132,49,77,61,9,25,54,78,13,36,9,0,5,4,0,0
FR_NOR_14,2020-04-19,144,36,133,50,78,66,10,26,54,79,14,36,1,1,0,1,1,0
FR_NOR_14,2020-04-20,143,35,134,51,77,66,9,26,55,79,15,36,1,1,1,0,1,0
FR_NOR_14,2020-04-21,144,33,142,52,80,64,10,23,60,82,16,36,8,1,5,3,1,0
FR_NOR_14,2020-04-22,141,30,146,52,80,61,8,22,62,84,16,36,4,0,2,2,0,0
FR_NOR_14,2020-04-23,138,28,149,53,77,61,7,21,64,85,16,37,3,1,2,1,0,1
FR_NOR_14,2020-04-24,148,28,152,54,82,66,6,22,67,85,17,37,3,1,3,0,1,0
FR_NOR_14,2020-04-25,148,25,152,55,81,67,4,21,67,85,18,37,0,1,0,0,1,0
FR_NOR_14,2020-04-26,149,26,152,55,81,68,5,21,67,85,18,37,0,0,0,0,0,0
FR_NOR_14,2020-04-27,149,26,153,55,80,69,5,21,68,85,18,37,1,0,1,0,0,0
FR_NOR_14,2020-04-28,150,28,157,57,82,68,5,23,69,88,18,39,4,2,1,3,0,2
FR_NOR_14,2020-04-29,149,27,170,59,86,63,5,22,74,96,18,41,13,2,5,8,0,2
FR_NOR_14,2020-04-30,148,27,172,60,86,62,5,22,75,97,19,41,2,1,1,1,1,0
FR_NOR_14,2020-05-01,146,26,177,60,84,62,4,22,79,98,19,41,5,0,4,1,0,0
FR_NOR_14,2020-05-02,147,24,178,62,85,62,3,21,80,98,20,42,1,2,1,0,1,1
FR_NOR_14,2020-05-03,148,23,178,62,85,63,2,21,80,98,20,42,0,0,0,0,0,0
FR_NOR_14,2020-05-04,146,22,179,63,82,64,1,21,81,98,21,42,1,1,1,0,1,0
FR_NOR_14,2020-05-05,150,22,186,63,82,68,1,21,86,100,21,42,7,0,5,2,0,0
FR_NOR_14,2020-05-06,150,20,189,63,80,70,0,20,88,101,21,42,3,0,2,1,0,0
FR_NOR_14,2020-05-07,147,18,193,64,81,66,0,18,89,104,21,43,4,1,1,3,0,1
FR_NOR_14,2020-05-08,147,18,196,66,82,65,0,18,89,107,21,45,3,2,0,3,0,2
FR_NOR_14,2020-05-09,149,17,196,66,83,66,0,17,89,107,21,45,0,0,0,0,0,0
FR_NOR_14,2020-05-10,150,18,196,66,84,66,1,17,89,107,21,45,0,0,0,0,0,0
FR_NOR_14,2020-05-11,146,17,197,69,81,65,1,16,90,107,23,46,1,3,1,0,2,1
FR_NOR_14,2020-05-12,142,10,202,71,80,62,0,10,93,109,24,47,5,2,3,2,1,1
FR_NOR_14,2020-05-13,138,10,207,73,79,59,0,10,96,111,24,49,5,2,3,2,0,2
FR_NOR_14,2020-05-14,134,10,211,73,75,59,0,10,98,113,24,49,4,0,2,2,0,0
FR_NOR_14,2020-05-15,129,9,220,73,71,58,0,9,105,115,24,49,9,0,7,2,0,0
FR_NOR_14,2020-05-16,127,9,225,73,70,57,0,9,108,117,24,49,5,0,3,2,0,0
FR_NOR_14,2020-05-17,128,9,225,73,71,57,0,9,108,117,24,49,0,0,0,0,0,0
FR_NOR_14,2020-05-18,122,10,230,74,68,54,0,10,111,119,24,50,5,1,3,2,0,1
FR_NOR_14,2020-05-19,120,9,234,75,69,51,0,9,111,123,24,51,4,1,0,4,0,1
FR_NOR_14,2020-05-20,117,8,237,75,67,50,0,8,113,124,24,51,3,0,2,1,0,0
FR_NOR_14,2020-05-21,113,8,242,77,66,47,0,8,116,126,24,53,5,2,3,2,0,2
FR_NOR_14,2020-05-22,110,8,247,77,64,46,0,8,120,127,24,53,5,0,4,1,0,0
FR_NOR_14,2020-05-23,109,7,248,78,64,45,0,7,120,128,24,54,1,1,0,1,0,1
FR_NOR_14,2020-05-24,112,8,248,78,64,48,0,8,120,128,24,54,0,0,0,0,0,0
FR_NOR_14,2020-05-25,111,6,248,80,65,46,0,6,120,128,26,54,0,2,0,0,2,0
FR_NOR_14,2020-05-26,103,5,251,81,64,39,0,5,121,130,27,54,3,1,1,2,1,0
FR_NOR_14,2020-05-27,79,2,274,81,50,29,0,2,134,140,27,54,23,0,13,10,0,0
FR_NOR_14,2020-05-28,68,1,276,81,41,27,0,1,134,142,27,54,2,0,0,2,0,0
FR_NOR_14,2020-05-29,57,1,281,82,34,23,0,1,139,142,27,55,5,1,5,0,0,1
FR_NOR_14,2020-05-30,55,1,282,82,32,23,0,1,140,142,27,55,1,0,1,0,0,0
FR_NOR_14,2020-05-31,55,1,282,82,32,23,0,1,140,142,27,55,0,0,0,0,0,0
FR_NOR_14,2020-06-01,55,1,282,82,32,23,0,1,140,142,27,55,0,0,0,0,0,0
FR_NOR_14,2020-06-02,54,1,283,82,31,23,0,1,141,142,27,55,1,0,1,0,0,0
FR_NOR_14,2020-06-03,52,1,285,82,31,21,0,1,141,144,27,55,2,0,0,2,0,0
FR_NOR_14,2020-06-04,50,1,286,82,31,19,0,1,141,145,27,55,1,0,0,1,0,0
FR_NOR_14,2020-06-05,50,1,286,82,31,19,0,1,141,145,27,55,0,0,0,0,0,0
FR_NOR_14,2020-06-06,51,1,286,82,32,19,0,1,141,145,27,55,0,0,0,0,0,0
FR_NOR_14,2020-06-07,49,1,286,83,31,18,0,1,141,145,27,56,0,1,0,0,0,1
FR_NOR_14,2020-06-08,49,1,286,83,31,18,0,1,141,145,27,56,0,0,0,0,0,0
FR_NOR_14,2020-06-09,49,1,286,83,31,18,0,1,141,145,27,56,0,0,0,0,0,0
FR_NOR_14,2020-06-10,47,1,288,83,30,17,0,1,142,146,27,56,2,0,1,1,0,0
FR_NOR_14,2020-06-11,47,1,288,83,30,17,0,1,142,146,27,56,0,0,0,0,0,0
FR_NOR_14,2020-06-12,39,1,297,83,24,15,0,1,149,148,27,56,9,0,7,2,0,0
FR_NOR_14,2020-06-13,40,1,297,83,25,15,0,1,149,148,27,56,0,0,0,0,0,0
FR_NOR_14,2020-06-14,39,1,298,83,25,14,0,1,149,149,27,56,1,0,0,1,0,0
FR_NOR_14,2020-06-15,38,1,299,83,25,13,0,1,149,150,27,56,1,0,0,1,0,0
FR_NOR_14,2020-06-16,38,1,300,83,24,14,0,1,150,150,27,56,1,0,1,0,0,0
FR_NOR_14,2020-06-17,38,1,300,83,24,14,0,1,150,150,27,56,0,0,0,0,0,0
FR_NOR_14,2020-06-18,39,1,300,83,25,14,0,1,150,150,27,56,0,0,0,0,0,0
FR_NOR_14,2020-06-19,39,1,300,83,25,14,0,1,150,150,27,56,0,0,0,0,0,0
FR_NOR_14,2020-06-20,27,1,312,83,16,11,0,1,159,153,27,56,12,0,9,3,0,0
FR_NOR_14,2020-06-21,27,1,312,83,16,11,0,1,159,153,27,56,0,0,0,0,0,0
FR_NOR_27,2020-03-18,0,0,0,0,0,0,0,0,0,0,0,0,,,,,,
FR_NOR_27,2020-03-19,1,1,0,1,0,1,0,1,0,0,0,1,0,1,0,0,0,1
FR_NOR_27,2020-03-20,4,1,0,1,0,4,0,1,0,0,0,1,0,0,0,0,0,0
FR_NOR_27,2020-03-21,7,3,0,0,2,5,2,1,0,0,0,0,0,-1,0,0,0,-1
FR_NOR_27,2020-03-22,12,4,0,0,5,7,3,1,0,0,0,0,0,0,0,0,0,0
FR_NOR_27,2020-03-23,15,4,0,0,7,8,3,1,0,0,0,0,0,0,0,0,0,0
FR_NOR_27,2020-03-24,15,4,0,0,7,8,3,1,0,0,0,0,0,0,0,0,0,0
FR_NOR_27,2020-03-25,22,6,0,0,9,13,3,3,0,0,0,0,0,0,0,0,0,0
FR_NOR_27,2020-03-26,35,9,0,1,14,21,4,5,0,0,1,0,0,1,0,0,1,0
FR_NOR_27,2020-03-27,37,10,0,1,14,23,4,6,0,0,1,0,0,0,0,0,0,0
FR_NOR_27,2020-03-28,37,10,1,1,14,23,4,6,1,0,1,0,1,0,1,0,0,0
FR_NOR_27,2020-03-29,37,10,1,1,14,23,4,6,1,0,1,0,0,0,0,0,0,0
FR_NOR_27,2020-03-30,39,12,3,3,12,27,4,8,3,0,2,1,2,2,2,0,1,1
FR_NOR_27,2020-03-31,43,15,13,8,12,31,3,12,11,2,7,1,10,5,8,2,5,0
FR_NOR_27,2020-04-01,43,10,20,8,13,30,1,9,15,5,7,1,7,0,4,3,0,0
FR_NOR_27,2020-04-02,53,10,18,10,18,35,1,9,14,4,8,2,-2,2,-1,-1,1,1
FR_NOR_27,2020-04-03,62,12,21,11,26,36,4,8,16,5,9,2,3,1,2,1,1,0
FR_NOR_27,2020-04-04,68,12,21,12,28,40,4,8,16,5,9,3,0,1,0,0,0,1
FR_NOR_27,2020-04-05,67,12,21,13,28,39,4,8,16,5,9,4,0,1,0,0,0,1
FR_NOR_27,2020-04-06,66,11,22,15,25,41,2,9,16,6,10,5,1,2,0,1,1,1
FR_NOR_27,2020-04-07,65,12,25,22,23,42,3,9,18,7,14,8,3,7,2,1,4,3
FR_NOR_27,2020-04-08,49,6,40,28,16,33,1,5,23,17,16,12,15,6,5,10,2,4
FR_NOR_27,2020-04-09,66,6,44,31,26,40,1,5,26,18,17,14,4,3,3,1,1,2
FR_NOR_27,2020-04-10,87,8,46,33,33,54,1,7,27,19,17,16,2,2,1,1,0,2
FR_NOR_27,2020-04-11,94,8,46,33,37,57,1,7,27,19,17,16,0,0,0,0,0,0
FR_NOR_27,2020-04-12,94,7,48,33,40,54,1,6,27,21,17,16,2,0,0,2,0,0
FR_NOR_27,2020-04-13,92,7,48,35,39,53,1,6,27,21,18,17,0,2,0,0,1,1
FR_NOR_27,2020-04-14,85,7,50,41,37,48,1,6,28,22,21,20,2,6,1,1,3,3
FR_NOR_27,2020-04-15,79,7,54,43,36,43,1,6,29,25,21,22,4,2,1,3,0,2
FR_NOR_27,2020-04-16,83,6,62,47,39,44,0,6,33,29,22,25,8,4,4,4,1,3
FR_NOR_27,2020-04-17,93,6,67,48,50,43,0,6,35,32,22,26,5,1,2,3,0,1
FR_NOR_27,2020-04-18,95,6,68,50,51,44,0,6,35,33,22,28,1,2,0,1,0,2
FR_NOR_27,2020-04-19,95,6,68,50,51,44,0,6,35,33,22,28,0,0,0,0,0,0
FR_NOR_27,2020-04-20,90,5,74,56,47,43,0,5,37,37,26,30,6,6,2,4,4,2
FR_NOR_27,2020-04-21,101,4,75,58,52,49,0,4,38,37,28,30,1,2,1,0,2,0
FR_NOR_27,2020-04-22,100,4,76,59,52,48,0,4,38,38,29,30,1,1,0,1,1,0
FR_NOR_27,2020-04-23,109,11,80,62,58,51,1,10,40,40,31,31,4,3,2,2,2,1
FR_NOR_27,2020-04-24,112,10,81,62,60,52,1,9,41,40,31,31,1,0,1,0,0,0
FR_NOR_27,2020-04-25,113,10,82,62,61,52,1,9,41,41,31,31,1,0,0,1,0,0
FR_NOR_27,2020-04-26,114,10,82,62,61,53,1,9,41,41,31,31,0,0,0,0,0,0
FR_NOR_27,2020-04-27,111,10,86,64,58,53,1,9,44,42,32,32,4,2,3,1,1,1
FR_NOR_27,2020-04-28,110,10,86,64,57,53,1,9,44,42,32,32,0,0,0,0,0,0
FR_NOR_27,2020-04-29,113,10,88,64,61,52,1,9,45,43,32,32,2,0,1,1,0,0
FR_NOR_27,2020-04-30,113,10,95,65,61,52,1,9,50,45,33,32,7,1,5,2,1,0
FR_NOR_27,2020-05-01,116,10,95,65,62,54,1,9,50,45,33,32,0,0,0,0,0,0
FR_NOR_27,2020-05-02,116,10,95,65,62,54,1,9,50,45,33,32,0,0,0,0,0,0
FR_NOR_27,2020-05-03,117,10,95,65,63,54,1,9,50,45,33,32,0,0,0,0,0,0
FR_NOR_27,2020-05-04,109,8,106,70,61,48,1,7,56,50,36,34,11,5,6,5,3,2
FR_NOR_27,2020-05-05,112,8,109,70,65,47,1,7,58,51,36,34,3,0,2,1,0,0
FR_NOR_27,2020-05-06,112,6,110,70,64,48,0,6,59,51,36,34,1,0,1,0,0,0
FR_NOR_27,2020-05-07,111,5,112,70,64,47,0,5,60,52,36,34,2,0,1,1,0,0
FR_NOR_27,2020-05-08,104,4,119,70,59,45,0,4,65,54,36,34,7,0,5,2,0,0
FR_NOR_27,2020-05-09,104,4,119,70,59,45,0,4,65,54,36,34,0,0,0,0,0,0
FR_NOR_27,2020-05-10,104,4,119,70,59,45,0,4,65,54,36,34,0,0,0,0,0,0
FR_NOR_27,2020-05-11,112,4,120,71,61,51,0,4,66,54,37,34,1,1,1,0,1,0
FR_NOR_27,2020-05-12,111,4,123,71,59,52,0,4,68,55,37,34,3,0,2,1,0,0
FR_NOR_27,2020-05-13,112,4,123,71,59,53,0,4,68,55,37,34,0,0,0,0,0,0
FR_NOR_27,2020-05-14,107,4,134,74,56,51,0,4,72,62,39,35,11,3,4,7,2,1
FR_NOR_27,2020-05-15,106,4,135,74,55,51,0,4,73,62,39,35,1,0,1,0,0,0
FR_NOR_27,2020-05-16,94,3,146,74,48,46,0,3,80,66,39,35,11,0,7,4,0,0
FR_NOR_27,2020-05-17,94,3,146,74,48,46,0,3,80,66,39,35,0,0,0,0,0,0
FR_NOR_27,2020-05-18,94,3,148,74,47,47,0,3,82,66,39,35,2,0,2,0,0,0
FR_NOR_27,2020-05-19,93,3,149,74,46,47,0,3,83,66,39,35,1,0,1,0,0,0
FR_NOR_27,2020-05-20,92,3,155,74,46,46,0,3,86,69,39,35,6,0,3,3,0,0
FR_NOR_27,2020-05-21,90,3,156,74,44,46,0,3,87,69,39,35,1,0,1,0,0,0
FR_NOR_27,2020-05-22,90,3,156,74,44,46,0,3,87,69,39,35,0,0,0,0,0,0
FR_NOR_27,2020-05-23,89,3,157,74,44,45,0,3,87,70,39,35,1,0,0,1,0,0
FR_NOR_27,2020-05-24,89,3,157,74,44,45,0,3,87,70,39,35,0,0,0,0,0,0
FR_NOR_27,2020-05-25,84,3,159,77,41,43,0,3,88,71,41,36,2,3,1,1,2,1
FR_NOR_27,2020-05-26,84,3,164,78,44,40,0,3,91,73,42,36,5,1,3,2,1,0
FR_NOR_27,2020-05-27,80,3,168,78,41,39,0,3,94,74,42,36,4,0,3,1,0,0
FR_NOR_27,2020-05-28,76,2,174,78,37,39,0,2,99,75,42,36,6,0,5,1,0,0
FR_NOR_27,2020-05-29,77,2,176,78,37,40,0,2,99,77,42,36,2,0,0,2,0,0
FR_NOR_27,2020-05-30,77,2,176,78,37,40,0,2,99,77,42,36,0,0,0,0,0,0
FR_NOR_27,2020-05-31,77,2,176,78,37,40,0,2,99,77,42,36,0,0,0,0,0,0
FR_NOR_27,2020-06-01,77,2,176,78,37,40,0,2,99,77,42,36,0,0,0,0,0,0
FR_NOR_27,2020-06-02,76,2,177,78,37,39,0,2,99,78,42,36,1,0,0,1,0,0
FR_NOR_27,2020-06-03,68,2,185,78,32,36,0,2,104,81,42,36,8,0,5,3,0,0
FR_NOR_27,2020-06-04,68,2,185,78,32,36,0,2,104,81,42,36,0,0,0,0,0,0
FR_NOR_27,2020-06-05,69,0,186,79,34,35,0,0,105,81,42,37,1,1,1,0,0,1
FR_NOR_27,2020-06-06,69,0,186,79,34,35,0,0,105,81,42,37,0,0,0,0,0,0
FR_NOR_27,2020-06-07,69,0,186,79,34,35,0,0,105,81,42,37,0,0,0,0,0,0
FR_NOR_27,2020-06-08,68,0,187,80,34,34,0,0,105,82,42,38,1,1,0,1,0,1
FR_NOR_27,2020-06-09,62,0,193,80,31,31,0,0,108,85,42,38,6,0,3,3,0,0
FR_NOR_27,2020-06-10,62,0,193,80,31,31,0,0,108,85,42,38,0,0,0,0,0,0
FR_NOR_27,2020-06-11,62,0,193,80,31,31,0,0,108,85,42,38,0,0,0,0,0,0
FR_NOR_27,2020-06-12,62,0,193,80,31,31,0,0,108,85,42,38,0,0,0,0,0,0
FR_NOR_27,2020-06-13,59,0,196,80,29,30,0,0,110,86,42,38,3,0,2,1,0,0
FR_NOR_27,2020-06-14,59,0,196,80,29,30,0,0,110,86,42,38,0,0,0,0,0,0
FR_NOR_27,2020-06-15,59,0,196,80,29,30,0,0,110,86,42,38,0,0,0,0,0,0
FR_NOR_27,2020-06-16,61,0,195,80,30,31,0,0,109,86,42,38,-1,0,-1,0,0,0
FR_NOR_27,2020-06-17,60,0,196,81,29,31,0,0,110,86,42,39,1,1,1,0,0,1
FR_NOR_27,2020-06-18,50,0,208,81,22,28,0,0,118,90,42,39,12,0,8,4,0,0
FR_NOR_27,2020-06-19,49,0,208,81,21,28,0,0,118,90,42,39,0,0,0,0,0,0
FR_NOR_27,2020-06-20,51,0,208,81,21,30,0,0,118,90,42,39,0,0,0,0,0,0
FR_NOR_27,2020-06-21,51,0,208,81,21,30,0,0,118,90,42,39,0,0,0,0,0,0
FR_NOR_50,2020-03-18,7,0,1,0,3,4,0,0,1,0,0,0,,,,,,
FR_NOR_50,2020-03-19,6,0,2,0,3,3,0,0,1,1,0,0,1,0,0,1,0,0
FR_NOR_50,2020-03-20,12,4,2,0,7,5,3,1,1,1,0,0,0,0,0,0,0,0
FR_NOR_50,2020-03-21,15,4,2,0,8,7,3,1,1,1,0,0,0,0,0,0,0,0
FR_NOR_50,2020-03-22,19,5,3,0,10,9,3,2,2,1,0,0,1,0,1,0,0,0
FR_NOR_50,2020-03-23,20,7,4,0,11,9,3,4,2,2,0,0,1,0,0,1,0,0
FR_NOR_50,2020-03-24,20,6,4,2,9,11,1,5,2,2,2,0,0,2,0,0,2,0
FR_NOR_50,2020-03-25,21,5,8,3,8,13,0,5,4,4,3,0,4,1,2,2,1,0
FR_NOR_50,2020-03-26,22,6,9,3,9,13,0,6,4,5,3,0,1,0,0,1,0,0
FR_NOR_50,2020-03-27,25,7,11,4,13,12,1,6,5,6,3,1,2,1,1,1,0,1
FR_NOR_50,2020-03-28,31,11,11,4,14,17,1,10,5,6,3,1,0,0,0,0,0,0
FR_NOR_50,2020-03-29,36,13,13,6,15,21,2,11,7,6,4,2,2,2,2,0,1,1
FR_NOR_50,2020-03-30,44,15,14,7,18,26,2,13,7,7,4,3,1,1,0,1,0,1
FR_NOR_50,2020-03-31,46,16,15,9,19,27,2,14,8,7,5,4,1,2,1,0,1,1
FR_NOR_50,2020-04-01,54,19,17,9,23,31,3,16,9,8,5,4,2,0,1,1,0,0
FR_NOR_50,2020-04-02,56,21,22,10,21,35,3,18,12,10,6,4,5,1,3,2,1,0
FR_NOR_50,2020-04-03,58,20,26,9,22,36,3,17,14,12,6,3,4,-1,2,2,0,-1
FR_NOR_50,2020-04-04,64,20,28,10,24,40,3,17,14,14,7,3,2,1,0,2,1,0
FR_NOR_50,2020-04-05,72,23,28,12,27,45,3,20,14,14,8,4,0,2,0,0,1,1
FR_NOR_50,2020-04-06,66,23,31,14,24,42,3,20,15,16,9,5,3,2,1,2,1,1
FR_NOR_50,2020-04-07,63,22,39,16,23,40,2,20,20,19,10,6,8,2,5,3,1,1
FR_NOR_50,2020-04-08,62,22,42,16,23,39,2,20,21,21,10,6,3,0,1,2,0,0
FR_NOR_50,2020-04-09,67,22,43,18,27,40,2,20,21,22,11,7,1,2,0,1,1,1
FR_NOR_50,2020-04-10,75,22,45,18,32,43,3,19,20,25,11,7,2,0,-1,3,0,0
FR_NOR_50,2020-04-11,68,20,51,20,28,40,3,17,24,27,11,9,6,2,4,2,0,2
FR_NOR_50,2020-04-12,68,19,53,20,27,41,2,17,25,28,11,9,2,0,1,1,0,0
FR_NOR_50,2020-04-13,69,19,53,20,27,42,2,17,25,28,11,9,0,0,0,0,0,0
FR_NOR_50,2020-04-14,76,19,54,26,31,45,2,17,26,28,14,12,1,6,1,0,3,3
FR_NOR_50,2020-04-15,74,18,59,29,32,42,3,15,28,31,15,14,5,3,2,3,1,2
FR_NOR_50,2020-04-16,75,19,63,29,31,44,3,16,30,33,15,14,4,0,2,2,0,0
FR_NOR_50,2020-04-17,73,15,65,29,29,44,2,13,31,34,15,14,2,0,1,1,0,0
FR_NOR_50,2020-04-18,71,15,67,30,27,44,3,12,32,35,16,14,2,1,1,1,1,0
FR_NOR_50,2020-04-19,76,16,67,30,28,48,2,14,32,35,16,14,0,0,0,0,0,0
FR_NOR_50,2020-04-20,79,18,68,32,32,47,3,15,32,36,16,16,1,2,0,1,0,2
FR_NOR_50,2020-04-21,73,18,76,32,29,44,3,15,35,41,16,16,8,0,3,5,0,0
FR_NOR_50,2020-04-22,61,14,82,34,24,37,2,12,38,44,18,16,6,2,3,3,2,0
FR_NOR_50,2020-04-23,53,13,91,35,20,33,2,11,46,45,18,17,9,1,8,1,0,1
FR_NOR_50,2020-04-24,51,11,89,36,18,33,0,11,44,45,19,17,-2,1,-2,0,1,0
FR_NOR_50,2020-04-25,51,12,89,36,19,32,1,11,44,45,19,17,0,0,0,0,0,0
FR_NOR_50,2020-04-26,52,12,89,36,20,32,1,11,44,45,19,17,0,0,0,0,0,0
FR_NOR_50,2020-04-27,52,11,90,36,20,32,1,10,45,45,19,17,1,0,1,0,0,0
FR_NOR_50,2020-04-28,51,11,91,36,20,31,1,10,45,46,19,17,1,0,0,1,0,0
FR_NOR_50,2020-04-29,51,10,96,40,20,31,2,8,47,49,21,19,5,4,2,3,2,2
FR_NOR_50,2020-04-30,53,9,97,40,19,34,1,8,48,49,21,19,1,0,1,0,0,0
FR_NOR_50,2020-05-01,55,8,96,40,21,34,1,7,47,49,21,19,-1,0,-1,0,0,0
FR_NOR_50,2020-05-02,54,8,98,40,19,35,1,7,49,49,21,19,2,0,2,0,0,0
FR_NOR_50,2020-05-03,54,8,99,41,19,35,1,7,50,49,21,20,1,1,1,0,0,1
FR_NOR_50,2020-05-04,59,8,100,41,22,37,1,7,50,50,21,20,1,0,0,1,0,0
FR_NOR_50,2020-05-05,57,8,103,42,21,36,1,7,52,51,22,20,3,1,2,1,1,0
FR_NOR_50,2020-05-06,54,5,105,42,21,33,0,5,52,53,22,20,2,0,0,2,0,0
FR_NOR_50,2020-05-07,54,4,106,42,21,33,0,4,52,54,22,20,1,0,0,1,0,0
FR_NOR_50,2020-05-08,55,4,106,42,21,34,0,4,52,54,22,20,0,0,0,0,0,0
FR_NOR_50,2020-05-09,54,4,107,42,21,33,0,4,52,55,22,20,1,0,0,1,0,0
FR_NOR_50,2020-05-10,54,4,107,42,21,33,0,4,52,55,22,20,0,0,0,0,0,0
FR_NOR_50,2020-05-11,48,4,112,43,17,31,0,4,55,57,23,20,5,1,3,2,1,0
FR_NOR_50,2020-05-12,48,3,113,45,17,31,0,3,56,57,24,21,1,2,1,0,1,1
FR_NOR_50,2020-05-13,51,3,113,45,18,33,0,3,56,57,24,21,0,0,0,0,0,0
FR_NOR_50,2020-05-14,49,3,115,45,19,30,0,3,56,59,24,21,2,0,0,2,0,0
FR_NOR_50,2020-05-15,47,3,116,45,18,29,0,3,56,60,24,21,1,0,0,1,0,0
FR_NOR_50,2020-05-16,47,3,116,45,18,29,0,3,56,60,24,21,0,0,0,0,0,0
FR_NOR_50,2020-05-17,47,3,116,45,18,29,0,3,56,60,24,21,0,0,0,0,0,0
FR_NOR_50,2020-05-18,47,3,116,46,18,29,0,3,56,60,25,21,0,1,0,0,1,0
FR_NOR_50,2020-05-19,46,3,117,46,17,29,0,3,57,60,25,21,1,0,1,0,0,0
FR_NOR_50,2020-05-20,46,3,117,46,17,29,0,3,57,60,25,21,0,0,0,0,0,0
FR_NOR_50,2020-05-21,46,3,117,46,17,29,0,3,57,60,25,21,0,0,0,0,0,0
FR_NOR_50,2020-05-22,45,3,118,46,17,28,0,3,57,61,25,21,1,0,0,1,0,0
FR_NOR_50,2020-05-23,43,3,120,46,17,26,0,3,57,63,25,21,2,0,0,2,0,0
FR_NOR_50,2020-05-24,47,3,120,46,17,30,0,3,57,63,25,21,0,0,0,0,0,0
FR_NOR_50,2020-05-25,46,3,121,46,18,28,0,3,58,63,25,21,1,0,1,0,0,0
FR_NOR_50,2020-05-26,45,3,122,47,18,27,0,3,58,64,26,21,1,1,0,1,1,0
FR_NOR_50,2020-05-27,45,3,122,47,18,27,0,3,58,64,26,21,0,0,0,0,0,0
FR_NOR_50,2020-05-28,45,3,122,47,18,27,0,3,58,64,26,21,0,0,0,0,0,0
FR_NOR_50,2020-05-29,46,3,122,47,19,27,0,3,58,64,26,21,0,0,0,0,0,0
FR_NOR_50,2020-05-30,46,3,122,47,19,27,0,3,58,64,26,21,0,0,0,0,0,0
FR_NOR_50,2020-05-31,46,4,122,47,19,27,0,4,58,64,26,21,0,0,0,0,0,0
FR_NOR_50,2020-06-01,46,4,122,47,19,27,0,4,58,64,26,21,0,0,0,0,0,0
FR_NOR_50,2020-06-02,46,4,122,47,19,27,0,4,58,64,26,21,0,0,0,0,0,0
FR_NOR_50,2020-06-03,48,4,122,47,19,29,0,4,58,64,26,21,0,0,0,0,0,0
FR_NOR_50,2020-06-04,47,4,123,47,19,28,0,4,58,65,26,21,1,0,0,1,0,0
FR_NOR_50,2020-06-05,45,5,123,47,18,27,0,5,58,65,26,21,0,0,0,0,0,0
FR_NOR_50,2020-06-06,45,4,127,47,18,27,0,4,61,66,26,21,4,0,3,1,0,0
FR_NOR_50,2020-06-07,45,4,127,47,18,27,0,4,61,66,26,21,0,0,0,0,0,0
FR_NOR_50,2020-06-08,45,4,127,47,18,27,0,4,61,66,26,21,0,0,0,0,0,0
FR_NOR_50,2020-06-09,44,4,130,47,18,26,0,4,61,69,26,21,3,0,0,3,0,0
FR_NOR_50,2020-06-10,43,4,131,47,18,25,0,4,61,70,26,21,1,0,0,1,0,0
FR_NOR_50,2020-06-11,42,4,132,47,17,25,0,4,62,70,26,21,1,0,1,0,0,0
FR_NOR_50,2020-06-12,42,4,132,47,17,25,0,4,62,70,26,21,0,0,0,0,0,0
FR_NOR_50,2020-06-13,42,4,132,47,17,25,0,4,62,70,26,21,0,0,0,0,0,0
FR_NOR_50,2020-06-14,42,4,132,47,17,25,0,4,62,70,26,21,0,0,0,0,0,0
FR_NOR_50,2020-06-15,42,4,132,47,17,25,0,4,62,70,26,21,0,0,0,0,0,0
FR_NOR_50,2020-06-16,41,4,133,47,16,25,0,4,63,70,26,21,1,0,1,0,0,0
FR_NOR_50,2020-06-17,38,4,136,47,16,22,0,4,63,73,26,21,3,0,0,3,0,0
FR_NOR_50,2020-06-18,38,4,136,47,16,22,0,4,63,73,26,21,0,0,0,0,0,0
FR_NOR_50,2020-06-19,37,4,137,47,16,21,0,4,63,74,26,21,1,0,0,1,0,0
FR_NOR_50,2020-06-20,37,4,137,47,16,21,0,4,63,74,26,21,0,0,0,0,0,0
FR_NOR_50,2020-06-21,36,4,138,47,16,20,0,4,63,75,26,21,1,0,0,1,0,0
FR_NOR_61,2020-03-18,4,0,2,0,3,1,0,0,1,1,0,0,,,,,,
FR_NOR_61,2020-03-19,2,0,3,0,1,1,0,0,2,1,0,0,1,0,1,0,0,0
FR_NOR_61,2020-03-20,3,1,4,0,1,2,0,1,3,1,0,0,1,0,1,0,0,0
FR_NOR_61,2020-03-21,4,1,3,0,2,2,0,1,2,1,0,0,-1,0,-1,0,0,0
FR_NOR_61,2020-03-22,4,1,3,0,2,2,0,1,2,1,0,0,0,0,0,0,0,0
FR_NOR_61,2020-03-23,6,2,7,0,2,4,0,2,4,3,0,0,4,0,2,2,0,0
FR_NOR_61,2020-03-24,8,2,10,0,2,6,0,2,5,5,0,0,3,0,1,2,0,0
FR_NOR_61,2020-03-25,11,4,20,1,3,8,1,3,13,7,0,1,10,1,8,2,0,1
FR_NOR_61,2020-03-26,14,5,24,1,5,9,2,3,16,8,0,1,4,0,3,1,0,0
FR_NOR_61,2020-03-27,15,5,25,1,5,10,1,4,16,9,0,1,1,0,0,1,0,0
FR_NOR_61,2020-03-28,19,5,28,1,7,12,1,4,17,11,0,1,3,0,1,2,0,0
FR_NOR_61,2020-03-29,25,5,28,1,9,16,1,4,17,11,0,1,0,0,0,0,0,0
FR_NOR_61,2020-03-30,28,6,29,1,11,17,1,5,17,12,0,1,1,0,0,1,0,0
FR_NOR_61,2020-03-31,37,6,35,3,16,21,1,5,21,14,1,2,6,2,4,2,1,1
FR_NOR_61,2020-04-01,49,6,42,5,22,27,1,5,24,18,3,2,7,2,3,4,2,0
FR_NOR_61,2020-04-02,58,8,42,7,25,33,1,7,24,18,4,3,0,2,0,0,1,1
FR_NOR_61,2020-04-03,59,9,45,8,25,34,1,8,25,20,4,4,3,1,1,2,0,1
FR_NOR_61,2020-04-04,63,13,50,8,24,39,2,11,29,21,4,4,5,0,4,1,0,0
FR_NOR_61,2020-04-05,67,14,51,9,24,43,2,12,30,21,5,4,1,1,1,0,1,0
FR_NOR_61,2020-04-06,65,15,58,9,23,42,2,13,36,22,5,4,7,0,6,1,0,0
FR_NOR_61,2020-04-07,68,15,67,11,24,44,2,13,42,25,5,6,9,2,6,3,0,2
FR_NOR_61,2020-04-08,68,14,78,12,25,43,1,13,47,31,5,7,11,1,5,6,0,1
FR_NOR_61,2020-04-09,72,14,79,14,28,44,1,13,48,31,5,9,1,2,1,0,0,2
FR_NOR_61,2020-04-10,75,13,89,14,27,48,1,12,58,31,5,9,10,0,10,0,0,0
FR_NOR_61,2020-04-11,67,13,98,16,22,45,1,12,64,34,6,10,9,2,6,3,1,1
FR_NOR_61,2020-04-12,73,14,99,17,24,49,1,13,65,34,7,10,1,1,1,0,1,0
FR_NOR_61,2020-04-13,71,14,101,19,24,47,1,13,65,36,7,12,2,2,0,2,0,2
FR_NOR_61,2020-04-14,74,13,107,19,26,48,1,12,70,37,7,12,6,0,5,1,0,0
FR_NOR_61,2020-04-15,71,13,114,20,26,45,1,12,74,40,7,13,7,1,4,3,0,1
FR_NOR_61,2020-04-16,68,11,119,20,25,43,1,10,77,42,7,13,5,0,3,2,0,0
FR_NOR_61,2020-04-17,70,13,119,23,27,43,2,11,75,44,7,16,0,3,-2,2,0,3
FR_NOR_61,2020-04-18,67,13,127,23,26,41,2,11,81,46,7,16,8,0,6,2,0,0
FR_NOR_61,2020-04-19,70,13,127,24,26,44,2,11,81,46,8,16,0,1,0,0,1,0
FR_NOR_61,2020-04-20,66,13,132,25,24,42,2,11,82,50,9,16,5,1,1,4,1,0
FR_NOR_61,2020-04-21,62,13,139,25,20,42,1,12,87,52,9,16,7,0,5,2,0,0
FR_NOR_61,2020-04-22,61,13,141,27,20,41,1,12,87,54,10,17,2,2,0,2,1,1
FR_NOR_61,2020-04-23,64,13,142,27,22,42,1,12,87,55,10,17,1,0,0,1,0,0
FR_NOR_61,2020-04-24,58,13,147,27,21,37,0,13,88,59,10,17,5,0,1,4,0,0
FR_NOR_61,2020-04-25,65,13,148,27,27,38,0,13,89,59,10,17,1,0,1,0,0,0
FR_NOR_61,2020-04-26,65,13,147,27,27,38,0,13,88,59,10,17,-1,0,-1,0,0,0
FR_NOR_61,2020-04-27,65,12,147,28,27,38,0,12,88,59,10,18,0,1,0,0,0,1
FR_NOR_61,2020-04-28,66,11,148,28,28,38,0,11,88,60,10,18,1,0,0,1,0,0
FR_NOR_61,2020-04-29,65,10,150,28,29,36,0,10,88,62,10,18,2,0,0,2,0,0
FR_NOR_61,2020-04-30,68,10,152,28,30,38,0,10,89,63,10,18,2,0,1,1,0,0
FR_NOR_61,2020-05-01,65,10,155,28,29,36,0,10,90,65,10,18,3,0,1,2,0,0
FR_NOR_61,2020-05-02,67,10,155,28,31,36,0,10,90,65,10,18,0,0,0,0,0,0
FR_NOR_61,2020-05-03,66,10,156,28,30,36,0,10,91,65,10,18,1,0,1,0,0,0
FR_NOR_61,2020-05-04,74,9,157,29,32,42,0,9,91,66,10,19,1,1,0,1,0,1
FR_NOR_61,2020-05-05,73,8,158,30,31,42,0,8,92,66,11,19,1,1,1,0,1,0
FR_NOR_61,2020-05-06,69,6,160,32,30,39,0,6,93,67,11,21,2,2,1,1,0,2
FR_NOR_61,2020-05-07,71,6,160,32,30,41,0,6,93,67,11,21,0,0,0,0,0,0
FR_NOR_61,2020-05-08,61,6,168,32,23,38,0,6,100,68,11,21,8,0,7,1,0,0
FR_NOR_61,2020-05-09,61,6,169,32,23,38,0,6,100,69,11,21,1,0,0,1,0,0
FR_NOR_61,2020-05-10,60,5,169,33,23,37,0,5,100,69,11,22,0,1,0,0,0,1
FR_NOR_61,2020-05-11,60,3,170,35,23,37,0,3,100,70,12,23,1,2,0,1,1,1
FR_NOR_61,2020-05-12,58,4,173,34,21,37,0,4,103,70,12,22,3,-1,3,0,0,-1
FR_NOR_61,2020-05-13,55,4,173,34,20,35,0,4,103,70,12,22,0,0,0,0,0,0
FR_NOR_61,2020-05-14,52,4,175,35,19,33,0,4,105,70,12,23,2,1,2,0,0,1
FR_NOR_61,2020-05-15,50,4,177,35,18,32,0,4,106,71,12,23,2,0,1,1,0,0
FR_NOR_61,2020-05-16,50,3,177,35,18,32,0,3,106,71,12,23,0,0,0,0,0,0
FR_NOR_61,2020-05-17,51,3,178,35,20,31,0,3,106,72,12,23,1,0,0,1,0,0
FR_NOR_61,2020-05-18,52,3,178,35,21,31,0,3,106,72,12,23,0,0,0,0,0,0
FR_NOR_61,2020-05-19,55,3,179,36,24,31,0,3,107,72,12,24,1,1,1,0,0,1
FR_NOR_61,2020-05-20,53,3,181,36,24,29,0,3,107,74,12,24,2,0,0,2,0,0
FR_NOR_61,2020-05-21,51,3,181,36,23,28,0,3,107,74,12,24,0,0,0,0,0,0
FR_NOR_61,2020-05-22,53,3,181,36,23,30,0,3,107,74,12,24,0,0,0,0,0,0
FR_NOR_61,2020-05-23,50,3,185,36,22,28,0,3,109,76,12,24,4,0,2,2,0,0
FR_NOR_61,2020-05-24,49,3,185,36,22,27,0,3,109,76,12,24,0,0,0,0,0,0
FR_NOR_61,2020-05-25,51,3,185,36,22,29,0,3,109,76,12,24,0,0,0,0,0,0
FR_NOR_61,2020-05-26,53,3,187,37,23,30,0,3,111,76,13,24,2,1,2,0,1,0
FR_NOR_61,2020-05-27,46,4,195,37,21,25,1,3,113,82,13,24,8,0,2,6,0,0
FR_NOR_61,2020-05-28,45,4,197,37,20,25,1,3,114,83,13,24,2,0,1,1,0,0
FR_NOR_61,2020-05-29,46,4,197,37,20,26,1,3,114,83,13,24,0,0,0,0,0,0
FR_NOR_61,2020-05-30,46,4,198,37,21,25,1,3,114,84,13,24,1,0,0,1,0,0
FR_NOR_61,2020-05-31,46,4,198,37,21,25,1,3,114,84,13,24,0,0,0,0,0,0
FR_NOR_61,2020-06-01,46,4,198,37,21,25,1,3,114,84,13,24,0,0,0,0,0,0
FR_NOR_61,2020-06-02,44,4,201,37,20,24,1,3,116,85,13,24,3,0,2,1,0,0
FR_NOR_61,2020-06-03,44,4,205,37,21,23,1,3,118,87,13,24,4,0,2,2,0,0
FR_NOR_61,2020-06-04,41,4,208,37,19,22,1,3,120,88,13,24,3,0,2,1,0,0
FR_NOR_61,2020-06-05,42,4,208,37,20,22,1,3,120,88,13,24,0,0,0,0,0,0
FR_NOR_61,2020-06-06,40,3,210,37,19,21,0,3,121,89,13,24,2,0,1,1,0,0
FR_NOR_61,2020-06-07,40,3,210,37,19,21,0,3,121,89,13,24,0,0,0,0,0,0
FR_NOR_61,2020-06-08,39,3,211,37,19,20,0,3,121,90,13,24,1,0,0,1,0,0
FR_NOR_61,2020-06-09,40,3,212,37,20,20,0,3,121,91,13,24,1,0,0,1,0,0
FR_NOR_61,2020-06-10,39,3,213,37,19,20,0,3,122,91,13,24,1,0,1,0,0,0
FR_NOR_61,2020-06-11,38,3,214,37,18,20,0,3,123,91,13,24,1,0,1,0,0,0
FR_NOR_61,2020-06-12,37,3,215,37,17,20,0,3,124,91,13,24,1,0,1,0,0,0
FR_NOR_61,2020-06-13,36,3,216,37,17,19,0,3,124,92,13,24,1,0,0,1,0,0
FR_NOR_61,2020-06-14,36,3,216,37,17,19,0,3,124,92,13,24,0,0,0,0,0,0
FR_NOR_61,2020-06-15,37,3,216,37,17,20,0,3,124,92,13,24,0,0,0,0,0,0
FR_NOR_61,2020-06-16,38,3,215,38,17,21,0,3,124,91,13,25,-1,1,0,-1,0,1
FR_NOR_61,2020-06-17,36,3,217,38,16,20,0,3,125,92,13,25,2,0,1,1,0,0
FR_NOR_61,2020-06-18,38,3,218,38,18,20,0,3,125,93,13,25,1,0,0,1,0,0
FR_NOR_61,2020-06-19,40,3,220,38,20,20,0,3,127,93,13,25,2,0,2,0,0,0
FR_NOR_61,2020-06-20,40,3,220,38,20,20,0,3,127,93,13,25,0,0,0,0,0,0
FR_NOR_61,2020-06-21,40,3,220,38,20,20,0,3,127,93,13,25,0,0,0,0,0,0
FR_NOR_76,2020-03-18,30,3,3,3,13,17,1,2,2,1,0,3,,,,,,
FR_NOR_76,2020-03-19,33,4,3,4,13,20,1,3,2,1,0,4,0,1,0,0,0,1
FR_NOR_76,2020-03-20,48,6,5,5,18,30,1,5,2,3,0,5,2,1,0,2,0,1
FR_NOR_76,2020-03-21,60,10,6,5,21,39,3,7,2,4,0,5,1,0,0,1,0,0
FR_NOR_76,2020-03-22,71,11,6,7,27,44,3,8,2,4,1,6,0,2,0,0,1,1
FR_NOR_76,2020-03-23,80,14,8,8,32,48,5,9,3,5,1,7,2,1,1,1,0,1
FR_NOR_76,2020-03-24,98,18,11,12,37,61,6,12,6,5,3,9,3,4,3,0,2,2
FR_NOR_76,2020-03-25,125,27,15,13,50,75,8,19,7,8,3,10,4,1,1,3,0,1
FR_NOR_76,2020-03-26,151,39,18,14,64,87,15,24,9,9,4,10,3,1,2,1,1,0
FR_NOR_76,2020-03-27,172,50,24,16,76,96,17,33,12,12,4,12,6,2,3,3,0,2
FR_NOR_76,2020-03-28,216,58,38,18,98,118,20,38,19,19,4,14,14,2,7,7,0,2
FR_NOR_76,2020-03-29,263,63,43,22,120,143,20,43,23,20,5,17,5,4,4,1,1,3
FR_NOR_76,2020-03-30,271,73,48,24,121,150,21,52,27,21,7,17,5,2,4,1,2,0
FR_NOR_76,2020-03-31,313,89,63,34,146,167,27,62,33,30,10,24,15,10,6,9,3,7
FR_NOR_76,2020-04-01,306,88,90,38,134,172,29,59,49,41,11,27,27,4,16,11,1,3
FR_NOR_76,2020-04-02,335,100,110,44,144,191,28,72,61,49,13,31,20,6,12,8,2,4
FR_NOR_76,2020-04-03,338,108,126,53,149,189,30,78,66,60,15,38,16,9,5,11,2,7
FR_NOR_76,2020-04-04,350,112,144,55,158,192,31,81,75,69,17,38,18,2,9,9,2,0
FR_NOR_76,2020-04-05,358,113,154,60,168,190,35,78,79,75,17,43,10,5,4,6,0,5
FR_NOR_76,2020-04-06,363,113,166,65,164,199,32,81,87,79,20,45,12,5,8,4,3,2
FR_NOR_76,2020-04-07,362,116,194,71,161,201,34,82,100,94,24,47,28,6,13,15,4,2
FR_NOR_76,2020-04-08,341,113,223,79,149,192,33,80,119,104,29,50,29,8,19,10,5,3
FR_NOR_76,2020-04-09,330,111,239,84,144,186,32,79,127,112,30,54,16,5,8,8,1,4
FR_NOR_76,2020-04-10,335,107,257,89,146,189,31,76,139,118,30,59,18,5,12,6,0,5
FR_NOR_76,2020-04-11,327,105,273,92,141,186,30,75,146,127,31,61,16,3,7,9,1,2
FR_NOR_76,2020-04-12,314,94,292,94,138,176,29,65,156,136,31,63,19,2,10,9,0,2
FR_NOR_76,2020-04-13,320,99,297,99,143,177,31,68,159,138,33,66,5,5,3,2,2,3
FR_NOR_76,2020-04-14,314,93,311,102,146,168,28,65,164,147,34,68,14,3,5,9,1,2
FR_NOR_76,2020-04-15,306,87,331,103,143,163,27,60,173,158,34,69,20,1,9,11,0,1
FR_NOR_76,2020-04-16,295,88,345,108,136,159,26,62,180,165,35,73,14,5,7,7,1,4
FR_NOR_76,2020-04-17,278,81,364,111,129,149,22,59,188,176,35,76,19,3,8,11,0,3
FR_NOR_76,2020-04-18,278,77,390,113,128,150,23,54,206,184,35,78,26,2,18,8,0,2
FR_NOR_76,2020-04-19,274,77,404,118,123,151,23,54,211,193,39,79,14,5,5,9,4,1
FR_NOR_76,2020-04-20,278,71,407,117,128,150,21,50,211,196,38,79,3,-1,0,3,-1,0
FR_NOR_76,2020-04-21,261,69,428,123,123,138,22,47,222,206,41,82,21,6,11,10,3,3
FR_NOR_76,2020-04-22,253,72,444,125,119,134,23,49,231,213,42,83,16,2,9,7,1,1
FR_NOR_76,2020-04-23,243,66,459,128,117,126,21,45,237,222,42,86,15,3,6,9,0,3
FR_NOR_76,2020-04-24,236,59,486,131,121,115,16,43,250,236,44,87,27,3,13,14,2,1
FR_NOR_76,2020-04-25,231,56,492,132,119,112,13,43,253,239,45,87,6,1,3,3,1,0
FR_NOR_76,2020-04-26,221,55,503,137,113,108,14,41,262,241,48,89,11,5,9,2,3,2
FR_NOR_76,2020-04-27,217,53,506,139,111,106,13,40,262,244,49,90,3,2,0,3,1,1
FR_NOR_76,2020-04-28,216,52,515,144,110,106,13,39,266,249,51,93,9,5,4,5,2,3
FR_NOR_76,2020-04-29,204,41,548,151,103,101,11,30,278,270,55,96,33,7,12,21,4,3
FR_NOR_76,2020-04-30,205,39,550,152,104,101,9,30,278,272,57,95,2,1,0,2,2,-1
FR_NOR_76,2020-05-01,193,36,564,153,97,96,8,28,286,278,58,95,14,1,8,6,1,0
FR_NOR_76,2020-05-02,190,35,566,154,96,94,8,27,287,279,58,96,2,1,1,1,0,1
FR_NOR_76,2020-05-03,190,35,566,154,96,94,8,27,287,279,58,96,0,0,0,0,0,0
FR_NOR_76,2020-05-04,188,34,573,155,96,92,8,26,290,283,59,96,7,1,3,4,1,0
FR_NOR_76,2020-05-05,185,32,579,157,96,89,6,26,291,288,60,97,6,2,1,5,1,1
FR_NOR_76,2020-05-06,176,30,589,157,93,83,6,24,294,295,60,97,10,0,3,7,0,0
FR_NOR_76,2020-05-07,169,27,596,158,89,80,5,22,298,298,61,97,7,1,4,3,1,0
FR_NOR_76,2020-05-08,158,27,611,159,84,74,6,21,304,307,61,98,15,1,6,9,0,1
FR_NOR_76,2020-05-09,160,27,612,159,85,75,6,21,304,308,61,98,1,0,0,1,0,0
FR_NOR_76,2020-05-10,161,27,614,159,86,75,6,21,305,309,61,98,2,0,1,1,0,0
FR_NOR_76,2020-05-11,163,24,617,161,89,74,5,19,308,309,61,100,3,2,3,0,0,2
FR_NOR_76,2020-05-12,160,22,621,161,88,72,5,17,310,311,61,100,4,0,2,2,0,0
FR_NOR_76,2020-05-13,154,22,626,163,83,71,5,17,313,313,63,100,5,2,3,2,2,0
FR_NOR_76,2020-05-14,153,22,629,163,82,71,5,17,315,314,63,100,3,0,2,1,0,0
FR_NOR_76,2020-05-15,150,21,632,165,82,68,5,16,316,316,64,101,3,2,1,2,1,1
FR_NOR_76,2020-05-16,145,18,637,166,81,64,4,14,318,319,64,102,5,1,2,3,0,1
FR_NOR_76,2020-05-17,149,18,636,166,83,66,4,14,318,318,64,102,-1,0,0,-1,0,0
FR_NOR_76,2020-05-18,149,17,639,167,83,66,5,12,319,320,65,102,3,1,1,2,1,0
FR_NOR_76,2020-05-19,148,17,642,172,82,66,5,12,321,321,69,103,3,5,2,1,4,1
FR_NOR_76,2020-05-20,142,17,650,173,79,63,5,12,325,325,70,103,8,1,4,4,1,0
FR_NOR_76,2020-05-21,135,14,658,173,74,61,5,9,330,328,70,103,8,0,5,3,0,0
FR_NOR_76,2020-05-22,135,16,659,173,74,61,5,11,330,329,70,103,1,0,0,1,0,0
FR_NOR_76,2020-05-23,136,15,660,173,75,61,5,10,331,329,70,103,1,0,1,0,0,0
FR_NOR_76,2020-05-24,136,14,662,173,74,62,4,10,333,329,70,103,2,0,2,0,0,0
FR_NOR_76,2020-05-25,139,12,663,173,75,64,3,9,334,329,70,103,1,0,1,0,0,0
FR_NOR_76,2020-05-26,132,11,672,173,72,60,2,9,336,336,70,103,9,0,2,7,0,0
FR_NOR_76,2020-05-27,125,10,678,174,68,57,2,8,340,338,70,104,6,1,4,2,0,1
FR_NOR_76,2020-05-28,119,10,684,174,67,52,2,8,342,342,70,104,6,0,2,4,0,0
FR_NOR_76,2020-05-29,111,9,692,175,64,47,1,8,346,346,70,105,8,1,4,4,0,1
FR_NOR_76,2020-05-30,108,9,695,175,61,47,1,8,349,346,70,105,3,0,3,0,0,0
FR_NOR_76,2020-05-31,108,9,695,175,61,47,1,8,349,346,70,105,0,0,0,0,0,0
FR_NOR_76,2020-06-01,109,9,695,175,62,47,1,8,349,346,70,105,0,0,0,0,0,0
FR_NOR_76,2020-06-02,107,10,700,175,62,45,2,8,351,349,70,105,5,0,2,3,0,0
FR_NOR_76,2020-06-03,104,8,702,176,59,45,1,7,352,350,71,105,2,1,1,1,1,0
FR_NOR_76,2020-06-04,103,8,703,176,58,45,1,7,353,350,71,105,1,0,1,0,0,0
FR_NOR_76,2020-06-05,101,6,703,176,57,44,1,5,353,350,71,105,0,0,0,0,0,0
FR_NOR_76,2020-06-06,100,6,704,176,57,43,1,5,353,351,71,105,1,0,0,1,0,0
FR_NOR_76,2020-06-07,99,6,705,176,56,43,1,5,354,351,71,105,1,0,1,0,0,0
FR_NOR_76,2020-06-08,99,6,705,177,56,43,1,5,354,351,71,106,0,1,0,0,0,1
FR_NOR_76,2020-06-09,94,6,710,177,54,40,1,5,356,354,71,106,5,0,2,3,0,0
FR_NOR_76,2020-06-10,93,6,711,177,53,40,1,5,357,354,71,106,1,0,1,0,0,0
FR_NOR_76,2020-06-11,93,6,711,177,53,40,1,5,357,354,71,106,0,0,0,0,0,0
FR_NOR_76,2020-06-12,93,5,711,177,53,40,1,4,357,354,71,106,0,0,0,0,0,0
FR_NOR_76,2020-06-13,93,5,711,177,53,40,1,4,357,354,71,106,0,0,0,0,0,0
FR_NOR_76,2020-06-14,93,5,711,177,53,40,1,4,357,354,71,106,0,0,0,0,0,0
FR_NOR_76,2020-06-15,93,5,711,177,53,40,1,4,357,354,71,106,0,0,0,0,0,0
FR_NOR_76,2020-06-16,93,5,712,178,51,42,1,4,358,354,72,106,1,1,1,0,1,0
FR_NOR_76,2020-06-17,92,5,715,178,50,42,1,4,359,356,72,106,3,0,1,2,0,0
FR_NOR_76,2020-06-18,92,5,716,178,50,42,1,4,359,357,72,106,1,0,0,1,0,0
FR_NOR_76,2020-06-19,93,5,716,178,51,42,1,4,359,357,72,106,0,0,0,0,0,0
FR_NOR_76,2020-06-20,96,5,718,178,53,43,2,3,360,358,72,106,2,0,1,1,0,0
FR_NOR_76,2020-06-21,96,5,718,178,53,43,2,3,360,358,72,106,0,0,0,0,0,0
FR_OCC,2020-03-18,94,38,51,6,38,56,13,25,32,19,2,4,,,,,,
FR_OCC,2020-03-19,138,55,59,17,59,79,19,36,34,25,8,9,8,11,2,6,6,5
FR_OCC,2020-03-20,182,66,73,21,76,106,22,44,43,30,10,11,14,4,9,5,2,2
FR_OCC,2020-03-21,209,70,92,24,78,131,21,49,47,45,11,13,19,3,4,15,1,2
FR_OCC,2020-03-22,260,78,106,25,105,155,23,55,55,51,11,14,14,1,8,6,0,1
FR_OCC,2020-03-23,330,101,117,32,133,197,29,72,60,57,15,17,11,7,5,6,4,3
FR_OCC,2020-03-24,381,125,149,39,155,226,34,91,79,70,16,23,32,7,19,13,1,6
FR_OCC,2020-03-25,469,147,182,46,184,285,38,109,100,82,17,29,33,7,21,12,1,6
FR_OCC,2020-03-26,550,177,224,54,214,336,46,131,126,98,20,34,42,8,26,16,3,5
FR_OCC,2020-03-27,617,187,256,61,233,384,47,140,143,113,23,38,32,7,17,15,3,4
FR_OCC,2020-03-28,705,212,300,68,268,437,53,159,167,133,27,41,44,7,24,20,4,3
FR_OCC,2020-03-29,795,227,313,76,314,481,54,173,173,140,30,46,13,8,6,7,3,5
FR_OCC,2020-03-30,851,266,351,82,323,528,62,204,189,162,34,48,38,6,16,22,4,2
FR_OCC,2020-03-31,873,275,446,91,330,543,62,213,243,203,34,57,95,9,54,41,0,9
FR_OCC,2020-04-01,925,304,524,108,352,573,73,231,278,246,41,67,78,17,35,43,7,10
FR_OCC,2020-04-02,976,321,597,119,377,599,76,245,315,282,45,74,73,11,37,36,4,7
FR_OCC,2020-04-03,1007,322,657,131,386,621,72,250,351,306,49,82,60,12,36,24,4,8
FR_OCC,2020-04-04,993,326,709,148,378,615,69,257,369,340,58,90,52,17,18,34,9,8
FR_OCC,2020-04-05,1019,320,757,158,388,631,67,253,397,360,61,97,48,10,28,20,3,7
FR_OCC,2020-04-06,1042,332,803,172,397,645,66,266,425,378,63,109,46,14,28,18,2,12
FR_OCC,2020-04-07,1025,335,912,180,393,632,64,271,477,435,67,113,109,8,52,57,4,4
FR_OCC,2020-04-08,993,328,991,195,387,606,67,261,513,478,73,122,79,15,36,43,6,9
FR_OCC,2020-04-09,986,327,1079,203,391,595,69,258,557,522,76,127,88,8,44,44,3,5
FR_OCC,2020-04-10,952,314,1185,222,385,567,68,246,605,580,83,139,106,19,48,58,7,12
FR_OCC,2020-04-11,910,295,1269,233,366,544,61,234,644,625,91,142,84,11,39,45,8,3
FR_OCC,2020-04-12,943,294,1284,239,385,558,60,234,650,634,94,145,15,6,6,9,3,3
FR_OCC,2020-04-13,960,289,1310,248,397,563,62,227,662,648,99,149,26,9,12,14,5,4
FR_OCC,2020-04-14,947,277,1357,266,399,548,56,221,682,675,108,158,47,18,20,27,9,9
FR_OCC,2020-04-15,899,263,1450,278,386,513,52,211,723,727,117,161,93,12,41,52,9,3
FR_OCC,2020-04-16,858,253,1523,281,369,489,49,204,757,766,118,163,73,3,34,39,1,2
FR_OCC,2020-04-17,854,241,1578,290,372,482,49,192,782,796,123,167,55,9,25,30,5,4
FR_OCC,2020-04-18,848,238,1669,292,382,466,49,189,828,841,123,169,91,2,46,45,0,2
FR_OCC,2020-04-19,865,243,1680,295,391,474,52,191,833,847,124,171,11,3,5,6,1,2
FR_OCC,2020-04-20,884,232,1718,312,404,480,53,179,856,862,130,182,38,17,23,15,6,11
FR_OCC,2020-04-21,869,220,1771,322,400,469,50,170,877,894,138,184,53,10,21,32,8,2
FR_OCC,2020-04-22,849,210,1814,328,396,453,50,160,894,920,138,190,43,6,17,26,0,6
FR_OCC,2020-04-23,795,196,1876,342,375,420,44,152,922,954,145,197,62,14,28,34,7,7
FR_OCC,2020-04-24,732,185,1961,356,338,394,41,144,973,988,150,206,85,14,51,34,5,9
FR_OCC,2020-04-25,715,171,1992,361,337,378,38,133,986,1006,152,209,31,5,13,18,2,3
FR_OCC,2020-04-26,719,167,2001,362,337,382,38,129,992,1009,153,209,9,1,6,3,1,0
FR_OCC,2020-04-27,720,164,2016,373,348,372,38,126,996,1020,157,216,15,11,4,11,4,7
FR_OCC,2020-04-28,694,158,2056,380,334,360,35,123,1019,1037,158,222,40,7,23,17,1,6
FR_OCC,2020-04-29,663,147,2121,390,323,340,34,113,1054,1067,161,229,65,10,35,30,3,7
FR_OCC,2020-04-30,634,142,2141,401,314,320,33,109,1059,1082,166,235,20,11,5,15,5,6
FR_OCC,2020-05-01,607,142,2117,394,294,313,33,109,1037,1080,163,231,-24,-7,-22,-2,-3,-4
FR_OCC,2020-05-02,600,137,2122,409,290,310,33,104,1039,1083,173,236,5,15,2,3,10,5
FR_OCC,2020-05-03,607,135,2124,410,296,311,32,103,1040,1084,174,236,2,1,1,1,1,0
FR_OCC,2020-05-04,569,126,2153,424,270,299,26,100,1054,1099,184,240,29,14,14,15,10,4
FR_OCC,2020-05-05,533,118,2214,436,245,288,20,98,1089,1125,190,246,61,12,35,26,6,6
FR_OCC,2020-05-06,496,112,2256,441,224,272,20,92,1113,1143,191,250,42,5,24,18,1,4
FR_OCC,2020-05-07,463,103,2289,448,213,250,21,82,1128,1161,193,255,33,7,15,18,2,5
FR_OCC,2020-05-08,437,107,2328,450,186,251,20,87,1156,1172,194,256,39,2,28,11,1,1
FR_OCC,2020-05-09,435,108,2334,452,187,248,20,88,1159,1175,195,257,6,2,3,3,1,1
FR_OCC,2020-05-10,436,108,2340,453,186,250,20,88,1162,1178,195,258,6,1,3,3,0,1
FR_OCC,2020-05-11,432,105,2353,454,186,246,19,86,1167,1186,196,258,13,1,5,8,1,0
FR_OCC,2020-05-12,405,94,2393,459,177,228,17,77,1185,1208,199,260,40,5,18,22,3,2
FR_OCC,2020-05-13,404,97,2420,460,183,221,20,77,1195,1225,199,261,27,1,10,17,0,1
FR_OCC,2020-05-14,374,88,2453,465,173,201,18,70,1209,1244,200,265,33,5,14,19,1,4
FR_OCC,2020-05-15,352,83,2475,467,163,189,16,67,1220,1255,202,265,22,2,11,11,2,0
FR_OCC,2020-05-16,347,80,2490,469,159,188,16,64,1227,1263,203,266,15,2,7,8,1,1
FR_OCC,2020-05-17,346,80,2500,470,160,186,16,64,1230,1270,204,266,10,1,3,7,1,0
FR_OCC,2020-05-18,326,81,2522,472,152,174,16,65,1242,1280,204,268,22,2,12,10,0,2
FR_OCC,2020-05-19,313,76,2539,471,141,172,13,63,1252,1287,204,267,17,-1,10,7,0,-1
FR_OCC,2020-05-20,297,67,2567,477,137,160,10,57,1262,1305,209,268,28,6,10,18,5,1
FR_OCC,2020-05-21,291,65,2581,478,129,162,10,55,1269,1312,210,268,14,1,7,7,1,0
FR_OCC,2020-05-22,296,62,2589,481,132,164,11,51,1269,1320,210,271,8,3,0,8,0,3
FR_OCC,2020-05-23,290,60,2595,482,126,164,10,50,1274,1321,211,271,6,1,5,1,1,0
FR_OCC,2020-05-24,292,60,2596,483,128,164,10,50,1274,1322,211,272,1,1,0,1,0,1
FR_OCC,2020-05-25,281,56,2612,486,126,155,11,45,1281,1331,212,274,16,3,7,9,1,2
FR_OCC,2020-05-26,272,55,2633,488,123,149,11,44,1291,1342,214,274,21,2,10,11,2,0
FR_OCC,2020-05-27,268,55,2645,488,116,152,11,44,1300,1345,214,274,12,0,9,3,0,0
FR_OCC,2020-05-28,251,50,2662,491,107,144,11,39,1311,1351,215,276,17,3,11,6,1,2
FR_OCC,2020-05-29,248,47,2668,492,104,144,11,36,1314,1354,215,277,6,1,3,3,0,1
FR_OCC,2020-05-30,241,45,2684,492,101,140,11,34,1319,1365,215,277,16,0,5,11,0,0
FR_OCC,2020-05-31,235,44,2688,495,101,134,11,33,1320,1368,215,280,4,3,1,3,0,3
FR_OCC,2020-06-01,236,43,2688,496,101,135,11,32,1320,1368,215,281,0,1,0,0,0,1
FR_OCC,2020-06-02,238,38,2693,497,102,136,9,29,1321,1372,216,281,5,1,1,4,1,0
FR_OCC,2020-06-03,220,37,2711,499,91,129,9,28,1331,1380,217,282,18,2,10,8,1,1
FR_OCC,2020-06-04,205,35,2724,499,88,117,9,26,1333,1391,217,282,13,0,2,11,0,0
FR_OCC,2020-06-05,184,21,2739,501,79,105,5,16,1339,1400,217,284,15,2,6,9,0,2
FR_OCC,2020-06-06,173,20,2752,502,72,101,5,15,1347,1405,217,285,13,1,8,5,0,1
FR_OCC,2020-06-07,173,20,2752,502,72,101,5,15,1347,1405,217,285,0,0,0,0,0,0
FR_OCC,2020-06-08,170,20,2758,502,70,100,5,15,1350,1408,217,285,6,0,3,3,0,0
FR_OCC,2020-06-09,166,19,2765,503,67,99,4,15,1353,1412,217,286,7,1,3,4,0,1
FR_OCC,2020-06-10,153,20,2776,503,64,89,4,16,1355,1421,217,286,11,0,2,9,0,0
FR_OCC,2020-06-11,149,19,2781,504,61,88,3,16,1357,1424,218,286,5,1,2,3,1,0
FR_OCC,2020-06-12,137,19,2793,506,54,83,3,16,1364,1429,218,288,12,2,7,5,0,2
FR_OCC,2020-06-13,138,18,2794,506,54,84,2,16,1365,1429,218,288,1,0,1,0,0,0
FR_OCC,2020-06-14,137,18,2797,506,53,84,2,16,1367,1430,218,288,3,0,2,1,0,0
FR_OCC,2020-06-15,130,18,2804,508,51,79,2,16,1370,1434,218,290,7,2,3,4,0,2
FR_OCC,2020-06-16,112,16,2823,508,43,69,2,14,1379,1444,218,290,19,0,9,10,0,0
FR_OCC,2020-06-17,109,16,2826,508,42,67,2,14,1380,1446,218,290,3,0,1,2,0,0
FR_OCC,2020-06-18,103,16,2831,508,39,64,2,14,1383,1448,218,290,5,0,3,2,0,0
FR_OCC,2020-06-19,102,16,2832,508,39,63,2,14,1383,1449,218,290,1,0,0,1,0,0
FR_OCC,2020-06-20,98,15,2839,508,36,62,2,13,1388,1451,218,290,7,0,5,2,0,0
FR_OCC,2020-06-21,99,15,2843,508,36,63,2,13,1392,1451,218,290,4,0,4,0,0,0
FR_OCC_09,2020-03-18,1,1,2,0,1,0,1,0,1,1,0,0,,,,,,
FR_OCC_09,2020-03-19,1,1,2,0,1,0,1,0,1,1,0,0,0,0,0,0,0,0
FR_OCC_09,2020-03-20,2,1,2,0,1,1,1,0,1,1,0,0,0,0,0,0,0,0
FR_OCC_09,2020-03-21,2,1,3,0,1,1,1,0,1,2,0,0,1,0,0,1,0,0
FR_OCC_09,2020-03-22,2,1,3,0,1,1,1,0,1,2,0,0,0,0,0,0,0,0
FR_OCC_09,2020-03-23,3,3,3,0,1,2,1,2,1,2,0,0,0,0,0,0,0,0
FR_OCC_09,2020-03-24,3,3,3,0,1,2,1,2,1,2,0,0,0,0,0,0,0,0
FR_OCC_09,2020-03-25,7,3,4,0,1,6,1,2,2,2,0,0,1,0,1,0,0,0
FR_OCC_09,2020-03-26,7,3,4,0,1,6,1,2,2,2,0,0,0,0,0,0,0,0
FR_OCC_09,2020-03-27,8,1,4,0,2,6,0,1,2,2,0,0,0,0,0,0,0,0
FR_OCC_09,2020-03-28,8,1,4,0,2,6,0,1,2,2,0,0,0,0,0,0,0,0
FR_OCC_09,2020-03-29,9,2,4,0,2,7,0,2,2,2,0,0,0,0,0,0,0,0
FR_OCC_09,2020-03-30,11,3,4,0,3,8,0,3,2,2,0,0,0,0,0,0,0,0
FR_OCC_09,2020-03-31,12,3,6,0,5,7,0,3,2,4,0,0,2,0,0,2,0,0
FR_OCC_09,2020-04-01,15,6,7,0,6,9,3,3,2,5,0,0,1,0,0,1,0,0
FR_OCC_09,2020-04-02,17,6,8,1,6,11,3,3,3,5,1,0,1,1,1,0,1,0
FR_OCC_09,2020-04-03,16,6,8,1,6,10,3,3,3,5,1,0,0,0,0,0,0,0
FR_OCC_09,2020-04-04,15,5,10,1,6,9,2,3,4,6,1,0,2,0,1,1,0,0
FR_OCC_09,2020-04-05,16,5,10,1,7,9,2,3,4,6,1,0,0,0,0,0,0,0
FR_OCC_09,2020-04-06,15,4,11,1,7,8,1,3,4,7,1,0,1,0,0,1,0,0
FR_OCC_09,2020-04-07,17,4,11,1,8,9,1,3,4,7,1,0,0,0,0,0,0,0
FR_OCC_09,2020-04-08,18,4,9,1,7,11,1,3,4,5,1,0,-2,0,0,-2,0,0
FR_OCC_09,2020-04-09,16,4,10,1,7,9,1,3,4,6,1,0,1,0,0,1,0,0
FR_OCC_09,2020-04-10,13,4,14,1,6,7,1,3,6,8,1,0,4,0,2,2,0,0
FR_OCC_09,2020-04-11,13,4,14,1,6,7,1,3,6,8,1,0,0,0,0,0,0,0
FR_OCC_09,2020-04-12,14,4,14,1,6,8,1,3,6,8,1,0,0,0,0,0,0,0
FR_OCC_09,2020-04-13,14,4,14,1,6,8,1,3,6,8,1,0,0,0,0,0,0,0
FR_OCC_09,2020-04-14,14,4,14,1,6,8,1,3,6,8,1,0,0,0,0,0,0,0
FR_OCC_09,2020-04-15,16,3,14,1,7,9,1,2,6,8,1,0,0,0,0,0,0,0
FR_OCC_09,2020-04-16,16,2,14,1,7,9,0,2,6,8,1,0,0,0,0,0,0,0
FR_OCC_09,2020-04-17,12,2,18,2,7,5,1,1,7,11,1,1,4,1,1,3,0,1
FR_OCC_09,2020-04-18,12,2,18,2,7,5,1,1,7,11,1,1,0,0,0,0,0,0
FR_OCC_09,2020-04-19,11,2,19,2,7,4,1,1,7,12,1,1,1,0,0,1,0,0
FR_OCC_09,2020-04-20,12,1,19,2,8,4,0,1,7,12,1,1,0,0,0,0,0,0
FR_OCC_09,2020-04-21,11,1,20,2,8,3,0,1,7,13,1,1,1,0,0,1,0,0
FR_OCC_09,2020-04-22,11,1,20,2,8,3,0,1,7,13,1,1,0,0,0,0,0,0
FR_OCC_09,2020-04-23,12,1,20,2,9,3,0,1,7,13,1,1,0,0,0,0,0,0
FR_OCC_09,2020-04-24,10,1,23,2,6,4,0,1,10,13,1,1,3,0,3,0,0,0
FR_OCC_09,2020-04-25,10,1,23,2,6,4,0,1,10,13,1,1,0,0,0,0,0,0
FR_OCC_09,2020-04-26,10,1,23,2,6,4,0,1,10,13,1,1,0,0,0,0,0,0
FR_OCC_09,2020-04-27,9,1,24,2,5,4,0,1,11,13,1,1,1,0,1,0,0,0
FR_OCC_09,2020-04-28,9,1,24,2,5,4,0,1,11,13,1,1,0,0,0,0,0,0
FR_OCC_09,2020-04-29,10,1,26,2,6,4,0,1,12,14,1,1,2,0,1,1,0,0
FR_OCC_09,2020-04-30,10,1,26,2,6,4,0,1,12,14,1,1,0,0,0,0,0,0
FR_OCC_09,2020-05-01,7,1,29,2,3,4,0,1,15,14,1,1,3,0,3,0,0,0
FR_OCC_09,2020-05-02,7,1,29,2,3,4,0,1,15,14,1,1,0,0,0,0,0,0
FR_OCC_09,2020-05-03,7,1,29,2,3,4,0,1,15,14,1,1,0,0,0,0,0,0
FR_OCC_09,2020-05-04,7,1,29,2,3,4,0,1,15,14,1,1,0,0,0,0,0,0
FR_OCC_09,2020-05-05,7,1,29,2,3,4,0,1,15,14,1,1,0,0,0,0,0,0
FR_OCC_09,2020-05-06,7,1,29,2,3,4,0,1,15,14,1,1,0,0,0,0,0,0
FR_OCC_09,2020-05-07,2,1,29,1,1,1,0,1,15,14,0,1,0,-1,0,0,-1,0
FR_OCC_09,2020-05-08,3,2,29,1,1,2,0,2,15,14,0,1,0,0,0,0,0,0
FR_OCC_09,2020-05-09,3,2,29,1,1,2,0,2,15,14,0,1,0,0,0,0,0,0
FR_OCC_09,2020-05-10,3,2,29,1,1,2,0,2,15,14,0,1,0,0,0,0,0,0
FR_OCC_09,2020-05-11,3,2,29,1,1,2,0,2,15,14,0,1,0,0,0,0,0,0
FR_OCC_09,2020-05-12,3,2,29,1,1,2,0,2,15,14,0,1,0,0,0,0,0,0
FR_OCC_09,2020-05-13,3,2,29,1,1,2,0,2,15,14,0,1,0,0,0,0,0,0
FR_OCC_09,2020-05-14,3,2,29,1,1,2,0,2,15,14,0,1,0,0,0,0,0,0
FR_OCC_09,2020-05-15,3,2,29,1,1,2,0,2,15,14,0,1,0,0,0,0,0,0
FR_OCC_09,2020-05-16,3,2,29,1,1,2,0,2,15,14,0,1,0,0,0,0,0,0
FR_OCC_09,2020-05-17,3,2,29,1,1,2,0,2,15,14,0,1,0,0,0,0,0,0
FR_OCC_09,2020-05-18,3,2,29,1,1,2,0,2,15,14,0,1,0,0,0,0,0,0
FR_OCC_09,2020-05-19,3,2,29,1,1,2,0,2,15,14,0,1,0,0,0,0,0,0
FR_OCC_09,2020-05-20,5,2,29,1,2,3,0,2,15,14,0,1,0,0,0,0,0,0
FR_OCC_09,2020-05-21,6,2,29,1,2,4,0,2,15,14,0,1,0,0,0,0,0,0
FR_OCC_09,2020-05-22,3,1,31,2,2,1,0,1,15,16,0,2,2,1,0,2,0,1
FR_OCC_09,2020-05-23,3,1,31,2,2,1,0,1,15,16,0,2,0,0,0,0,0,0
FR_OCC_09,2020-05-24,3,1,31,2,2,1,0,1,15,16,0,2,0,0,0,0,0,0
FR_OCC_09,2020-05-25,3,1,31,2,2,1,0,1,15,16,0,2,0,0,0,0,0,0
FR_OCC_09,2020-05-26,3,1,31,2,2,1,0,1,15,16,0,2,0,0,0,0,0,0
FR_OCC_09,2020-05-27,2,1,32,2,1,1,0,1,16,16,0,2,1,0,1,0,0,0
FR_OCC_09,2020-05-28,2,1,32,2,1,1,0,1,16,16,0,2,0,0,0,0,0,0
FR_OCC_09,2020-05-29,2,1,32,2,1,1,0,1,16,16,0,2,0,0,0,0,0,0
FR_OCC_09,2020-05-30,2,1,32,2,1,1,0,1,16,16,0,2,0,0,0,0,0,0
FR_OCC_09,2020-05-31,2,1,32,2,1,1,0,1,16,16,0,2,0,0,0,0,0,0
FR_OCC_09,2020-06-01,2,1,32,2,1,1,0,1,16,16,0,2,0,0,0,0,0,0
FR_OCC_09,2020-06-02,2,1,32,2,1,1,0,1,16,16,0,2,0,0,0,0,0,0
FR_OCC_09,2020-06-03,2,1,32,2,1,1,0,1,16,16,0,2,0,0,0,0,0,0
FR_OCC_09,2020-06-04,2,1,32,2,1,1,0,1,16,16,0,2,0,0,0,0,0,0
FR_OCC_09,2020-06-05,2,1,32,2,1,1,0,1,16,16,0,2,0,0,0,0,0,0
FR_OCC_09,2020-06-06,2,1,32,2,1,1,0,1,16,16,0,2,0,0,0,0,0,0
FR_OCC_09,2020-06-07,2,1,32,2,1,1,0,1,16,16,0,2,0,0,0,0,0,0
FR_OCC_09,2020-06-08,2,1,32,2,1,1,0,1,16,16,0,2,0,0,0,0,0,0
FR_OCC_09,2020-06-09,2,1,32,2,1,1,0,1,16,16,0,2,0,0,0,0,0,0
FR_OCC_09,2020-06-10,2,1,32,2,1,1,0,1,16,16,0,2,0,0,0,0,0,0
FR_OCC_09,2020-06-11,1,1,33,2,0,1,0,1,17,16,0,2,1,0,1,0,0,0
FR_OCC_09,2020-06-12,1,1,33,2,0,1,0,1,17,16,0,2,0,0,0,0,0,0
FR_OCC_09,2020-06-13,1,1,33,2,0,1,0,1,17,16,0,2,0,0,0,0,0,0
FR_OCC_09,2020-06-14,1,1,33,2,0,1,0,1,17,16,0,2,0,0,0,0,0,0
FR_OCC_09,2020-06-15,1,1,33,2,0,1,0,1,17,16,0,2,0,0,0,0,0,0
FR_OCC_09,2020-06-16,1,1,33,2,0,1,0,1,17,16,0,2,0,0,0,0,0,0
FR_OCC_09,2020-06-17,1,1,33,2,0,1,0,1,17,16,0,2,0,0,0,0,0,0
FR_OCC_09,2020-06-18,1,1,33,2,0,1,0,1,17,16,0,2,0,0,0,0,0,0
FR_OCC_09,2020-06-19,1,1,33,2,0,1,0,1,17,16,0,2,0,0,0,0,0,0
FR_OCC_09,2020-06-20,1,1,33,2,0,1,0,1,17,16,0,2,0,0,0,0,0,0
FR_OCC_09,2020-06-21,1,1,33,2,0,1,0,1,17,16,0,2,0,0,0,0,0,0
FR_OCC_11,2020-03-18,8,7,9,3,2,6,2,5,7,2,1,2,,,,,,
FR_OCC_11,2020-03-19,18,11,8,6,6,12,4,7,6,2,3,3,-1,3,-1,0,2,1
FR_OCC_11,2020-03-20,26,11,13,8,6,20,3,8,10,3,3,5,5,2,4,1,0,2
FR_OCC_11,2020-03-21,26,9,13,9,6,20,2,7,10,3,3,6,0,1,0,0,0,1
FR_OCC_11,2020-03-22,27,9,13,9,5,22,2,7,10,3,3,6,0,0,0,0,0,0
FR_OCC_11,2020-03-23,36,13,13,10,7,29,2,11,10,3,3,7,0,1,0,0,0,1
FR_OCC_11,2020-03-24,33,11,13,12,8,25,1,10,10,3,3,9,0,2,0,0,0,2
FR_OCC_11,2020-03-25,37,12,17,15,9,28,1,11,11,6,3,12,4,3,1,3,0,3
FR_OCC_11,2020-03-26,38,11,23,15,12,26,2,9,13,10,3,12,6,0,2,4,0,0
FR_OCC_11,2020-03-27,45,14,26,15,14,31,4,10,14,12,3,12,3,0,1,2,0,0
FR_OCC_11,2020-03-28,59,19,34,17,18,41,4,15,16,18,4,13,8,2,2,6,1,1
FR_OCC_11,2020-03-29,68,18,35,17,26,42,3,15,16,19,4,13,1,0,0,1,0,0
FR_OCC_11,2020-03-30,73,20,36,18,25,48,3,17,16,20,5,13,1,1,0,1,1,0
FR_OCC_11,2020-03-31,75,18,39,19,27,48,3,15,16,23,4,15,3,1,0,3,-1,2
FR_OCC_11,2020-04-01,80,20,46,21,31,49,3,17,18,28,6,15,7,2,2,5,2,0
FR_OCC_11,2020-04-02,101,19,52,21,38,63,4,15,22,30,6,15,6,0,4,2,0,0
FR_OCC_11,2020-04-03,99,19,55,24,38,61,4,15,25,30,6,18,3,3,3,0,0,3
FR_OCC_11,2020-04-04,99,19,57,24,37,62,4,15,27,30,6,18,2,0,2,0,0,0
FR_OCC_11,2020-04-05,95,18,63,27,37,58,4,14,30,33,7,20,6,3,3,3,1,2
FR_OCC_11,2020-04-06,76,15,67,31,32,44,4,11,33,34,8,23,4,4,3,1,1,3
FR_OCC_11,2020-04-07,81,17,76,31,33,48,4,13,38,38,8,23,9,0,5,4,0,0
FR_OCC_11,2020-04-08,73,14,79,34,29,44,2,12,40,39,9,25,3,3,2,1,1,2
FR_OCC_11,2020-04-09,69,15,84,36,27,42,2,13,42,42,9,27,5,2,2,3,0,2
FR_OCC_11,2020-04-10,63,15,91,37,26,37,1,14,44,47,9,28,7,1,2,5,0,1
FR_OCC_11,2020-04-11,66,14,96,37,27,39,1,13,46,50,9,28,5,0,2,3,0,0
FR_OCC_11,2020-04-12,81,14,96,38,34,47,1,13,46,50,9,29,0,1,0,0,0,1
FR_OCC_11,2020-04-13,91,14,96,40,40,51,1,13,46,50,10,30,0,2,0,0,1,1
FR_OCC_11,2020-04-14,86,12,98,41,36,50,1,11,46,52,10,31,2,1,0,2,0,1
FR_OCC_11,2020-04-15,77,10,107,41,37,40,1,9,48,59,10,31,9,0,2,7,0,0
FR_OCC_11,2020-04-16,73,10,111,41,36,37,1,9,49,62,10,31,4,0,1,3,0,0
FR_OCC_11,2020-04-17,71,8,117,41,34,37,1,7,52,65,10,31,6,0,3,3,0,0
FR_OCC_11,2020-04-18,68,8,126,42,33,35,1,7,57,69,11,31,9,1,5,4,1,0
FR_OCC_11,2020-04-19,70,9,126,42,34,36,1,8,57,69,11,31,0,0,0,0,0,0
FR_OCC_11,2020-04-20,65,8,127,43,31,34,1,7,57,70,12,31,1,1,0,1,1,0
FR_OCC_11,2020-04-21,69,9,133,43,32,37,2,7,61,72,12,31,6,0,4,2,0,0
FR_OCC_11,2020-04-22,67,9,135,44,32,35,2,7,61,74,12,32,2,1,0,2,0,1
FR_OCC_11,2020-04-23,61,9,140,45,28,33,2,7,64,76,13,32,5,1,3,2,1,0
FR_OCC_11,2020-04-24,61,8,143,47,29,32,2,6,65,78,13,34,3,2,1,2,0,2
FR_OCC_11,2020-04-25,57,7,148,48,28,29,1,6,67,81,14,34,5,1,2,3,1,0
FR_OCC_11,2020-04-26,55,5,150,49,27,28,1,4,68,82,15,34,2,1,1,1,1,0
FR_OCC_11,2020-04-27,54,6,150,49,25,29,1,5,68,82,15,34,0,0,0,0,0,0
FR_OCC_11,2020-04-28,49,7,155,50,22,27,1,6,71,84,15,35,5,1,3,2,0,1
FR_OCC_11,2020-04-29,51,7,159,50,23,28,1,6,73,86,15,35,4,0,2,2,0,0
FR_OCC_11,2020-04-30,36,3,170,52,18,18,0,3,78,92,16,36,11,2,5,6,1,1
FR_OCC_11,2020-05-01,40,3,171,51,19,21,0,3,79,92,16,35,1,-1,1,0,0,-1
FR_OCC_11,2020-05-02,40,3,172,51,19,21,0,3,80,92,16,35,1,0,1,0,0,0
FR_OCC_11,2020-05-03,44,3,172,51,23,21,0,3,80,92,16,35,0,0,0,0,0,0
FR_OCC_11,2020-05-04,35,3,176,52,17,18,0,3,81,95,16,36,4,1,1,3,0,1
FR_OCC_11,2020-05-05,31,4,179,53,18,13,1,3,82,97,16,37,3,1,1,2,0,1
FR_OCC_11,2020-05-06,22,3,188,53,12,10,1,2,88,100,16,37,9,0,6,3,0,0
FR_OCC_11,2020-05-07,20,3,190,54,10,10,1,2,90,100,16,38,2,1,2,0,0,1
FR_OCC_11,2020-05-08,21,3,190,54,11,10,1,2,90,100,16,38,0,0,0,0,0,0
FR_OCC_11,2020-05-09,20,4,190,55,11,9,1,3,90,100,16,39,0,1,0,0,0,1
FR_OCC_11,2020-05-10,20,4,190,55,11,9,1,3,90,100,16,39,0,0,0,0,0,0
FR_OCC_11,2020-05-11,20,3,190,55,11,9,0,3,90,100,16,39,0,0,0,0,0,0
FR_OCC_11,2020-05-12,17,2,193,55,10,7,0,2,91,102,16,39,3,0,1,2,0,0
FR_OCC_11,2020-05-13,23,3,195,55,11,12,0,3,92,103,16,39,2,0,1,1,0,0
FR_OCC_11,2020-05-14,20,2,198,55,9,11,0,2,94,104,16,39,3,0,2,1,0,0
FR_OCC_11,2020-05-15,17,2,201,55,6,11,0,2,97,104,16,39,3,0,3,0,0,0
FR_OCC_11,2020-05-16,24,3,201,55,8,16,0,3,97,104,16,39,0,0,0,0,0,0
FR_OCC_11,2020-05-17,24,3,204,55,9,15,0,3,97,107,16,39,3,0,0,3,0,0
FR_OCC_11,2020-05-18,20,3,202,55,7,13,0,3,97,105,16,39,-2,0,0,-2,0,0
FR_OCC_11,2020-05-19,20,3,204,55,7,13,0,3,98,106,16,39,2,0,1,1,0,0
FR_OCC_11,2020-05-20,17,3,209,55,7,10,0,3,100,109,16,39,5,0,2,3,0,0
FR_OCC_11,2020-05-21,17,3,211,55,6,11,0,3,101,110,16,39,2,0,1,1,0,0
FR_OCC_11,2020-05-22,22,5,212,55,8,14,1,4,101,111,16,39,1,0,0,1,0,0
FR_OCC_11,2020-05-23,22,5,212,55,8,14,1,4,101,111,16,39,0,0,0,0,0,0
FR_OCC_11,2020-05-24,22,5,212,55,8,14,1,4,101,111,16,39,0,0,0,0,0,0
FR_OCC_11,2020-05-25,21,4,212,55,9,12,1,3,101,111,16,39,0,0,0,0,0,0
FR_OCC_11,2020-05-26,19,4,213,55,7,12,1,3,102,111,16,39,1,0,1,0,0,0
FR_OCC_11,2020-05-27,18,4,214,55,7,11,1,3,102,112,16,39,1,0,0,1,0,0
FR_OCC_11,2020-05-28,15,3,218,55,4,11,0,3,106,112,16,39,4,0,4,0,0,0
FR_OCC_11,2020-05-29,15,3,219,55,4,11,0,3,106,113,16,39,1,0,0,1,0,0
FR_OCC_11,2020-05-30,15,3,220,55,5,10,0,3,106,114,16,39,1,0,0,1,0,0
FR_OCC_11,2020-05-31,14,2,220,56,5,9,0,2,106,114,16,40,0,1,0,0,0,1
FR_OCC_11,2020-06-01,13,2,220,57,5,8,0,2,106,114,16,41,0,1,0,0,0,1
FR_OCC_11,2020-06-02,12,1,220,58,5,7,0,1,106,114,17,41,0,1,0,0,1,0
FR_OCC_11,2020-06-03,10,1,222,58,4,6,0,1,107,115,17,41,2,0,1,1,0,0
FR_OCC_11,2020-06-04,7,1,224,58,3,4,0,1,107,117,17,41,2,0,0,2,0,0
FR_OCC_11,2020-06-05,7,1,225,58,4,3,0,1,107,118,17,41,1,0,0,1,0,0
FR_OCC_11,2020-06-06,6,1,226,58,3,3,0,1,108,118,17,41,1,0,1,0,0,0
FR_OCC_11,2020-06-07,6,1,226,58,3,3,0,1,108,118,17,41,0,0,0,0,0,0
FR_OCC_11,2020-06-08,6,1,226,58,3,3,0,1,108,118,17,41,0,0,0,0,0,0
FR_OCC_11,2020-06-09,5,1,226,58,2,3,0,1,108,118,17,41,0,0,0,0,0,0
FR_OCC_11,2020-06-10,5,1,226,58,2,3,0,1,108,118,17,41,0,0,0,0,0,0
FR_OCC_11,2020-06-11,6,1,226,58,2,4,0,1,108,118,17,41,0,0,0,0,0,0
FR_OCC_11,2020-06-12,6,1,226,58,2,4,0,1,108,118,17,41,0,0,0,0,0,0
FR_OCC_11,2020-06-13,6,1,226,58,2,4,0,1,108,118,17,41,0,0,0,0,0,0
FR_OCC_11,2020-06-14,6,1,226,58,2,4,0,1,108,118,17,41,0,0,0,0,0,0
FR_OCC_11,2020-06-15,6,1,227,58,2,4,0,1,108,119,17,41,1,0,0,1,0,0
FR_OCC_11,2020-06-16,4,1,229,58,1,3,0,1,109,120,17,41,2,0,1,1,0,0
FR_OCC_11,2020-06-17,4,1,229,58,1,3,0,1,109,120,17,41,0,0,0,0,0,0
FR_OCC_11,2020-06-18,3,1,230,58,1,2,0,1,109,121,17,41,1,0,0,1,0,0
FR_OCC_11,2020-06-19,3,1,230,58,1,2,0,1,109,121,17,41,0,0,0,0,0,0
FR_OCC_11,2020-06-20,3,1,231,58,1,2,0,1,110,121,17,41,1,0,1,0,0,0
FR_OCC_11,2020-06-21,6,1,231,58,3,3,0,1,110,121,17,41,0,0,0,0,0,0
FR_OCC_12,2020-03-18,7,2,1,0,4,3,1,1,1,0,0,0,,,,,,
FR_OCC_12,2020-03-19,9,2,2,1,6,3,1,1,2,0,0,1,1,1,1,0,0,1
FR_OCC_12,2020-03-20,12,2,3,1,9,3,1,1,2,1,0,1,1,0,0,1,0,0
FR_OCC_12,2020-03-21,11,2,4,1,8,3,1,1,2,2,0,1,1,0,0,1,0,0
FR_OCC_12,2020-03-22,13,2,4,1,9,4,1,1,2,2,0,1,0,0,0,0,0,0
FR_OCC_12,2020-03-23,14,2,4,1,9,5,1,1,2,2,0,1,0,0,0,0,0,0
FR_OCC_12,2020-03-24,19,3,5,1,10,9,1,2,3,2,0,1,1,0,1,0,0,0
FR_OCC_12,2020-03-25,17,4,10,1,9,8,1,3,5,5,0,1,5,0,2,3,0,0
FR_OCC_12,2020-03-26,22,5,10,4,12,10,2,3,5,5,1,3,0,3,0,0,1,2
FR_OCC_12,2020-03-27,24,6,13,5,13,11,3,3,8,5,2,3,3,1,3,0,1,0
FR_OCC_12,2020-03-28,33,6,16,6,16,17,3,3,11,5,2,4,3,1,3,0,0,1
FR_OCC_12,2020-03-29,34,6,16,6,17,17,3,3,11,5,2,4,0,0,0,0,0,0
FR_OCC_12,2020-03-30,39,8,19,6,16,23,3,5,12,7,2,4,3,0,1,2,0,0
FR_OCC_12,2020-03-31,43,10,21,6,17,26,3,7,13,8,2,4,2,0,1,1,0,0
FR_OCC_12,2020-04-01,46,10,21,7,17,29,3,7,13,8,3,4,0,1,0,0,1,0
FR_OCC_12,2020-04-02,52,11,24,7,17,35,3,8,15,9,3,4,3,0,2,1,0,0
FR_OCC_12,2020-04-03,60,11,26,8,22,38,2,9,16,10,4,4,2,1,1,1,1,0
FR_OCC_12,2020-04-04,58,11,31,10,23,35,3,8,17,14,5,5,5,2,1,4,1,1
FR_OCC_12,2020-04-05,56,9,34,12,23,33,2,7,18,16,6,6,3,2,1,2,1,1
FR_OCC_12,2020-04-06,59,9,35,12,22,37,2,7,19,16,6,6,1,0,1,0,0,0
FR_OCC_12,2020-04-07,55,9,42,13,24,31,2,7,19,23,7,6,7,1,0,7,1,0
FR_OCC_12,2020-04-08,52,8,47,14,22,30,2,6,21,26,7,7,5,1,2,3,0,1
FR_OCC_12,2020-04-09,52,9,50,15,22,30,3,6,22,28,8,7,3,1,1,2,1,0
FR_OCC_12,2020-04-10,50,8,56,17,21,29,4,4,25,31,8,9,6,2,3,3,0,2
FR_OCC_12,2020-04-11,55,6,58,17,25,30,2,4,27,31,8,9,2,0,2,0,0,0
FR_OCC_12,2020-04-12,56,6,58,18,25,31,2,4,27,31,9,9,0,1,0,0,1,0
FR_OCC_12,2020-04-13,57,5,59,19,27,30,2,3,28,31,9,10,1,1,1,0,0,1
FR_OCC_12,2020-04-14,56,5,61,19,26,30,2,3,29,32,9,10,2,0,1,1,0,0
FR_OCC_12,2020-04-15,55,4,65,19,26,29,1,3,31,34,9,10,4,0,2,2,0,0
FR_OCC_12,2020-04-16,55,4,66,19,26,29,1,3,32,34,9,10,1,0,1,0,0,0
FR_OCC_12,2020-04-17,58,4,68,19,30,28,1,3,32,36,9,10,2,0,0,2,0,0
FR_OCC_12,2020-04-18,65,4,69,19,38,27,1,3,32,37,9,10,1,0,0,1,0,0
FR_OCC_12,2020-04-19,64,4,71,19,37,27,1,3,34,37,9,10,2,0,2,0,0,0
FR_OCC_12,2020-04-20,67,4,72,19,38,29,1,3,35,37,9,10,1,0,1,0,0,0
FR_OCC_12,2020-04-21,65,3,73,20,37,28,1,2,36,37,9,11,1,1,1,0,0,1
FR_OCC_12,2020-04-22,62,3,79,20,35,27,1,2,38,41,9,11,6,0,2,4,0,0
FR_OCC_12,2020-04-23,59,2,85,20,35,24,0,2,40,45,9,11,6,0,2,4,0,0
FR_OCC_12,2020-04-24,46,2,98,20,26,20,0,2,49,49,9,11,13,0,9,4,0,0
FR_OCC_12,2020-04-25,45,2,99,20,25,20,0,2,50,49,9,11,1,0,1,0,0,0
FR_OCC_12,2020-04-26,45,2,99,20,25,20,0,2,50,49,9,11,0,0,0,0,0,0
FR_OCC_12,2020-04-27,45,2,99,20,25,20,0,2,50,49,9,11,0,0,0,0,0,0
FR_OCC_12,2020-04-28,42,2,102,20,22,20,0,2,53,49,9,11,3,0,3,0,0,0
FR_OCC_12,2020-04-29,39,2,104,21,20,19,0,2,55,49,9,12,2,1,2,0,0,1
FR_OCC_12,2020-04-30,35,2,108,22,17,18,0,2,58,50,9,13,4,1,3,1,0,1
FR_OCC_12,2020-05-01,30,2,113,22,14,16,0,2,61,52,9,13,5,0,3,2,0,0
FR_OCC_12,2020-05-02,26,2,116,22,13,13,0,2,61,55,9,13,3,0,0,3,0,0
FR_OCC_12,2020-05-03,26,2,116,22,13,13,0,2,61,55,9,13,0,0,0,0,0,0
FR_OCC_12,2020-05-04,26,2,116,22,13,13,0,2,61,55,9,13,0,0,0,0,0,0
FR_OCC_12,2020-05-05,23,2,119,22,11,12,0,2,63,56,9,13,3,0,2,1,0,0
FR_OCC_12,2020-05-06,24,1,120,22,12,12,0,1,64,56,9,13,1,0,1,0,0,0
FR_OCC_12,2020-05-07,24,1,120,22,12,12,0,1,64,56,9,13,0,0,0,0,0,0
FR_OCC_12,2020-05-08,24,1,120,22,12,12,0,1,64,56,9,13,0,0,0,0,0,0
FR_OCC_12,2020-05-09,23,1,121,22,12,11,0,1,64,57,9,13,1,0,0,1,0,0
FR_OCC_12,2020-05-10,23,1,121,22,12,11,0,1,64,57,9,13,0,0,0,0,0,0
FR_OCC_12,2020-05-11,23,1,121,22,12,11,0,1,64,57,9,13,0,0,0,0,0,0
FR_OCC_12,2020-05-12,22,1,122,22,12,10,0,1,64,58,9,13,1,0,0,1,0,0
FR_OCC_12,2020-05-13,23,1,122,22,12,11,0,1,64,58,9,13,0,0,0,0,0,0
FR_OCC_12,2020-05-14,20,1,124,23,11,9,0,1,65,59,9,14,2,1,1,1,0,1
FR_OCC_12,2020-05-15,20,1,124,23,11,9,0,1,65,59,9,14,0,0,0,0,0,0
FR_OCC_12,2020-05-16,16,0,128,23,8,8,0,0,68,60,9,14,4,0,3,1,0,0
FR_OCC_12,2020-05-17,16,0,128,23,8,8,0,0,68,60,9,14,0,0,0,0,0,0
FR_OCC_12,2020-05-18,16,0,128,23,8,8,0,0,68,60,9,14,0,0,0,0,0,0
FR_OCC_12,2020-05-19,16,0,128,23,8,8,0,0,68,60,9,14,0,0,0,0,0,0
FR_OCC_12,2020-05-20,16,0,128,23,8,8,0,0,68,60,9,14,0,0,0,0,0,0
FR_OCC_12,2020-05-21,16,0,128,23,8,8,0,0,68,60,9,14,0,0,0,0,0,0
FR_OCC_12,2020-05-22,13,0,132,23,7,6,0,0,69,63,9,14,4,0,1,3,0,0
FR_OCC_12,2020-05-23,13,0,132,23,7,6,0,0,69,63,9,14,0,0,0,0,0,0
FR_OCC_12,2020-05-24,13,0,132,23,7,6,0,0,69,63,9,14,0,0,0,0,0,0
FR_OCC_12,2020-05-25,13,0,132,23,7,6,0,0,69,63,9,14,0,0,0,0,0,0
FR_OCC_12,2020-05-26,13,0,132,23,7,6,0,0,69,63,9,14,0,0,0,0,0,0
FR_OCC_12,2020-05-27,13,0,132,23,7,6,0,0,69,63,9,14,0,0,0,0,0,0
FR_OCC_12,2020-05-28,11,0,133,24,7,4,0,0,69,64,9,15,1,1,0,1,0,1
FR_OCC_12,2020-05-29,11,0,133,24,7,4,0,0,69,64,9,15,0,0,0,0,0,0
FR_OCC_12,2020-05-30,7,0,137,24,3,4,0,0,73,64,9,15,4,0,4,0,0,0
FR_OCC_12,2020-05-31,7,0,137,24,3,4,0,0,73,64,9,15,0,0,0,0,0,0
FR_OCC_12,2020-06-01,7,0,137,24,3,4,0,0,73,64,9,15,0,0,0,0,0,0
FR_OCC_12,2020-06-02,7,0,137,24,3,4,0,0,73,64,9,15,0,0,0,0,0,0
FR_OCC_12,2020-06-03,7,0,137,24,3,4,0,0,73,64,9,15,0,0,0,0,0,0
FR_OCC_12,2020-06-04,7,0,137,24,3,4,0,0,73,64,9,15,0,0,0,0,0,0
FR_OCC_12,2020-06-05,7,0,137,24,3,4,0,0,73,64,9,15,0,0,0,0,0,0
FR_OCC_12,2020-06-06,7,0,137,24,3,4,0,0,73,64,9,15,0,0,0,0,0,0
FR_OCC_12,2020-06-07,7,0,137,24,3,4,0,0,73,64,9,15,0,0,0,0,0,0
FR_OCC_12,2020-06-08,7,0,137,24,3,4,0,0,73,64,9,15,0,0,0,0,0,0
FR_OCC_12,2020-06-09,7,0,137,24,3,4,0,0,73,64,9,15,0,0,0,0,0,0
FR_OCC_12,2020-06-10,7,0,137,24,3,4,0,0,73,64,9,15,0,0,0,0,0,0
FR_OCC_12,2020-06-11,6,0,138,24,3,3,0,0,73,65,9,15,1,0,0,1,0,0
FR_OCC_12,2020-06-12,6,0,138,24,3,3,0,0,73,65,9,15,0,0,0,0,0,0
FR_OCC_12,2020-06-13,6,0,138,24,3,3,0,0,73,65,9,15,0,0,0,0,0,0
FR_OCC_12,2020-06-14,6,0,138,24,3,3,0,0,73,65,9,15,0,0,0,0,0,0
FR_OCC_12,2020-06-15,1,0,143,24,1,0,0,0,75,68,9,15,5,0,2,3,0,0
FR_OCC_12,2020-06-16,1,0,143,24,1,0,0,0,75,68,9,15,0,0,0,0,0,0
FR_OCC_12,2020-06-17,1,0,143,24,1,0,0,0,75,68,9,15,0,0,0,0,0,0
FR_OCC_12,2020-06-18,1,0,143,24,1,0,0,0,75,68,9,15,0,0,0,0,0,0
FR_OCC_12,2020-06-19,1,0,143,24,1,0,0,0,75,68,9,15,0,0,0,0,0,0
FR_OCC_12,2020-06-20,1,0,143,24,1,0,0,0,75,68,9,15,0,0,0,0,0,0
FR_OCC_12,2020-06-21,1,0,143,24,1,0,0,0,75,68,9,15,0,0,0,0,0,0
FR_OCC_30,2020-03-18,5,3,6,0,0,5,0,3,5,1,0,0,,,,,,
FR_OCC_30,2020-03-19,4,1,7,1,0,4,0,1,5,2,0,1,1,1,0,1,0,1
FR_OCC_30,2020-03-20,8,1,7,1,1,7,0,1,5,2,0,1,0,0,0,0,0,0
FR_OCC_30,2020-03-21,7,1,11,1,1,6,0,1,5,6,0,1,4,0,0,4,0,0
FR_OCC_30,2020-03-22,13,1,10,2,4,9,0,1,5,5,0,2,-1,1,0,-1,0,1
FR_OCC_30,2020-03-23,15,5,11,2,5,10,1,4,5,6,0,2,1,0,0,1,0,0
FR_OCC_30,2020-03-24,14,8,14,4,3,11,1,7,6,8,1,3,3,2,1,2,1,1
FR_OCC_30,2020-03-25,19,10,15,5,3,16,0,10,6,9,1,4,1,1,0,1,0,1
FR_OCC_30,2020-03-26,17,11,17,5,2,15,1,10,7,10,1,4,2,0,1,1,0,0
FR_OCC_30,2020-03-27,25,11,19,6,6,19,1,10,7,12,1,5,2,1,0,2,0,1
FR_OCC_30,2020-03-28,36,14,19,6,10,26,3,11,7,12,1,5,0,0,0,0,0,0
FR_OCC_30,2020-03-29,39,13,19,9,11,28,3,10,7,12,2,7,0,3,0,0,1,2
FR_OCC_30,2020-03-30,44,17,19,9,14,30,6,11,7,12,2,7,0,0,0,0,0,0
FR_OCC_30,2020-03-31,55,20,24,10,21,34,6,14,8,16,2,8,5,1,1,4,0,1
FR_OCC_30,2020-04-01,74,26,25,10,30,44,8,18,9,16,2,8,1,0,1,0,0,0
FR_OCC_30,2020-04-02,74,30,34,11,30,44,7,23,12,22,3,8,9,1,3,6,1,0
FR_OCC_30,2020-04-03,70,30,38,13,28,42,7,23,15,23,3,10,4,2,3,1,0,2
FR_OCC_30,2020-04-04,66,29,41,14,27,39,7,22,16,25,3,11,3,1,1,2,0,1
FR_OCC_30,2020-04-05,89,36,42,14,31,58,8,28,17,25,3,11,1,0,1,0,0,0
FR_OCC_30,2020-04-06,106,41,45,17,39,67,7,34,19,26,4,13,3,3,2,1,1,2
FR_OCC_30,2020-04-07,110,43,56,17,42,68,6,37,22,34,4,13,11,0,3,8,0,0
FR_OCC_30,2020-04-08,104,41,66,21,40,64,6,35,26,40,7,14,10,4,4,6,3,1
FR_OCC_30,2020-04-09,106,41,72,21,42,64,7,34,29,43,7,14,6,0,3,3,0,0
FR_OCC_30,2020-04-10,108,41,83,22,40,68,8,33,35,48,8,14,11,1,6,5,1,0
FR_OCC_30,2020-04-11,97,40,96,23,35,62,8,32,41,55,9,14,13,1,6,7,1,0
FR_OCC_30,2020-04-12,95,40,97,26,35,60,8,32,41,56,11,15,1,3,0,1,2,1
FR_OCC_30,2020-04-13,92,40,99,27,34,58,8,32,41,58,12,15,2,1,0,2,1,0
FR_OCC_30,2020-04-14,97,36,105,28,42,55,8,28,43,62,12,16,6,1,2,4,0,1
FR_OCC_30,2020-04-15,105,36,110,28,47,58,10,26,48,62,12,16,5,0,5,0,0,0
FR_OCC_30,2020-04-16,103,36,125,29,50,53,10,26,53,72,12,17,15,1,5,10,0,1
FR_OCC_30,2020-04-17,121,38,127,32,57,64,11,27,54,73,14,18,2,3,1,1,2,1
FR_OCC_30,2020-04-18,114,36,136,31,53,61,10,26,59,77,13,18,9,-1,5,4,-1,0
FR_OCC_30,2020-04-19,118,37,136,31,55,63,10,27,59,77,13,18,0,0,0,0,0,0
FR_OCC_30,2020-04-20,136,38,142,34,64,72,12,26,62,80,15,19,6,3,3,3,2,1
FR_OCC_30,2020-04-21,147,37,143,36,68,79,12,25,63,80,17,19,1,2,1,0,2,0
FR_OCC_30,2020-04-22,151,37,143,37,69,82,12,25,63,80,17,20,0,1,0,0,0,1
FR_OCC_30,2020-04-23,131,29,162,43,61,70,11,18,72,90,21,22,19,6,9,10,4,2
FR_OCC_30,2020-04-24,126,28,172,46,61,65,11,17,78,94,22,24,10,3,6,4,1,2
FR_OCC_30,2020-04-25,125,27,170,49,62,63,10,17,76,94,23,26,-2,3,-2,0,1,2
FR_OCC_30,2020-04-26,127,27,171,49,63,64,10,17,77,94,23,26,1,0,1,0,0,0
FR_OCC_30,2020-04-27,130,26,175,55,68,62,9,17,77,98,26,29,4,6,0,4,3,3
FR_OCC_30,2020-04-28,128,27,177,55,67,61,9,18,78,99,26,29,2,0,1,1,0,0
FR_OCC_30,2020-04-29,130,27,184,57,68,62,12,15,83,101,27,30,7,2,5,2,1,1
FR_OCC_30,2020-04-30,128,28,187,61,65,63,12,16,86,101,29,32,3,4,3,0,2,2
FR_OCC_30,2020-05-01,128,28,187,61,65,63,12,16,86,101,29,32,0,0,0,0,0,0
FR_OCC_30,2020-05-02,128,26,186,61,66,62,12,14,86,100,29,32,-1,0,0,-1,0,0
FR_OCC_30,2020-05-03,128,26,186,61,66,62,12,14,86,100,29,32,0,0,0,0,0,0
FR_OCC_30,2020-05-04,106,21,200,70,53,53,7,14,93,107,36,34,14,9,7,7,7,2
FR_OCC_30,2020-05-05,114,22,207,72,51,63,6,16,97,110,38,34,7,2,4,3,2,0
FR_OCC_30,2020-05-06,113,22,210,72,50,63,6,16,99,111,38,34,3,0,2,1,0,0
FR_OCC_30,2020-05-07,100,20,226,76,46,54,7,13,106,120,39,37,16,4,7,9,1,3
FR_OCC_30,2020-05-08,97,20,228,77,44,53,7,13,108,120,39,38,2,1,2,0,0,1
FR_OCC_30,2020-05-09,96,20,229,77,43,53,7,13,109,120,39,38,1,0,1,0,0,0
FR_OCC_30,2020-05-10,96,20,229,77,43,53,7,13,109,120,39,38,0,0,0,0,0,0
FR_OCC_30,2020-05-11,98,20,229,77,44,54,7,13,109,120,39,38,0,0,0,0,0,0
FR_OCC_30,2020-05-12,89,15,246,81,42,47,5,10,115,131,41,40,17,4,6,11,2,2
FR_OCC_30,2020-05-13,88,15,248,81,41,47,5,10,117,131,41,40,2,0,2,0,0,0
FR_OCC_30,2020-05-14,84,14,256,82,41,43,4,10,119,137,41,41,8,1,2,6,0,1
FR_OCC_30,2020-05-15,84,14,256,82,41,43,4,10,119,137,41,41,0,0,0,0,0,0
FR_OCC_30,2020-05-16,84,15,256,83,41,43,5,10,119,137,42,41,0,1,0,0,1,0
FR_OCC_30,2020-05-17,84,15,256,83,41,43,5,10,119,137,42,41,0,0,0,0,0,0
FR_OCC_30,2020-05-18,74,16,270,84,36,38,5,11,126,144,42,42,14,1,7,7,0,1
FR_OCC_30,2020-05-19,71,14,270,85,33,38,3,11,126,144,43,42,0,1,0,0,1,0
FR_OCC_30,2020-05-20,69,9,278,88,36,33,1,8,128,150,45,43,8,3,2,6,2,1
FR_OCC_30,2020-05-21,71,9,278,88,36,35,1,8,128,150,45,43,0,0,0,0,0,0
FR_OCC_30,2020-05-22,71,9,278,88,36,35,1,8,128,150,45,43,0,0,0,0,0,0
FR_OCC_30,2020-05-23,69,9,280,88,34,35,1,8,130,150,45,43,2,0,2,0,0,0
FR_OCC_30,2020-05-24,69,9,280,88,34,35,1,8,130,150,45,43,0,0,0,0,0,0
FR_OCC_30,2020-05-25,62,6,285,91,32,30,1,5,133,152,46,45,5,3,3,2,1,2
FR_OCC_30,2020-05-26,73,8,285,92,40,33,2,6,133,152,47,45,0,1,0,0,1,0
FR_OCC_30,2020-05-27,72,8,286,92,40,32,2,6,133,153,47,45,1,0,0,1,0,0
FR_OCC_30,2020-05-28,69,10,290,92,37,32,4,6,137,153,47,45,4,0,4,0,0,0
FR_OCC_30,2020-05-29,69,10,290,92,37,32,4,6,137,153,47,45,0,0,0,0,0,0
FR_OCC_30,2020-05-30,69,10,290,92,37,32,4,6,137,153,47,45,0,0,0,0,0,0
FR_OCC_30,2020-05-31,69,10,290,92,37,32,4,6,137,153,47,45,0,0,0,0,0,0
FR_OCC_30,2020-06-01,69,10,290,92,37,32,4,6,137,153,47,45,0,0,0,0,0,0
FR_OCC_30,2020-06-02,73,6,292,92,38,35,2,4,138,154,47,45,2,0,1,1,0,0
FR_OCC_30,2020-06-03,62,5,303,93,32,30,2,3,144,159,47,46,11,1,6,5,0,1
FR_OCC_30,2020-06-04,63,5,303,93,33,30,2,3,144,159,47,46,0,0,0,0,0,0
FR_OCC_30,2020-06-05,63,5,303,93,33,30,2,3,144,159,47,46,0,0,0,0,0,0
FR_OCC_30,2020-06-06,57,5,309,94,30,27,2,3,147,162,47,47,6,1,3,3,0,1
FR_OCC_30,2020-06-07,57,5,309,94,30,27,2,3,147,162,47,47,0,0,0,0,0,0
FR_OCC_30,2020-06-08,57,5,309,94,30,27,2,3,147,162,47,47,0,0,0,0,0,0
FR_OCC_30,2020-06-09,55,4,312,94,29,26,1,3,148,164,47,47,3,0,1,2,0,0
FR_OCC_30,2020-06-10,53,4,314,94,28,25,1,3,149,165,47,47,2,0,1,1,0,0
FR_OCC_30,2020-06-11,52,3,314,94,28,24,1,2,149,165,47,47,0,0,0,0,0,0
FR_OCC_30,2020-06-12,41,3,324,96,22,19,1,2,155,169,47,49,10,2,6,4,0,2
FR_OCC_30,2020-06-13,41,3,324,96,22,19,1,2,155,169,47,49,0,0,0,0,0,0
FR_OCC_30,2020-06-14,41,3,324,96,22,19,1,2,155,169,47,49,0,0,0,0,0,0
FR_OCC_30,2020-06-15,41,3,324,96,22,19,1,2,155,169,47,49,0,0,0,0,0,0
FR_OCC_30,2020-06-16,28,2,337,96,14,14,1,1,163,174,47,49,13,0,8,5,0,0
FR_OCC_30,2020-06-17,28,2,337,96,14,14,1,1,163,174,47,49,0,0,0,0,0,0
FR_OCC_30,2020-06-18,28,2,337,96,14,14,1,1,163,174,47,49,0,0,0,0,0,0
FR_OCC_30,2020-06-19,28,2,337,96,14,14,1,1,163,174,47,49,0,0,0,0,0,0
FR_OCC_30,2020-06-20,24,2,342,96,11,13,1,1,167,175,47,49,5,0,4,1,0,0
FR_OCC_30,2020-06-21,24,2,342,96,11,13,1,1,167,175,47,49,0,0,0,0,0,0
FR_OCC_31,2020-03-18,23,5,11,0,8,15,1,4,7,4,0,0,,,,,,
FR_OCC_31,2020-03-19,26,6,13,1,8,18,1,5,8,5,1,0,2,1,1,1,1,0
FR_OCC_31,2020-03-20,35,10,16,2,9,26,1,9,10,6,1,1,3,1,2,1,0,1
FR_OCC_31,2020-03-21,51,14,17,2,10,41,1,13,9,8,1,1,1,0,-1,2,0,0
FR_OCC_31,2020-03-22,55,16,23,2,10,45,1,15,12,11,1,1,6,0,3,3,0,0
FR_OCC_31,2020-03-23,71,19,26,2,18,53,3,16,15,11,1,1,3,0,3,0,0,0
FR_OCC_31,2020-03-24,89,28,38,3,27,62,7,21,21,17,1,2,12,1,6,6,0,1
FR_OCC_31,2020-03-25,108,36,44,3,33,75,9,27,25,19,1,2,6,0,4,2,0,0
FR_OCC_31,2020-03-26,139,55,49,3,40,99,11,44,29,20,1,2,5,0,4,1,0,0
FR_OCC_31,2020-03-27,155,56,52,5,47,108,9,47,30,22,1,4,3,2,1,2,0,2
FR_OCC_31,2020-03-28,163,60,61,6,54,109,9,51,33,28,2,4,9,1,3,6,1,0
FR_OCC_31,2020-03-29,184,65,64,7,62,122,10,55,35,29,3,4,3,1,2,1,1,0
FR_OCC_31,2020-03-30,212,77,69,7,67,145,12,65,38,31,3,4,5,0,3,2,0,0
FR_OCC_31,2020-03-31,218,82,90,7,66,152,12,70,52,38,3,4,21,0,14,7,0,0
FR_OCC_31,2020-04-01,216,91,108,11,64,152,15,76,61,47,3,8,18,4,9,9,0,4
FR_OCC_31,2020-04-02,214,95,125,13,68,146,17,78,66,59,3,10,17,2,5,12,0,2
FR_OCC_31,2020-04-03,226,97,136,13,74,152,19,78,73,63,3,10,11,0,7,4,0,0
FR_OCC_31,2020-04-04,226,104,150,14,73,153,20,84,78,72,4,10,14,1,5,9,1,0
FR_OCC_31,2020-04-05,225,101,156,15,71,154,20,81,81,75,4,11,6,1,3,3,0,1
FR_OCC_31,2020-04-06,234,106,161,17,74,160,19,87,82,79,4,13,5,2,1,4,0,2
FR_OCC_31,2020-04-07,229,101,178,19,73,156,16,85,90,88,5,14,17,2,8,9,1,1
FR_OCC_31,2020-04-08,228,107,191,21,70,158,18,89,95,96,5,16,13,2,5,8,0,2
FR_OCC_31,2020-04-09,246,105,213,23,80,166,19,86,104,109,6,17,22,2,9,13,1,1
FR_OCC_31,2020-04-10,249,97,228,26,82,167,14,83,110,118,7,19,15,3,6,9,1,2
FR_OCC_31,2020-04-11,238,97,249,28,80,158,13,84,116,133,9,19,21,2,6,15,2,0
FR_OCC_31,2020-04-12,243,97,258,28,83,160,13,84,120,138,9,19,9,0,4,5,0,0
FR_OCC_31,2020-04-13,242,95,263,28,80,162,13,82,124,139,9,19,5,0,4,1,0,0
FR_OCC_31,2020-04-14,241,98,278,30,82,159,14,84,131,147,10,20,15,2,7,8,1,1
FR_OCC_31,2020-04-15,220,97,306,31,74,146,14,83,142,164,10,21,28,1,11,17,0,1
FR_OCC_31,2020-04-16,210,95,321,31,67,143,12,83,149,172,10,21,15,0,7,8,0,0
FR_OCC_31,2020-04-17,202,92,333,34,62,140,11,81,155,178,12,22,12,3,6,6,2,1
FR_OCC_31,2020-04-18,192,90,347,34,56,136,11,79,164,183,12,22,14,0,9,5,0,0
FR_OCC_31,2020-04-19,191,89,353,36,58,133,13,76,166,187,12,24,6,2,2,4,0,2
FR_OCC_31,2020-04-20,195,86,355,37,62,133,13,73,167,188,12,25,2,1,1,1,0,1
FR_OCC_31,2020-04-21,187,78,372,37,62,125,11,67,174,198,12,25,17,0,7,10,0,0
FR_OCC_31,2020-04-22,176,71,389,39,62,114,10,61,179,210,12,27,17,2,5,12,0,2
FR_OCC_31,2020-04-23,169,70,400,40,58,111,10,60,184,216,12,28,11,1,5,6,0,1
FR_OCC_31,2020-04-24,154,67,417,44,50,104,11,56,192,225,13,31,17,4,8,9,1,3
FR_OCC_31,2020-04-25,149,60,429,45,53,96,11,49,196,233,13,32,12,1,4,8,0,1
FR_OCC_31,2020-04-26,146,58,433,45,51,95,11,47,199,234,13,32,4,0,3,1,0,0
FR_OCC_31,2020-04-27,150,59,433,45,53,97,11,48,199,234,13,32,0,0,0,0,0,0
FR_OCC_31,2020-04-28,138,52,448,47,48,90,9,43,207,241,13,34,15,2,8,7,0,2
FR_OCC_31,2020-04-29,129,45,466,48,45,84,7,38,217,249,13,35,18,1,10,8,0,1
FR_OCC_31,2020-04-30,123,42,472,50,44,79,8,34,219,253,13,37,6,2,2,4,0,2
FR_OCC_31,2020-05-01,121,41,481,50,43,78,8,33,223,258,13,37,9,0,4,5,0,0
FR_OCC_31,2020-05-02,120,41,484,52,42,78,9,32,224,260,14,38,3,2,1,2,1,1
FR_OCC_31,2020-05-03,123,40,484,52,44,79,9,31,224,260,14,38,0,0,0,0,0,0
FR_OCC_31,2020-05-04,121,40,487,53,43,78,9,31,225,262,15,38,3,1,1,2,1,0
FR_OCC_31,2020-05-05,111,38,503,54,39,72,7,31,231,272,16,38,16,1,6,10,1,0
FR_OCC_31,2020-05-06,106,38,509,54,37,69,7,31,233,276,16,38,6,0,2,4,0,0
FR_OCC_31,2020-05-07,107,35,513,56,38,69,7,28,234,279,18,38,4,2,1,3,2,0
FR_OCC_31,2020-05-08,107,37,523,56,32,75,6,31,241,282,18,38,10,0,7,3,0,0
FR_OCC_31,2020-05-09,106,39,525,57,31,75,6,33,241,284,19,38,2,1,0,2,1,0
FR_OCC_31,2020-05-10,110,40,529,57,32,78,6,34,242,287,19,38,4,0,1,3,0,0
FR_OCC_31,2020-05-11,104,40,537,57,29,75,6,34,246,291,19,38,8,0,4,4,0,0
FR_OCC_31,2020-05-12,100,37,541,57,28,72,5,32,247,294,19,38,4,0,1,3,0,0
FR_OCC_31,2020-05-13,98,38,548,58,30,68,6,32,248,300,19,39,7,1,1,6,0,1
FR_OCC_31,2020-05-14,95,34,552,60,32,63,6,28,248,304,20,40,4,2,0,4,1,1
FR_OCC_31,2020-05-15,84,31,560,61,29,55,5,26,250,310,21,40,8,1,2,6,1,0
FR_OCC_31,2020-05-16,80,30,565,61,29,51,4,26,250,315,21,40,5,0,0,5,0,0
FR_OCC_31,2020-05-17,81,30,570,62,30,51,4,26,252,318,22,40,5,1,2,3,1,0
FR_OCC_31,2020-05-18,82,30,570,62,30,52,4,26,252,318,22,40,0,0,0,0,0,0
FR_OCC_31,2020-05-19,81,29,576,62,27,54,4,25,255,321,22,40,6,0,3,3,0,0
FR_OCC_31,2020-05-20,77,26,577,64,25,52,3,23,255,322,24,40,1,2,0,1,2,0
FR_OCC_31,2020-05-21,75,26,581,64,25,50,3,23,255,326,24,40,4,0,0,4,0,0
FR_OCC_31,2020-05-22,73,24,583,64,25,48,3,21,255,328,24,40,2,0,0,2,0,0
FR_OCC_31,2020-05-23,72,23,583,65,24,48,3,20,255,328,25,40,0,1,0,0,1,0
FR_OCC_31,2020-05-24,70,22,584,66,24,46,3,19,255,329,25,41,1,1,0,1,0,1
FR_OCC_31,2020-05-25,70,22,588,66,24,46,4,18,256,332,25,41,4,0,1,3,0,0
FR_OCC_31,2020-05-26,63,18,597,66,21,42,3,15,260,337,25,41,9,0,4,5,0,0
FR_OCC_31,2020-05-27,67,18,597,66,22,45,3,15,260,337,25,41,0,0,0,0,0,0
FR_OCC_31,2020-05-28,62,15,599,68,20,42,2,13,261,338,26,42,2,2,1,1,1,1
FR_OCC_31,2020-05-29,61,13,601,68,20,41,2,11,261,340,26,42,2,0,0,2,0,0
FR_OCC_31,2020-05-30,62,13,601,68,21,41,2,11,261,340,26,42,0,0,0,0,0,0
FR_OCC_31,2020-05-31,57,13,604,70,21,36,2,11,261,343,26,44,3,2,0,3,0,2
FR_OCC_31,2020-06-01,57,12,604,70,21,36,2,10,261,343,26,44,0,0,0,0,0,0
FR_OCC_31,2020-06-02,57,11,605,70,21,36,2,9,261,344,26,44,1,0,0,1,0,0
FR_OCC_31,2020-06-03,52,11,609,71,17,35,2,9,264,345,27,44,4,1,3,1,1,0
FR_OCC_31,2020-06-04,48,9,612,71,16,32,2,7,265,347,27,44,3,0,1,2,0,0
FR_OCC_31,2020-06-05,42,4,615,71,15,27,1,3,266,349,27,44,3,0,1,2,0,0
FR_OCC_31,2020-06-06,43,4,616,71,15,28,1,3,267,349,27,44,1,0,1,0,0,0
FR_OCC_31,2020-06-07,43,4,616,71,15,28,1,3,267,349,27,44,0,0,0,0,0,0
FR_OCC_31,2020-06-08,43,4,616,71,15,28,1,3,267,349,27,44,0,0,0,0,0,0
FR_OCC_31,2020-06-09,43,4,617,71,15,28,1,3,267,350,27,44,1,0,0,1,0,0
FR_OCC_31,2020-06-10,43,4,618,71,16,27,1,3,267,351,27,44,1,0,0,1,0,0
FR_OCC_31,2020-06-11,43,5,619,71,16,27,1,4,267,352,27,44,1,0,0,1,0,0
FR_OCC_31,2020-06-12,43,5,619,71,16,27,1,4,267,352,27,44,0,0,0,0,0,0
FR_OCC_31,2020-06-13,43,4,621,71,16,27,0,4,268,353,27,44,2,0,1,1,0,0
FR_OCC_31,2020-06-14,44,4,622,71,16,28,0,4,269,353,27,44,1,0,1,0,0,0
FR_OCC_31,2020-06-15,45,4,622,71,17,28,0,4,269,353,27,44,0,0,0,0,0,0
FR_OCC_31,2020-06-16,43,4,625,71,18,25,0,4,269,356,27,44,3,0,0,3,0,0
FR_OCC_31,2020-06-17,42,4,626,71,18,24,0,4,269,357,27,44,1,0,0,1,0,0
FR_OCC_31,2020-06-18,41,4,627,71,17,24,0,4,270,357,27,44,1,0,1,0,0,0
FR_OCC_31,2020-06-19,41,4,627,71,17,24,0,4,270,357,27,44,0,0,0,0,0,0
FR_OCC_31,2020-06-20,41,3,628,71,17,24,0,3,270,358,27,44,1,0,0,1,0,0
FR_OCC_31,2020-06-21,39,3,632,71,15,24,0,3,274,358,27,44,4,0,4,0,0,0
FR_OCC_32,2020-03-18,1,1,0,0,0,1,0,1,0,0,0,0,,,,,,
FR_OCC_32,2020-03-19,3,3,0,0,0,3,0,3,0,0,0,0,0,0,0,0,0,0
FR_OCC_32,2020-03-20,3,3,0,0,0,3,0,3,0,0,0,0,0,0,0,0,0,0
FR_OCC_32,2020-03-21,4,3,0,0,0,4,0,3,0,0,0,0,0,0,0,0,0,0
FR_OCC_32,2020-03-22,4,3,0,0,0,4,0,3,0,0,0,0,0,0,0,0,0,0
FR_OCC_32,2020-03-23,5,3,0,0,1,4,0,3,0,0,0,0,0,0,0,0,0,0
FR_OCC_32,2020-03-24,8,3,0,0,1,7,0,3,0,0,0,0,0,0,0,0,0,0
FR_OCC_32,2020-03-25,11,3,0,0,1,10,0,3,0,0,0,0,0,0,0,0,0,0
FR_OCC_32,2020-03-26,10,3,1,0,1,9,0,3,0,1,0,0,1,0,0,1,0,0
FR_OCC_32,2020-03-27,15,4,1,0,1,14,0,4,0,1,0,0,0,0,0,0,0,0
FR_OCC_32,2020-03-28,16,4,1,0,1,15,0,4,0,1,0,0,0,0,0,0,0,0
FR_OCC_32,2020-03-29,20,4,1,0,3,17,0,4,0,1,0,0,0,0,0,0,0,0
FR_OCC_32,2020-03-30,19,4,1,1,3,16,0,4,0,1,0,1,0,1,0,0,0,1
FR_OCC_32,2020-03-31,19,4,3,2,4,15,0,4,1,2,0,2,2,1,1,1,0,1
FR_OCC_32,2020-04-01,25,4,4,3,6,19,0,4,1,3,0,3,1,1,0,1,0,1
FR_OCC_32,2020-04-02,27,5,6,3,8,19,0,5,2,4,0,3,2,0,1,1,0,0
FR_OCC_32,2020-04-03,27,5,6,5,7,20,0,5,2,4,1,4,0,2,0,0,1,1
FR_OCC_32,2020-04-04,27,5,7,7,8,19,0,5,2,5,2,5,1,2,0,1,1,1
FR_OCC_32,2020-04-05,29,5,7,7,10,19,0,5,2,5,2,5,0,0,0,0,0,0
FR_OCC_32,2020-04-06,28,5,8,7,9,19,0,5,3,5,2,5,1,0,1,0,0,0
FR_OCC_32,2020-04-07,26,5,13,8,10,16,0,5,5,8,2,6,5,1,2,3,0,1
FR_OCC_32,2020-04-08,29,4,14,8,12,17,0,4,5,9,2,6,1,0,0,1,0,0
FR_OCC_32,2020-04-09,28,5,16,8,13,15,1,4,5,11,2,6,2,0,0,2,0,0
FR_OCC_32,2020-04-10,25,4,20,8,13,12,1,3,6,14,2,6,4,0,1,3,0,0
FR_OCC_32,2020-04-11,23,4,21,9,12,11,1,3,6,15,3,6,1,1,0,1,1,0
FR_OCC_32,2020-04-12,28,4,21,9,16,12,1,3,6,15,3,6,0,0,0,0,0,0
FR_OCC_32,2020-04-13,31,4,21,9,17,14,1,3,6,15,3,6,0,0,0,0,0,0
FR_OCC_32,2020-04-14,32,3,22,10,17,15,0,3,7,15,4,6,1,1,1,0,1,0
FR_OCC_32,2020-04-15,31,3,27,10,14,17,0,3,10,17,4,6,5,0,3,2,0,0
FR_OCC_32,2020-04-16,32,3,29,10,15,17,0,3,10,19,4,6,2,0,0,2,0,0
FR_OCC_32,2020-04-17,41,3,23,10,20,21,1,2,7,16,4,6,-6,0,-3,-3,0,0
FR_OCC_32,2020-04-18,42,3,23,11,20,22,1,2,7,16,4,7,0,1,0,0,0,1
FR_OCC_32,2020-04-19,45,3,23,11,21,24,1,2,7,16,4,7,0,0,0,0,0,0
FR_OCC_32,2020-04-20,52,5,24,11,24,28,1,4,8,16,4,7,1,0,1,0,0,0
FR_OCC_32,2020-04-21,50,5,27,13,22,28,1,4,10,17,5,8,3,2,2,1,1,1
FR_OCC_32,2020-04-22,52,6,27,13,24,28,2,4,10,17,5,8,0,0,0,0,0,0
FR_OCC_32,2020-04-23,49,5,30,16,25,24,1,4,10,20,6,10,3,3,0,3,1,2
FR_OCC_32,2020-04-24,37,6,43,16,17,20,1,5,18,25,6,10,13,0,8,5,0,0
FR_OCC_32,2020-04-25,34,6,46,16,15,19,1,5,20,26,6,10,3,0,2,1,0,0
FR_OCC_32,2020-04-26,42,6,46,16,18,24,1,5,20,26,6,10,0,0,0,0,0,0
FR_OCC_32,2020-04-27,41,5,47,17,20,21,1,4,20,27,6,11,1,1,0,1,0,1
FR_OCC_32,2020-04-28,40,5,47,17,19,21,1,4,20,27,6,11,0,0,0,0,0,0
FR_OCC_32,2020-04-29,35,4,48,18,16,19,0,4,21,27,6,12,1,1,1,0,0,1
FR_OCC_32,2020-04-30,29,4,49,17,14,15,0,4,22,27,6,11,1,-1,1,0,0,-1
FR_OCC_32,2020-05-01,26,4,52,17,13,13,0,4,23,29,6,11,3,0,1,2,0,0
FR_OCC_32,2020-05-02,27,4,51,17,13,14,0,4,23,28,6,11,-1,0,0,-1,0,0
FR_OCC_32,2020-05-03,28,4,51,17,14,14,0,4,23,28,6,11,0,0,0,0,0,0
FR_OCC_32,2020-05-04,27,3,52,19,13,14,0,3,23,29,7,12,1,2,0,1,1,1
FR_OCC_32,2020-05-05,28,3,60,19,13,15,0,3,28,32,7,12,8,0,5,3,0,0
FR_OCC_32,2020-05-06,23,2,62,20,11,12,0,2,29,33,7,13,2,1,1,1,0,1
FR_OCC_32,2020-05-07,22,2,62,21,11,11,0,2,29,33,7,14,0,1,0,0,0,1
FR_OCC_32,2020-05-08,20,3,64,22,9,11,0,3,30,34,8,14,2,1,1,1,1,0
FR_OCC_32,2020-05-09,20,3,64,22,9,11,0,3,30,34,8,14,0,0,0,0,0,0
FR_OCC_32,2020-05-10,20,3,64,22,9,11,0,3,30,34,8,14,0,0,0,0,0,0
FR_OCC_32,2020-05-11,20,2,66,22,10,10,0,2,30,36,8,14,2,0,0,2,0,0
FR_OCC_32,2020-05-12,21,2,66,22,11,10,0,2,30,36,8,14,0,0,0,0,0,0
FR_OCC_32,2020-05-13,18,2,69,22,11,7,0,2,30,39,8,14,3,0,0,3,0,0
FR_OCC_32,2020-05-14,13,2,74,22,8,5,0,2,33,41,8,14,5,0,3,2,0,0
FR_OCC_32,2020-05-15,12,2,75,23,8,4,0,2,33,42,9,14,1,1,0,1,1,0
FR_OCC_32,2020-05-16,14,2,75,23,8,6,0,2,33,42,9,14,0,0,0,0,0,0
FR_OCC_32,2020-05-17,14,2,75,23,8,6,0,2,33,42,9,14,0,0,0,0,0,0
FR_OCC_32,2020-05-18,11,2,76,23,7,4,0,2,34,42,9,14,1,0,1,0,0,0
FR_OCC_32,2020-05-19,8,2,79,23,5,3,0,2,36,43,9,14,3,0,2,1,0,0
FR_OCC_32,2020-05-20,8,2,79,23,5,3,0,2,36,43,9,14,0,0,0,0,0,0
FR_OCC_32,2020-05-21,9,2,79,23,5,4,0,2,36,43,9,14,0,0,0,0,0,0
FR_OCC_32,2020-05-22,9,2,79,23,5,4,0,2,36,43,9,14,0,0,0,0,0,0
FR_OCC_32,2020-05-23,9,2,79,23,5,4,0,2,36,43,9,14,0,0,0,0,0,0
FR_OCC_32,2020-05-24,9,2,79,23,5,4,0,2,36,43,9,14,0,0,0,0,0,0
FR_OCC_32,2020-05-25,9,2,79,23,5,4,0,2,36,43,9,14,0,0,0,0,0,0
FR_OCC_32,2020-05-26,10,2,79,23,5,5,0,2,36,43,9,14,0,0,0,0,0,0
FR_OCC_32,2020-05-27,5,2,83,23,1,4,0,2,39,44,9,14,4,0,3,1,0,0
FR_OCC_32,2020-05-28,5,1,83,23,1,4,0,1,39,44,9,14,0,0,0,0,0,0
FR_OCC_32,2020-05-29,5,1,83,23,1,4,0,1,39,44,9,14,0,0,0,0,0,0
FR_OCC_32,2020-05-30,5,1,83,23,1,4,0,1,39,44,9,14,0,0,0,0,0,0
FR_OCC_32,2020-05-31,5,1,83,23,1,4,0,1,39,44,9,14,0,0,0,0,0,0
FR_OCC_32,2020-06-01,5,1,83,23,1,4,0,1,39,44,9,14,0,0,0,0,0,0
FR_OCC_32,2020-06-02,5,1,83,23,1,4,0,1,39,44,9,14,0,0,0,0,0,0
FR_OCC_32,2020-06-03,5,1,83,23,1,4,0,1,39,44,9,14,0,0,0,0,0,0
FR_OCC_32,2020-06-04,4,1,84,23,1,3,0,1,39,45,9,14,1,0,0,1,0,0
FR_OCC_32,2020-06-05,4,1,84,23,1,3,0,1,39,45,9,14,0,0,0,0,0,0
FR_OCC_32,2020-06-06,4,1,84,23,1,3,0,1,39,45,9,14,0,0,0,0,0,0
FR_OCC_32,2020-06-07,4,1,84,23,1,3,0,1,39,45,9,14,0,0,0,0,0,0
FR_OCC_32,2020-06-08,4,1,84,23,1,3,0,1,39,45,9,14,0,0,0,0,0,0
FR_OCC_32,2020-06-09,4,1,84,23,1,3,0,1,39,45,9,14,0,0,0,0,0,0
FR_OCC_32,2020-06-10,3,1,85,23,1,2,0,1,39,46,9,14,1,0,0,1,0,0
FR_OCC_32,2020-06-11,3,1,85,23,1,2,0,1,39,46,9,14,0,0,0,0,0,0
FR_OCC_32,2020-06-12,3,1,85,23,1,2,0,1,39,46,9,14,0,0,0,0,0,0
FR_OCC_32,2020-06-13,3,1,85,23,1,2,0,1,39,46,9,14,0,0,0,0,0,0
FR_OCC_32,2020-06-14,3,1,85,23,1,2,0,1,39,46,9,14,0,0,0,0,0,0
FR_OCC_32,2020-06-15,3,1,85,23,1,2,0,1,39,46,9,14,0,0,0,0,0,0
FR_OCC_32,2020-06-16,3,1,85,23,1,2,0,1,39,46,9,14,0,0,0,0,0,0
FR_OCC_32,2020-06-17,2,1,86,23,0,2,0,1,40,46,9,14,1,0,1,0,0,0
FR_OCC_32,2020-06-18,2,1,86,23,0,2,0,1,40,46,9,14,0,0,0,0,0,0
FR_OCC_32,2020-06-19,2,1,86,23,0,2,0,1,40,46,9,14,0,0,0,0,0,0
FR_OCC_32,2020-06-20,2,1,86,23,0,2,0,1,40,46,9,14,0,0,0,0,0,0
FR_OCC_32,2020-06-21,2,1,86,23,0,2,0,1,40,46,9,14,0,0,0,0,0,0
FR_OCC_34,2020-03-18,36,14,18,2,18,18,7,7,9,9,1,1,,,,,,
FR_OCC_34,2020-03-19,49,18,21,4,23,26,7,11,10,11,2,2,3,2,1,2,1,1
FR_OCC_34,2020-03-20,60,21,24,4,30,30,9,12,13,11,3,1,3,0,3,0,1,-1
FR_OCC_34,2020-03-21,65,22,33,4,30,35,10,12,17,16,3,1,9,0,4,5,0,0
FR_OCC_34,2020-03-22,66,22,38,4,33,33,10,12,19,19,3,1,5,0,2,3,0,0
FR_OCC_34,2020-03-23,81,29,42,9,39,42,12,17,19,23,7,2,4,5,0,4,4,1
FR_OCC_34,2020-03-24,98,34,49,10,47,51,12,22,25,24,7,3,7,1,6,1,0,1
FR_OCC_34,2020-03-25,135,36,54,13,65,70,12,24,29,25,8,5,5,3,4,1,1,2
FR_OCC_34,2020-03-26,152,37,70,16,67,85,11,26,42,28,9,7,16,3,13,3,1,2
FR_OCC_34,2020-03-27,177,43,81,18,74,103,13,30,48,33,10,8,11,2,6,5,1,1
FR_OCC_34,2020-03-28,201,51,93,21,83,118,15,36,55,38,12,9,12,3,7,5,2,1
FR_OCC_34,2020-03-29,234,58,95,23,100,134,17,41,56,39,12,11,2,2,1,1,0,2
FR_OCC_34,2020-03-30,242,67,109,24,106,136,18,49,60,49,13,11,14,1,4,10,1,0
FR_OCC_34,2020-03-31,236,69,145,29,95,141,16,53,83,62,14,15,36,5,23,13,1,4
FR_OCC_34,2020-04-01,238,76,169,35,95,143,18,58,94,75,17,18,24,6,11,13,3,3
FR_OCC_34,2020-04-02,245,78,186,39,102,143,18,60,104,82,17,22,17,4,10,7,0,4
FR_OCC_34,2020-04-03,264,80,201,43,107,157,16,64,114,87,19,24,15,4,10,5,2,2
FR_OCC_34,2020-04-04,252,77,216,51,97,155,13,64,122,94,23,28,15,8,8,7,4,4
FR_OCC_34,2020-04-05,255,71,229,52,102,153,13,58,129,100,23,29,13,1,7,6,0,1
FR_OCC_34,2020-04-06,264,70,241,54,107,157,14,56,139,102,23,31,12,2,10,2,0,2
FR_OCC_34,2020-04-07,252,70,271,57,100,152,14,56,158,113,23,34,30,3,19,11,0,3
FR_OCC_34,2020-04-08,238,69,298,60,97,141,15,54,171,127,23,37,27,3,13,14,0,3
FR_OCC_34,2020-04-09,223,66,323,62,90,133,14,52,186,137,23,39,25,2,15,10,0,2
FR_OCC_34,2020-04-10,211,67,348,70,88,123,17,50,195,153,26,44,25,8,9,16,3,5
FR_OCC_34,2020-04-11,182,56,374,74,76,106,14,42,207,167,28,46,26,4,12,14,2,2
FR_OCC_34,2020-04-12,177,56,380,74,75,102,14,42,208,172,28,46,6,0,1,5,0,0
FR_OCC_34,2020-04-13,189,56,384,76,82,107,17,39,209,175,28,48,4,2,1,3,0,2
FR_OCC_34,2020-04-14,183,55,391,83,79,104,13,42,211,180,32,51,7,7,2,5,4,3
FR_OCC_34,2020-04-15,171,53,407,88,72,99,12,41,218,189,37,51,16,5,7,9,5,0
FR_OCC_34,2020-04-16,154,48,427,89,62,92,11,37,230,197,38,51,20,1,12,8,1,0
FR_OCC_34,2020-04-17,148,44,441,89,64,84,11,33,232,209,38,51,14,0,2,12,0,0
FR_OCC_34,2020-04-18,162,46,461,90,81,81,12,34,234,227,38,52,20,1,2,18,0,1
FR_OCC_34,2020-04-19,169,48,460,90,83,86,12,36,233,227,38,52,-1,0,-1,0,0,0
FR_OCC_34,2020-04-20,158,45,469,94,79,79,14,31,236,233,38,56,9,4,3,6,0,4
FR_OCC_34,2020-04-21,148,41,479,96,75,73,11,30,239,240,40,56,10,2,3,7,2,0
FR_OCC_34,2020-04-22,142,38,487,96,72,70,12,26,243,244,40,56,8,0,4,4,0,0
FR_OCC_34,2020-04-23,134,40,495,97,68,66,11,29,248,247,40,57,8,1,5,3,0,1
FR_OCC_34,2020-04-24,123,39,507,98,61,62,9,30,256,251,41,57,12,1,8,4,1,0
FR_OCC_34,2020-04-25,120,35,515,98,60,60,8,27,261,254,41,57,8,0,5,3,0,0
FR_OCC_34,2020-04-26,121,35,515,98,60,61,8,27,261,254,41,57,0,0,0,0,0,0
FR_OCC_34,2020-04-27,119,34,517,99,61,58,8,26,262,255,42,57,2,1,1,1,1,0
FR_OCC_34,2020-04-28,121,35,520,100,61,60,8,27,263,257,42,58,3,1,1,2,0,1
FR_OCC_34,2020-04-29,110,32,539,103,59,51,7,25,269,270,43,60,19,3,6,13,1,2
FR_OCC_34,2020-04-30,114,33,542,104,60,54,7,26,271,271,44,60,3,1,2,1,1,0
FR_OCC_34,2020-05-01,108,33,549,104,57,51,7,26,274,275,44,60,7,0,3,4,0,0
FR_OCC_34,2020-05-02,105,30,549,107,55,50,6,24,274,275,46,61,0,3,0,0,2,1
FR_OCC_34,2020-05-03,105,29,549,107,55,50,5,24,274,275,46,61,0,0,0,0,0,0
FR_OCC_34,2020-05-04,102,26,555,107,51,51,4,22,278,277,46,61,6,0,4,2,0,0
FR_OCC_34,2020-05-05,94,24,561,113,47,47,3,21,282,279,48,65,6,6,4,2,2,4
FR_OCC_34,2020-05-06,88,22,569,114,43,45,3,19,287,282,49,65,8,1,5,3,1,0
FR_OCC_34,2020-05-07,79,21,574,114,41,38,3,18,289,285,49,65,5,0,2,3,0,0
FR_OCC_34,2020-05-08,65,21,590,114,32,33,3,18,298,292,49,65,16,0,9,7,0,0
FR_OCC_34,2020-05-09,65,20,592,114,32,33,3,17,300,292,49,65,2,0,2,0,0,0
FR_OCC_34,2020-05-10,64,19,593,114,31,33,3,16,301,292,49,65,1,0,1,0,0,0
FR_OCC_34,2020-05-11,65,19,595,115,31,34,3,16,302,293,50,65,2,1,1,1,1,0
FR_OCC_34,2020-05-12,58,18,602,115,25,33,4,14,308,294,50,65,7,0,6,1,0,0
FR_OCC_34,2020-05-13,55,19,609,115,27,28,6,13,310,299,50,65,7,0,2,5,0,0
FR_OCC_34,2020-05-14,47,18,617,116,24,23,5,13,314,303,50,66,8,1,4,4,0,1
FR_OCC_34,2020-05-15,46,16,621,116,23,23,4,12,317,304,50,66,4,0,3,1,0,0
FR_OCC_34,2020-05-16,42,16,625,116,20,22,4,12,320,305,50,66,4,0,3,1,0,0
FR_OCC_34,2020-05-17,41,16,626,116,20,21,4,12,320,306,50,66,1,0,0,1,0,0
FR_OCC_34,2020-05-18,41,17,629,117,21,20,4,13,322,307,50,67,3,1,2,1,0,1
FR_OCC_34,2020-05-19,37,15,633,115,19,18,3,12,325,308,49,66,4,-2,3,1,-1,-1
FR_OCC_34,2020-05-20,38,14,636,116,18,20,3,11,326,310,50,66,3,1,1,2,1,0
FR_OCC_34,2020-05-21,37,13,637,116,18,19,3,10,326,311,50,66,1,0,0,1,0,0
FR_OCC_34,2020-05-22,46,11,636,117,20,26,3,8,325,311,50,67,-1,1,-1,0,0,1
FR_OCC_34,2020-05-23,44,11,637,117,18,26,3,8,326,311,50,67,1,0,1,0,0,0
FR_OCC_34,2020-05-24,45,11,637,117,19,26,3,8,326,311,50,67,0,0,0,0,0,0
FR_OCC_34,2020-05-25,41,11,644,117,18,23,3,8,329,315,50,67,7,0,3,4,0,0
FR_OCC_34,2020-05-26,38,12,647,118,17,21,3,9,330,317,51,67,3,1,1,2,1,0
FR_OCC_34,2020-05-27,40,12,649,118,16,24,3,9,332,317,51,67,2,0,2,0,0,0
FR_OCC_34,2020-05-28,37,11,652,118,15,22,3,8,333,319,51,67,3,0,1,2,0,0
FR_OCC_34,2020-05-29,37,11,654,118,14,23,3,8,335,319,51,67,2,0,2,0,0,0
FR_OCC_34,2020-05-30,33,10,665,118,13,20,3,7,336,329,51,67,11,0,1,10,0,0
FR_OCC_34,2020-05-31,33,10,665,118,13,20,3,7,336,329,51,67,0,0,0,0,0,0
FR_OCC_34,2020-06-01,33,10,665,118,13,20,3,7,336,329,51,67,0,0,0,0,0,0
FR_OCC_34,2020-06-02,34,10,665,118,14,20,3,7,335,330,51,67,0,0,-1,1,0,0
FR_OCC_34,2020-06-03,37,10,663,118,15,22,3,7,334,329,51,67,-2,0,-1,-1,0,0
FR_OCC_34,2020-06-04,37,10,663,118,15,22,3,7,334,329,51,67,0,0,0,0,0,0
FR_OCC_34,2020-06-05,26,3,672,119,9,17,1,2,337,335,51,68,9,1,3,6,0,1
FR_OCC_34,2020-06-06,26,3,672,119,9,17,1,2,337,335,51,68,0,0,0,0,0,0
FR_OCC_34,2020-06-07,26,3,672,119,9,17,1,2,337,335,51,68,0,0,0,0,0,0
FR_OCC_34,2020-06-08,23,3,678,119,7,16,1,2,340,338,51,68,6,0,3,3,0,0
FR_OCC_34,2020-06-09,23,3,681,119,6,17,1,2,342,339,51,68,3,0,2,1,0,0
FR_OCC_34,2020-06-10,16,3,688,119,5,11,1,2,343,345,51,68,7,0,1,6,0,0
FR_OCC_34,2020-06-11,16,2,688,120,4,12,0,2,343,345,52,68,0,1,0,0,1,0
FR_OCC_34,2020-06-12,16,2,689,120,4,12,0,2,343,346,52,68,1,0,0,1,0,0
FR_OCC_34,2020-06-13,17,2,688,120,4,13,0,2,343,345,52,68,-1,0,0,-1,0,0
FR_OCC_34,2020-06-14,15,2,690,120,3,12,0,2,344,346,52,68,2,0,1,1,0,0
FR_OCC_34,2020-06-15,13,2,691,121,2,11,0,2,345,346,52,69,1,1,1,0,0,1
FR_OCC_34,2020-06-16,13,1,691,121,2,11,0,1,345,346,52,69,0,0,0,0,0,0
FR_OCC_34,2020-06-17,13,1,691,121,2,11,0,1,345,346,52,69,0,0,0,0,0,0
FR_OCC_34,2020-06-18,12,1,691,121,2,10,0,1,345,346,52,69,0,0,0,0,0,0
FR_OCC_34,2020-06-19,11,1,692,121,2,9,0,1,345,347,52,69,1,0,0,1,0,0
FR_OCC_34,2020-06-20,11,1,692,121,2,9,0,1,345,347,52,69,0,0,0,0,0,0
FR_OCC_34,2020-06-21,11,1,692,121,2,9,0,1,345,347,52,69,0,0,0,0,0,0
FR_OCC_46,2020-03-18,0,0,1,0,0,0,0,0,1,0,0,0,,,,,,
FR_OCC_46,2020-03-19,0,0,1,0,0,0,0,0,1,0,0,0,0,0,0,0,0,0
FR_OCC_46,2020-03-20,0,0,2,0,0,0,0,0,1,1,0,0,1,0,0,1,0,0
FR_OCC_46,2020-03-21,1,0,5,0,0,1,0,0,2,3,0,0,3,0,1,2,0,0
FR_OCC_46,2020-03-22,1,0,5,0,0,1,0,0,2,3,0,0,0,0,0,0,0,0
FR_OCC_46,2020-03-23,2,0,4,0,0,2,0,0,2,2,0,0,-1,0,0,-1,0,0
FR_OCC_46,2020-03-24,2,0,4,0,0,2,0,0,2,2,0,0,0,0,0,0,0,0
FR_OCC_46,2020-03-25,3,1,4,0,0,3,0,1,2,2,0,0,0,0,0,0,0,0
FR_OCC_46,2020-03-26,3,1,5,0,0,3,0,1,2,3,0,0,1,0,0,1,0,0
FR_OCC_46,2020-03-27,3,1,5,0,0,3,0,1,2,3,0,0,0,0,0,0,0,0
FR_OCC_46,2020-03-28,3,1,5,0,0,3,0,1,2,3,0,0,0,0,0,0,0,0
FR_OCC_46,2020-03-29,5,2,7,0,3,2,0,2,2,5,0,0,2,0,0,2,0,0
FR_OCC_46,2020-03-30,5,2,7,0,3,2,0,2,2,5,0,0,0,0,0,0,0,0
FR_OCC_46,2020-03-31,5,2,7,0,3,2,0,2,2,5,0,0,0,0,0,0,0,0
FR_OCC_46,2020-04-01,8,3,13,0,3,5,0,3,6,7,0,0,6,0,4,2,0,0
FR_OCC_46,2020-04-02,13,6,14,0,6,7,2,4,7,7,0,0,1,0,1,0,0,0
FR_OCC_46,2020-04-03,19,4,17,0,7,12,1,3,10,7,0,0,3,0,3,0,0,0
FR_OCC_46,2020-04-04,17,4,19,0,7,10,1,3,10,9,0,0,2,0,0,2,0,0
FR_OCC_46,2020-04-05,15,5,22,0,5,10,1,4,12,10,0,0,3,0,2,1,0,0
FR_OCC_46,2020-04-06,19,8,28,0,7,12,2,6,14,14,0,0,6,0,2,4,0,0
FR_OCC_46,2020-04-07,19,8,33,0,8,11,2,6,17,16,0,0,5,0,3,2,0,0
FR_OCC_46,2020-04-08,17,9,39,1,7,10,3,6,22,17,1,0,6,1,5,1,1,0
FR_OCC_46,2020-04-09,20,9,43,1,8,12,3,6,25,18,1,0,4,0,3,1,0,0
FR_OCC_46,2020-04-10,18,8,49,2,7,11,3,5,31,18,1,1,6,1,6,0,0,1
FR_OCC_46,2020-04-11,20,10,53,2,7,13,4,6,32,21,1,1,4,0,1,3,0,0
FR_OCC_46,2020-04-12,20,10,53,2,7,13,4,6,32,21,1,1,0,0,0,0,0,0
FR_OCC_46,2020-04-13,20,10,53,2,7,13,4,6,32,21,1,1,0,0,0,0,0,0
FR_OCC_46,2020-04-14,24,9,52,4,9,15,4,5,31,21,3,1,-1,2,-1,0,2,0
FR_OCC_46,2020-04-15,22,8,55,6,9,13,3,5,32,23,4,2,3,2,1,2,1,1
FR_OCC_46,2020-04-16,23,8,56,6,10,13,3,5,32,24,4,2,1,0,0,1,0,0
FR_OCC_46,2020-04-17,22,7,64,7,11,11,3,4,38,26,5,2,8,1,6,2,1,0
FR_OCC_46,2020-04-18,22,7,90,7,11,11,3,4,57,33,5,2,26,0,19,7,0,0
FR_OCC_46,2020-04-19,23,7,92,8,12,11,3,4,58,34,6,2,2,1,1,1,1,0
FR_OCC_46,2020-04-20,24,8,105,11,13,11,4,4,68,37,7,4,13,3,10,3,1,2
FR_OCC_46,2020-04-21,26,9,108,13,13,13,4,5,69,39,9,4,3,2,1,2,2,0
FR_OCC_46,2020-04-22,26,9,110,14,12,14,4,5,71,39,9,5,2,1,2,0,0,1
FR_OCC_46,2020-04-23,24,8,113,14,11,13,3,5,73,40,9,5,3,0,2,1,0,0
FR_OCC_46,2020-04-24,23,5,123,15,11,12,1,4,80,43,9,6,10,1,7,3,0,1
FR_OCC_46,2020-04-25,23,5,123,15,11,12,1,4,80,43,9,6,0,0,0,0,0,0
FR_OCC_46,2020-04-26,23,5,123,15,11,12,1,4,80,43,9,6,0,0,0,0,0,0
FR_OCC_46,2020-04-27,22,3,125,15,11,11,1,2,81,44,8,7,2,0,1,1,-1,1
FR_OCC_46,2020-04-28,18,2,129,16,9,9,1,1,85,44,8,8,4,1,4,0,0,1
FR_OCC_46,2020-04-29,15,2,132,16,8,7,1,1,86,46,8,8,3,0,1,2,0,0
FR_OCC_46,2020-04-30,14,1,120,16,8,6,0,1,74,46,8,8,-12,0,-12,0,0,0
FR_OCC_46,2020-05-01,16,1,50,10,10,6,0,1,22,28,5,5,-70,-6,-52,-18,-3,-3
FR_OCC_46,2020-05-02,15,1,50,19,10,5,0,1,22,28,11,8,0,9,0,0,6,3
FR_OCC_46,2020-05-03,15,1,50,19,10,5,0,1,22,28,11,8,0,0,0,0,0,0
FR_OCC_46,2020-05-04,15,1,50,19,10,5,0,1,22,28,11,8,0,0,0,0,0,0
FR_OCC_46,2020-05-05,12,1,53,19,8,4,0,1,24,29,11,8,3,0,2,1,0,0
FR_OCC_46,2020-05-06,12,1,54,20,8,4,0,1,24,30,11,9,1,1,0,1,0,1
FR_OCC_46,2020-05-07,13,1,54,20,9,4,0,1,24,30,11,9,0,0,0,0,0,0
FR_OCC_46,2020-05-08,13,0,54,20,9,4,0,0,24,30,11,9,0,0,0,0,0,0
FR_OCC_46,2020-05-09,13,0,54,20,9,4,0,0,24,30,11,9,0,0,0,0,0,0
FR_OCC_46,2020-05-10,13,0,54,20,9,4,0,0,24,30,11,9,0,0,0,0,0,0
FR_OCC_46,2020-05-11,13,0,55,20,10,3,0,0,24,31,11,9,1,0,0,1,0,0
FR_OCC_46,2020-05-12,13,0,55,20,10,3,0,0,24,31,11,9,0,0,0,0,0,0
FR_OCC_46,2020-05-13,12,0,58,20,10,2,0,0,26,32,11,9,3,0,2,1,0,0
FR_OCC_46,2020-05-14,12,0,58,20,10,2,0,0,26,32,11,9,0,0,0,0,0,0
FR_OCC_46,2020-05-15,10,0,60,20,9,1,0,0,27,33,11,9,2,0,1,1,0,0
FR_OCC_46,2020-05-16,10,0,60,20,9,1,0,0,27,33,11,9,0,0,0,0,0,0
FR_OCC_46,2020-05-17,10,0,60,20,9,1,0,0,27,33,11,9,0,0,0,0,0,0
FR_OCC_46,2020-05-18,12,1,60,20,10,2,1,0,27,33,11,9,0,0,0,0,0,0
FR_OCC_46,2020-05-19,12,1,60,20,10,2,1,0,27,33,11,9,0,0,0,0,0,0
FR_OCC_46,2020-05-20,12,1,60,20,10,2,1,0,27,33,11,9,0,0,0,0,0,0
FR_OCC_46,2020-05-21,9,1,62,21,7,2,1,0,29,33,12,9,2,1,2,0,1,0
FR_OCC_46,2020-05-22,8,1,62,22,7,1,1,0,29,33,12,10,0,1,0,0,0,1
FR_OCC_46,2020-05-23,7,1,63,22,6,1,1,0,30,33,12,10,1,0,1,0,0,0
FR_OCC_46,2020-05-24,9,1,63,22,7,2,1,0,30,33,12,10,0,0,0,0,0,0
FR_OCC_46,2020-05-25,9,1,63,22,7,2,1,0,30,33,12,10,0,0,0,0,0,0
FR_OCC_46,2020-05-26,9,1,63,22,7,2,1,0,30,33,12,10,0,0,0,0,0,0
FR_OCC_46,2020-05-27,9,1,63,22,7,2,1,0,30,33,12,10,0,0,0,0,0,0
FR_OCC_46,2020-05-28,10,1,64,22,7,3,1,0,31,33,12,10,1,0,1,0,0,0
FR_OCC_46,2020-05-29,10,1,64,22,7,3,1,0,31,33,12,10,0,0,0,0,0,0
FR_OCC_46,2020-05-30,10,1,64,22,7,3,1,0,31,33,12,10,0,0,0,0,0,0
FR_OCC_46,2020-05-31,10,1,65,22,7,3,1,0,32,33,12,10,1,0,1,0,0,0
FR_OCC_46,2020-06-01,11,1,65,22,7,4,1,0,32,33,12,10,0,0,0,0,0,0
FR_OCC_46,2020-06-02,10,1,66,22,6,4,1,0,33,33,12,10,1,0,1,0,0,0
FR_OCC_46,2020-06-03,10,1,66,22,6,4,1,0,33,33,12,10,0,0,0,0,0,0
FR_OCC_46,2020-06-04,9,2,67,22,5,4,1,1,33,34,12,10,1,0,0,1,0,0
FR_OCC_46,2020-06-05,6,1,69,22,2,4,0,1,35,34,12,10,2,0,2,0,0,0
FR_OCC_46,2020-06-06,5,0,69,22,2,3,0,0,35,34,12,10,0,0,0,0,0,0
FR_OCC_46,2020-06-07,5,0,69,22,2,3,0,0,35,34,12,10,0,0,0,0,0,0
FR_OCC_46,2020-06-08,5,0,69,22,2,3,0,0,35,34,12,10,0,0,0,0,0,0
FR_OCC_46,2020-06-09,5,0,69,22,2,3,0,0,35,34,12,10,0,0,0,0,0,0
FR_OCC_46,2020-06-10,1,0,69,22,0,1,0,0,35,34,12,10,0,0,0,0,0,0
FR_OCC_46,2020-06-11,1,0,69,22,0,1,0,0,35,34,12,10,0,0,0,0,0,0
FR_OCC_46,2020-06-12,1,0,69,22,0,1,0,0,35,34,12,10,0,0,0,0,0,0
FR_OCC_46,2020-06-13,1,0,69,22,0,1,0,0,35,34,12,10,0,0,0,0,0,0
FR_OCC_46,2020-06-14,1,0,69,22,0,1,0,0,35,34,12,10,0,0,0,0,0,0
FR_OCC_46,2020-06-15,1,0,69,22,0,1,0,0,35,34,12,10,0,0,0,0,0,0
FR_OCC_46,2020-06-16,1,0,69,22,0,1,0,0,35,34,12,10,0,0,0,0,0,0
FR_OCC_46,2020-06-17,1,0,69,22,0,1,0,0,35,34,12,10,0,0,0,0,0,0
FR_OCC_46,2020-06-18,1,0,69,22,0,1,0,0,35,34,12,10,0,0,0,0,0,0
FR_OCC_46,2020-06-19,1,0,69,22,0,1,0,0,35,34,12,10,0,0,0,0,0,0
FR_OCC_46,2020-06-20,1,0,69,22,0,1,0,0,35,34,12,10,0,0,0,0,0,0
FR_OCC_46,2020-06-21,1,0,69,22,0,1,0,0,35,34,12,10,0,0,0,0,0,0
FR_OCC_48,2020-03-18,1,0,0,0,1,0,0,0,0,0,0,0,,,,,,
FR_OCC_48,2020-03-19,1,0,0,0,1,0,0,0,0,0,0,0,0,0,0,0,0,0
FR_OCC_48,2020-03-20,1,0,0,0,1,0,0,0,0,0,0,0,0,0,0,0,0,0
FR_OCC_48,2020-03-21,1,0,0,0,1,0,0,0,0,0,0,0,0,0,0,0,0,0
FR_OCC_48,2020-03-22,2,0,1,0,0,2,0,0,1,0,0,0,1,0,1,0,0,0
FR_OCC_48,2020-03-23,4,0,1,0,0,4,0,0,1,0,0,0,0,0,0,0,0,0
FR_OCC_48,2020-03-24,7,2,2,0,1,6,0,2,1,1,0,0,1,0,0,1,0,0
FR_OCC_48,2020-03-25,8,2,2,0,2,6,0,2,1,1,0,0,0,0,0,0,0,0
FR_OCC_48,2020-03-26,7,2,3,0,2,5,0,2,1,2,0,0,1,0,0,1,0,0
FR_OCC_48,2020-03-27,7,2,3,0,2,5,0,2,1,2,0,0,0,0,0,0,0,0
FR_OCC_48,2020-03-28,8,2,4,0,4,4,0,2,1,3,0,0,1,0,0,1,0,0
FR_OCC_48,2020-03-29,9,2,4,0,4,5,0,2,1,3,0,0,0,0,0,0,0,0
FR_OCC_48,2020-03-30,8,2,6,0,3,5,0,2,2,4,0,0,2,0,1,1,0,0
FR_OCC_48,2020-03-31,7,2,7,0,2,5,0,2,3,4,0,0,1,0,1,0,0,0
FR_OCC_48,2020-04-01,9,2,7,0,3,6,0,2,3,4,0,0,0,0,0,0,0,0
FR_OCC_48,2020-04-02,9,1,8,0,4,5,0,1,3,5,0,0,1,0,0,1,0,0
FR_OCC_48,2020-04-03,9,1,8,0,4,5,0,1,3,5,0,0,0,0,0,0,0,0
FR_OCC_48,2020-04-04,8,1,9,0,4,4,0,1,3,6,0,0,1,0,0,1,0,0
FR_OCC_48,2020-04-05,8,1,9,0,4,4,0,1,3,6,0,0,0,0,0,0,0,0
FR_OCC_48,2020-04-06,8,1,9,0,4,4,0,1,3,6,0,0,0,0,0,0,0,0
FR_OCC_48,2020-04-07,6,1,11,0,3,3,0,1,4,7,0,0,2,0,1,1,0,0
FR_OCC_48,2020-04-08,6,1,11,0,3,3,0,1,4,7,0,0,0,0,0,0,0,0
FR_OCC_48,2020-04-09,6,1,11,0,3,3,0,1,4,7,0,0,0,0,0,0,0,0
FR_OCC_48,2020-04-10,6,1,11,0,3,3,0,1,4,7,0,0,0,0,0,0,0,0
FR_OCC_48,2020-04-11,6,1,11,0,3,3,0,1,4,7,0,0,0,0,0,0,0,0
FR_OCC_48,2020-04-12,6,1,11,0,3,3,0,1,4,7,0,0,0,0,0,0,0,0
FR_OCC_48,2020-04-13,6,1,11,0,3,3,0,1,4,7,0,0,0,0,0,0,0,0
FR_OCC_48,2020-04-14,6,1,11,0,3,3,0,1,4,7,0,0,0,0,0,0,0,0
FR_OCC_48,2020-04-15,6,1,11,0,3,3,0,1,4,7,0,0,0,0,0,0,0,0
FR_OCC_48,2020-04-16,5,1,12,0,3,2,0,1,4,8,0,0,1,0,0,1,0,0
FR_OCC_48,2020-04-17,5,1,12,0,3,2,0,1,4,8,0,0,0,0,0,0,0,0
FR_OCC_48,2020-04-18,5,1,12,0,3,2,0,1,4,8,0,0,0,0,0,0,0,0
FR_OCC_48,2020-04-19,5,1,12,0,3,2,0,1,4,8,0,0,0,0,0,0,0,0
FR_OCC_48,2020-04-20,5,1,12,0,3,2,0,1,4,8,0,0,0,0,0,0,0,0
FR_OCC_48,2020-04-21,5,1,12,0,3,2,0,1,4,8,0,0,0,0,0,0,0,0
FR_OCC_48,2020-04-22,4,1,13,0,3,1,0,1,4,9,0,0,1,0,0,1,0,0
FR_OCC_48,2020-04-23,4,1,13,0,3,1,0,1,4,9,0,0,0,0,0,0,0,0
FR_OCC_48,2020-04-24,2,0,15,0,2,0,0,0,5,10,0,0,2,0,1,1,0,0
FR_OCC_48,2020-04-25,2,0,15,0,2,0,0,0,5,10,0,0,0,0,0,0,0,0
FR_OCC_48,2020-04-26,2,0,15,0,2,0,0,0,5,10,0,0,0,0,0,0,0,0
FR_OCC_48,2020-04-27,2,0,15,0,2,0,0,0,5,10,0,0,0,0,0,0,0,0
FR_OCC_48,2020-04-28,2,0,15,0,1,1,0,0,6,9,0,0,0,0,1,-1,0,0
FR_OCC_48,2020-04-29,1,0,15,1,1,0,0,0,6,9,0,1,0,1,0,0,0,1
FR_OCC_48,2020-04-30,1,0,15,1,1,0,0,0,6,9,0,1,0,0,0,0,0,0
FR_OCC_48,2020-05-01,1,0,18,1,1,0,0,0,8,10,0,1,3,0,2,1,0,0
FR_OCC_48,2020-05-02,1,0,18,1,1,0,0,0,8,10,0,1,0,0,0,0,0,0
FR_OCC_48,2020-05-03,2,0,18,1,2,0,0,0,8,10,0,1,0,0,0,0,0,0
FR_OCC_48,2020-05-04,2,0,18,1,2,0,0,0,8,10,0,1,0,0,0,0,0,0
FR_OCC_48,2020-05-05,2,0,18,1,2,0,0,0,8,10,0,1,0,0,0,0,0,0
FR_OCC_48,2020-05-06,2,0,18,1,2,0,0,0,8,10,0,1,0,0,0,0,0,0
FR_OCC_48,2020-05-07,2,0,18,1,2,0,0,0,8,10,0,1,0,0,0,0,0,0
FR_OCC_48,2020-05-08,0,0,20,1,0,0,0,0,10,10,0,1,2,0,2,0,0,0
FR_OCC_48,2020-05-09,0,0,20,1,0,0,0,0,10,10,0,1,0,0,0,0,0,0
FR_OCC_48,2020-05-10,0,0,20,1,0,0,0,0,10,10,0,1,0,0,0,0,0,0
FR_OCC_48,2020-05-11,0,0,20,1,0,0,0,0,10,10,0,1,0,0,0,0,0,0
FR_OCC_48,2020-05-12,1,0,19,1,1,0,0,0,9,10,0,1,-1,0,-1,0,0,0
FR_OCC_48,2020-05-13,2,0,20,1,2,0,0,0,9,11,0,1,1,0,0,1,0,0
FR_OCC_48,2020-05-14,2,0,20,1,2,0,0,0,9,11,0,1,0,0,0,0,0,0
FR_OCC_48,2020-05-15,1,0,21,1,1,0,0,0,10,11,0,1,1,0,1,0,0,0
FR_OCC_48,2020-05-16,1,0,21,1,1,0,0,0,10,11,0,1,0,0,0,0,0,0
FR_OCC_48,2020-05-17,1,0,21,1,1,0,0,0,10,11,0,1,0,0,0,0,0,0
FR_OCC_48,2020-05-18,1,0,21,1,1,0,0,0,10,11,0,1,0,0,0,0,0,0
FR_OCC_48,2020-05-19,1,0,21,1,1,0,0,0,10,11,0,1,0,0,0,0,0,0
FR_OCC_48,2020-05-20,1,0,22,1,0,1,0,0,11,11,0,1,1,0,1,0,0,0
FR_OCC_48,2020-05-21,1,0,22,1,0,1,0,0,11,11,0,1,0,0,0,0,0,0
FR_OCC_48,2020-05-22,1,0,22,1,0,1,0,0,11,11,0,1,0,0,0,0,0,0
FR_OCC_48,2020-05-23,1,0,22,1,0,1,0,0,11,11,0,1,0,0,0,0,0,0
FR_OCC_48,2020-05-24,1,0,22,1,0,1,0,0,11,11,0,1,0,0,0,0,0,0
FR_OCC_48,2020-05-25,2,0,22,1,0,2,0,0,11,11,0,1,0,0,0,0,0,0
FR_OCC_48,2020-05-26,2,0,22,1,0,2,0,0,11,11,0,1,0,0,0,0,0,0
FR_OCC_48,2020-05-27,2,0,22,1,0,2,0,0,11,11,0,1,0,0,0,0,0,0
FR_OCC_48,2020-05-28,1,0,23,1,0,1,0,0,11,12,0,1,1,0,0,1,0,0
FR_OCC_48,2020-05-29,1,0,23,1,0,1,0,0,11,12,0,1,0,0,0,0,0,0
FR_OCC_48,2020-05-30,1,0,23,1,0,1,0,0,11,12,0,1,0,0,0,0,0,0
FR_OCC_48,2020-05-31,1,0,23,1,0,1,0,0,11,12,0,1,0,0,0,0,0,0
FR_OCC_48,2020-06-01,1,0,23,1,0,1,0,0,11,12,0,1,0,0,0,0,0,0
FR_OCC_48,2020-06-02,1,0,23,1,0,1,0,0,11,12,0,1,0,0,0,0,0,0
FR_OCC_48,2020-06-03,1,0,23,1,0,1,0,0,11,12,0,1,0,0,0,0,0,0
FR_OCC_48,2020-06-04,1,0,23,1,0,1,0,0,11,12,0,1,0,0,0,0,0,0
FR_OCC_48,2020-06-05,1,0,23,1,0,1,0,0,11,12,0,1,0,0,0,0,0,0
FR_OCC_48,2020-06-06,0,0,24,1,0,0,0,0,11,13,0,1,1,0,0,1,0,0
FR_OCC_48,2020-06-07,0,0,24,1,0,0,0,0,11,13,0,1,0,0,0,0,0,0
FR_OCC_48,2020-06-08,0,0,24,1,0,0,0,0,11,13,0,1,0,0,0,0,0,0
FR_OCC_48,2020-06-09,0,0,24,1,0,0,0,0,11,13,0,1,0,0,0,0,0,0
FR_OCC_48,2020-06-10,0,0,24,1,0,0,0,0,11,13,0,1,0,0,0,0,0,0
FR_OCC_48,2020-06-11,0,0,24,1,0,0,0,0,11,13,0,1,0,0,0,0,0,0
FR_OCC_48,2020-06-12,0,0,24,1,0,0,0,0,11,13,0,1,0,0,0,0,0,0
FR_OCC_48,2020-06-13,0,0,24,1,0,0,0,0,11,13,0,1,0,0,0,0,0,0
FR_OCC_48,2020-06-14,0,0,24,1,0,0,0,0,11,13,0,1,0,0,0,0,0,0
FR_OCC_48,2020-06-15,0,0,24,1,0,0,0,0,11,13,0,1,0,0,0,0,0,0
FR_OCC_48,2020-06-16,0,0,24,1,0,0,0,0,11,13,0,1,0,0,0,0,0,0
FR_OCC_48,2020-06-17,0,0,24,1,0,0,0,0,11,13,0,1,0,0,0,0,0,0
FR_OCC_48,2020-06-18,0,0,24,1,0,0,0,0,11,13,0,1,0,0,0,0,0,0
FR_OCC_48,2020-06-19,0,0,24,1,0,0,0,0,11,13,0,1,0,0,0,0,0,0
FR_OCC_48,2020-06-20,0,0,24,1,0,0,0,0,11,13,0,1,0,0,0,0,0,0
FR_OCC_48,2020-06-21,0,0,24,1,0,0,0,0,11,13,0,1,0,0,0,0,0,0
FR_OCC_65,2020-03-18,0,0,0,0,0,0,0,0,0,0,0,0,,,,,,
FR_OCC_65,2020-03-19,2,1,0,0,0,2,0,1,0,0,0,0,0,0,0,0,0,0
FR_OCC_65,2020-03-20,2,1,0,0,0,2,0,1,0,0,0,0,0,0,0,0,0,0
FR_OCC_65,2020-03-21,5,1,0,0,1,4,0,1,0,0,0,0,0,0,0,0,0,0
FR_OCC_65,2020-03-22,4,1,1,0,1,3,0,1,0,1,0,0,1,0,0,1,0,0
FR_OCC_65,2020-03-23,7,1,2,0,2,5,0,1,1,1,0,0,1,0,1,0,0,0
FR_OCC_65,2020-03-24,6,1,3,0,1,5,0,1,2,1,0,0,1,0,1,0,0,0
FR_OCC_65,2020-03-25,7,2,3,0,1,6,0,2,2,1,0,0,0,0,0,0,0,0
FR_OCC_65,2020-03-26,15,2,5,1,5,10,0,2,3,2,1,0,2,1,1,1,1,0
FR_OCC_65,2020-03-27,17,3,5,1,5,12,0,3,3,2,1,0,0,0,0,0,0,0
FR_OCC_65,2020-03-28,21,5,6,1,6,15,2,3,4,2,1,0,1,0,1,0,0,0
FR_OCC_65,2020-03-29,25,5,7,1,8,17,2,3,4,3,1,0,1,0,0,1,0,0
FR_OCC_65,2020-03-30,29,7,9,1,10,19,4,3,4,5,1,0,2,0,0,2,0,0
FR_OCC_65,2020-03-31,28,7,12,1,9,19,4,3,6,6,1,0,3,0,2,1,0,0
FR_OCC_65,2020-04-01,39,7,14,1,13,26,4,3,7,7,1,0,2,0,1,1,0,0
FR_OCC_65,2020-04-02,41,6,16,3,16,25,3,3,8,8,2,1,2,2,1,1,1,1
FR_OCC_65,2020-04-03,40,6,19,3,13,27,3,3,9,10,2,1,3,0,1,2,0,0
FR_OCC_65,2020-04-04,43,5,22,5,14,29,2,3,9,13,4,1,3,2,0,3,2,0
FR_OCC_65,2020-04-05,52,7,24,7,20,32,2,5,10,14,5,2,2,2,1,1,1,1
FR_OCC_65,2020-04-06,55,7,25,7,21,34,1,6,11,14,5,2,1,0,1,0,0,0
FR_OCC_65,2020-04-07,57,6,29,7,22,35,1,5,12,17,5,2,4,0,1,3,0,0
FR_OCC_65,2020-04-08,61,7,33,7,28,33,2,5,13,20,5,2,4,0,1,3,0,0
FR_OCC_65,2020-04-09,63,7,37,7,29,34,2,5,16,21,5,2,4,0,3,1,0,0
FR_OCC_65,2020-04-10,67,6,43,7,36,31,2,4,17,26,5,2,6,0,1,5,0,0
FR_OCC_65,2020-04-11,73,5,46,8,38,35,1,4,19,27,5,3,3,1,2,1,0,1
FR_OCC_65,2020-04-12,83,6,46,8,44,39,1,5,19,27,5,3,0,0,0,0,0,0
FR_OCC_65,2020-04-13,82,5,48,10,44,38,1,4,19,29,7,3,2,2,0,2,2,0
FR_OCC_65,2020-04-14,82,5,50,12,47,35,1,4,20,30,8,4,2,2,1,1,1,1
FR_OCC_65,2020-04-15,81,5,56,14,47,34,1,4,23,33,9,5,6,2,3,3,1,1
FR_OCC_65,2020-04-16,78,5,60,14,46,32,1,4,25,35,9,5,4,0,2,2,0,0
FR_OCC_65,2020-04-17,77,4,63,14,44,33,1,3,28,35,9,5,3,0,3,0,0,0
FR_OCC_65,2020-04-18,76,4,67,14,43,33,1,3,29,38,9,5,4,0,1,3,0,0
FR_OCC_65,2020-04-19,77,4,68,14,43,34,1,3,30,38,9,5,1,0,1,0,0,0
FR_OCC_65,2020-04-20,83,4,69,16,48,35,1,3,31,38,9,7,1,2,1,0,0,2
FR_OCC_65,2020-04-21,77,4,74,17,45,32,1,3,33,41,10,7,5,1,2,3,1,0
FR_OCC_65,2020-04-22,76,4,76,18,46,30,1,3,34,42,10,8,2,1,1,1,0,1
FR_OCC_65,2020-04-23,73,4,80,18,44,29,1,3,36,44,10,8,4,0,2,2,0,0
FR_OCC_65,2020-04-24,76,4,80,19,44,32,1,3,36,44,11,8,0,1,0,0,1,0
FR_OCC_65,2020-04-25,76,4,80,19,44,32,1,3,36,44,11,8,0,0,0,0,0,0
FR_OCC_65,2020-04-26,75,4,81,19,44,31,1,3,36,45,11,8,1,0,0,1,0,0
FR_OCC_65,2020-04-27,74,4,82,19,44,30,1,3,36,46,11,8,1,0,0,1,0,0
FR_OCC_65,2020-04-28,72,4,87,20,44,28,1,3,39,48,11,9,5,1,3,2,0,1
FR_OCC_65,2020-04-29,71,4,89,20,43,28,1,3,41,48,11,9,2,0,2,0,0,0
FR_OCC_65,2020-04-30,69,5,92,20,41,28,1,4,43,49,11,9,3,0,2,1,0,0
FR_OCC_65,2020-05-01,65,5,96,20,38,27,1,4,46,50,11,9,4,0,3,1,0,0
FR_OCC_65,2020-05-02,66,5,96,20,38,28,1,4,46,50,11,9,0,0,0,0,0,0
FR_OCC_65,2020-05-03,65,5,96,21,37,28,1,4,46,50,12,9,0,1,0,0,1,0
FR_OCC_65,2020-05-04,66,5,96,22,36,30,1,4,46,50,13,9,0,1,0,0,1,0
FR_OCC_65,2020-05-05,57,3,104,22,29,28,0,3,53,51,13,9,8,0,7,1,0,0
FR_OCC_65,2020-05-06,53,3,107,24,27,26,0,3,55,52,13,11,3,2,2,1,0,2
FR_OCC_65,2020-05-07,49,4,112,24,24,25,0,4,58,54,13,11,5,0,3,2,0,0
FR_OCC_65,2020-05-08,45,4,116,24,20,25,0,4,62,54,13,11,4,0,4,0,0,0
FR_OCC_65,2020-05-09,45,4,116,24,20,25,0,4,62,54,13,11,0,0,0,0,0,0
FR_OCC_65,2020-05-10,44,4,116,25,20,24,0,4,62,54,13,12,0,1,0,0,0,1
FR_OCC_65,2020-05-11,44,4,116,25,20,24,0,4,62,54,13,12,0,0,0,0,0,0
FR_OCC_65,2020-05-12,41,4,119,25,20,21,0,4,62,57,13,12,3,0,0,3,0,0
FR_OCC_65,2020-05-13,40,4,120,25,19,21,0,4,63,57,13,12,1,0,1,0,0,0
FR_OCC_65,2020-05-14,40,4,120,25,19,21,0,4,63,57,13,12,0,0,0,0,0,0
FR_OCC_65,2020-05-15,40,4,120,25,19,21,0,4,63,57,13,12,0,0,0,0,0,0
FR_OCC_65,2020-05-16,39,3,122,25,19,20,0,3,64,58,13,12,2,0,1,1,0,0
FR_OCC_65,2020-05-17,39,3,122,25,19,20,0,3,64,58,13,12,0,0,0,0,0,0
FR_OCC_65,2020-05-18,34,3,127,25,17,17,0,3,66,61,13,12,5,0,2,3,0,0
FR_OCC_65,2020-05-19,32,3,129,25,16,16,0,3,67,62,13,12,2,0,1,1,0,0
FR_OCC_65,2020-05-20,23,3,138,25,12,11,0,3,71,67,13,12,9,0,4,5,0,0
FR_OCC_65,2020-05-21,21,3,140,25,10,11,0,3,73,67,13,12,2,0,2,0,0,0
FR_OCC_65,2020-05-22,21,3,140,25,10,11,0,3,73,67,13,12,0,0,0,0,0,0
FR_OCC_65,2020-05-23,21,3,140,25,10,11,0,3,73,67,13,12,0,0,0,0,0,0
FR_OCC_65,2020-05-24,21,3,140,25,10,11,0,3,73,67,13,12,0,0,0,0,0,0
FR_OCC_65,2020-05-25,21,3,140,25,10,11,0,3,73,67,13,12,0,0,0,0,0,0
FR_OCC_65,2020-05-26,18,3,143,25,9,9,0,3,74,69,13,12,3,0,1,2,0,0
FR_OCC_65,2020-05-27,18,3,143,25,9,9,0,3,74,69,13,12,0,0,0,0,0,0
FR_OCC_65,2020-05-28,18,3,143,25,9,9,0,3,74,69,13,12,0,0,0,0,0,0
FR_OCC_65,2020-05-29,16,2,143,26,8,8,0,2,74,69,13,13,0,1,0,0,0,1
FR_OCC_65,2020-05-30,16,2,143,26,8,8,0,2,74,69,13,13,0,0,0,0,0,0
FR_OCC_65,2020-05-31,16,2,143,26,8,8,0,2,74,69,13,13,0,0,0,0,0,0
FR_OCC_65,2020-06-01,16,2,143,26,8,8,0,2,74,69,13,13,0,0,0,0,0,0
FR_OCC_65,2020-06-02,16,2,143,26,8,8,0,2,74,69,13,13,0,0,0,0,0,0
FR_OCC_65,2020-06-03,15,2,144,26,8,7,0,2,74,70,13,13,1,0,0,1,0,0
FR_OCC_65,2020-06-04,14,2,145,26,7,7,0,2,75,70,13,13,1,0,1,0,0,0
FR_OCC_65,2020-06-05,14,2,145,26,7,7,0,2,75,70,13,13,0,0,0,0,0,0
FR_OCC_65,2020-06-06,10,2,149,26,4,6,0,2,78,71,13,13,4,0,3,1,0,0
FR_OCC_65,2020-06-07,10,2,149,26,4,6,0,2,78,71,13,13,0,0,0,0,0,0
FR_OCC_65,2020-06-08,10,2,149,26,4,6,0,2,78,71,13,13,0,0,0,0,0,0
FR_OCC_65,2020-06-09,10,2,149,26,4,6,0,2,78,71,13,13,0,0,0,0,0,0
FR_OCC_65,2020-06-10,10,2,149,26,4,6,0,2,78,71,13,13,0,0,0,0,0,0
FR_OCC_65,2020-06-11,10,2,149,26,4,6,0,2,78,71,13,13,0,0,0,0,0,0
FR_OCC_65,2020-06-12,9,2,150,26,3,6,0,2,79,71,13,13,1,0,1,0,0,0
FR_OCC_65,2020-06-13,9,2,150,26,3,6,0,2,79,71,13,13,0,0,0,0,0,0
FR_OCC_65,2020-06-14,9,2,150,26,3,6,0,2,79,71,13,13,0,0,0,0,0,0
FR_OCC_65,2020-06-15,8,2,150,27,3,5,0,2,79,71,13,14,0,1,0,0,0,1
FR_OCC_65,2020-06-16,7,2,151,27,3,4,0,2,79,72,13,14,1,0,0,1,0,0
FR_OCC_65,2020-06-17,6,2,152,27,3,3,0,2,79,73,13,14,1,0,0,1,0,0
FR_OCC_65,2020-06-18,5,2,153,27,2,3,0,2,80,73,13,14,1,0,1,0,0,0
FR_OCC_65,2020-06-19,5,2,153,27,2,3,0,2,80,73,13,14,0,0,0,0,0,0
FR_OCC_65,2020-06-20,5,2,153,27,2,3,0,2,80,73,13,14,0,0,0,0,0,0
FR_OCC_65,2020-06-21,5,2,153,27,2,3,0,2,80,73,13,14,0,0,0,0,0,0
FR_OCC_66,2020-03-18,9,5,1,0,2,7,1,4,1,0,0,0,,,,,,
FR_OCC_66,2020-03-19,19,11,3,3,10,9,4,7,1,2,2,1,2,3,0,2,2,1
FR_OCC_66,2020-03-20,26,15,3,4,13,13,6,9,1,2,3,1,0,1,0,0,1,0
FR_OCC_66,2020-03-21,25,15,3,5,12,13,5,10,1,2,4,1,0,1,0,0,1,0
FR_OCC_66,2020-03-22,60,20,4,5,33,27,6,14,2,2,4,1,1,0,1,0,0,0
FR_OCC_66,2020-03-23,83,22,6,6,45,38,6,16,2,4,4,2,2,1,0,2,0,1
FR_OCC_66,2020-03-24,91,28,12,7,50,41,8,20,5,7,4,3,6,1,3,3,0,1
FR_OCC_66,2020-03-25,98,30,23,7,51,47,10,20,14,9,4,3,11,0,9,2,0,0
FR_OCC_66,2020-03-26,113,35,29,8,59,54,13,22,18,11,4,4,6,1,4,2,0,1
FR_OCC_66,2020-03-27,112,32,37,9,56,56,11,21,23,14,5,4,8,1,5,3,1,0
FR_OCC_66,2020-03-28,123,34,47,9,58,65,11,23,31,16,5,4,10,0,8,2,0,0
FR_OCC_66,2020-03-29,126,33,52,11,60,66,10,23,34,18,6,5,5,2,3,2,1,1
FR_OCC_66,2020-03-30,123,37,60,13,56,67,9,28,39,21,7,6,8,2,5,3,1,1
FR_OCC_66,2020-03-31,122,35,78,14,60,62,10,25,50,28,7,7,18,1,11,7,0,1
FR_OCC_66,2020-04-01,111,35,95,15,57,54,11,24,57,38,8,7,17,1,7,10,1,0
FR_OCC_66,2020-04-02,112,34,104,16,55,57,10,24,63,41,9,7,9,1,6,3,1,0
FR_OCC_66,2020-04-03,103,34,122,16,50,53,8,26,71,51,9,7,18,0,8,10,0,0
FR_OCC_66,2020-04-04,107,36,125,17,53,54,9,27,71,54,9,8,3,1,0,3,0,1
FR_OCC_66,2020-04-05,102,31,134,17,48,54,7,24,78,56,9,8,9,0,7,2,0,0
FR_OCC_66,2020-04-06,105,32,140,18,48,57,7,25,83,57,9,9,6,1,5,1,0,1
FR_OCC_66,2020-04-07,98,35,152,19,42,56,7,28,90,62,11,8,12,1,7,5,2,-1
FR_OCC_66,2020-04-08,91,31,162,19,42,49,6,25,93,69,11,8,10,0,3,7,0,0
FR_OCC_66,2020-04-09,87,32,169,19,39,48,6,26,98,71,11,8,7,0,5,2,0,0
FR_OCC_66,2020-04-10,79,33,182,20,35,44,9,24,106,76,11,9,13,1,8,5,0,1
FR_OCC_66,2020-04-11,78,29,185,21,32,46,9,20,110,75,12,9,3,1,4,-1,1,0
FR_OCC_66,2020-04-12,79,27,185,22,31,48,8,19,111,74,12,10,0,1,1,-1,0,1
FR_OCC_66,2020-04-13,74,26,196,22,31,43,7,19,116,80,12,10,11,0,5,6,0,0
FR_OCC_66,2020-04-14,65,21,205,22,27,38,5,16,121,84,12,10,9,0,5,4,0,0
FR_OCC_66,2020-04-15,55,17,216,23,24,31,3,14,125,91,13,10,11,1,4,7,1,0
FR_OCC_66,2020-04-16,47,17,225,23,17,30,3,14,132,93,13,10,9,0,7,2,0,0
FR_OCC_66,2020-04-17,38,15,230,24,13,25,2,13,135,95,13,11,5,1,3,2,0,1
FR_OCC_66,2020-04-18,32,14,236,24,9,23,2,12,140,96,13,11,6,0,5,1,0,0
FR_OCC_66,2020-04-19,33,15,236,24,10,23,3,12,140,96,13,11,0,0,0,0,0,0
FR_OCC_66,2020-04-20,31,13,237,25,8,23,2,11,141,96,14,11,1,1,1,0,1,0
FR_OCC_66,2020-04-21,29,13,242,25,9,20,2,11,141,101,14,11,5,0,0,5,0,0
FR_OCC_66,2020-04-22,26,12,246,25,7,19,2,10,143,103,14,11,4,0,2,2,0,0
FR_OCC_66,2020-04-23,26,12,246,27,8,18,2,10,142,104,15,12,0,2,-1,1,1,1
FR_OCC_66,2020-04-24,25,12,246,28,8,17,2,10,142,104,15,13,0,1,0,0,0,1
FR_OCC_66,2020-04-25,24,11,250,28,7,17,2,9,143,107,15,13,4,0,1,3,0,0
FR_OCC_66,2020-04-26,23,11,251,28,6,17,2,9,144,107,15,13,1,0,1,0,0,0
FR_OCC_66,2020-04-27,21,10,252,29,6,15,2,8,145,107,15,14,1,1,1,0,0,1
FR_OCC_66,2020-04-28,19,8,255,30,6,13,1,7,144,111,16,14,3,1,-1,4,1,0
FR_OCC_66,2020-04-29,19,8,257,31,6,13,1,7,145,112,17,14,2,1,1,1,1,0
FR_OCC_66,2020-04-30,16,8,258,33,6,10,1,7,144,114,18,15,1,2,-1,2,1,1
FR_OCC_66,2020-05-01,15,8,260,33,5,10,1,7,146,114,18,15,2,0,2,0,0,0
FR_OCC_66,2020-05-02,15,8,260,33,5,10,1,7,146,114,18,15,0,0,0,0,0,0
FR_OCC_66,2020-05-03,14,8,262,33,4,10,1,7,147,115,18,15,2,0,1,1,0,0
FR_OCC_66,2020-05-04,15,8,262,33,5,10,1,7,147,115,18,15,0,0,0,0,0,0
FR_OCC_66,2020-05-05,11,5,266,34,3,8,0,5,150,116,18,16,4,1,3,1,0,1
FR_OCC_66,2020-05-06,10,4,267,34,3,7,0,4,150,117,18,16,1,0,0,1,0,0
FR_OCC_66,2020-05-07,10,0,267,34,3,7,0,0,150,117,18,16,0,0,0,0,0,0
FR_OCC_66,2020-05-08,9,0,267,34,3,6,0,0,150,117,18,16,0,0,0,0,0,0
FR_OCC_66,2020-05-09,9,0,267,34,3,6,0,0,150,117,18,16,0,0,0,0,0,0
FR_OCC_66,2020-05-10,9,0,267,34,3,6,0,0,150,117,18,16,0,0,0,0,0,0
FR_OCC_66,2020-05-11,9,0,267,34,3,6,0,0,150,117,18,16,0,0,0,0,0,0
FR_OCC_66,2020-05-12,5,0,271,34,0,5,0,0,153,118,18,16,4,0,3,1,0,0
FR_OCC_66,2020-05-13,6,1,271,34,1,5,1,0,153,118,18,16,0,0,0,0,0,0
FR_OCC_66,2020-05-14,6,1,271,34,1,5,1,0,153,118,18,16,0,0,0,0,0,0
FR_OCC_66,2020-05-15,5,1,272,34,1,4,1,0,153,119,18,16,1,0,0,1,0,0
FR_OCC_66,2020-05-16,5,1,272,34,1,4,1,0,153,119,18,16,0,0,0,0,0,0
FR_OCC_66,2020-05-17,5,1,272,34,1,4,1,0,153,119,18,16,0,0,0,0,0,0
FR_OCC_66,2020-05-18,4,0,273,34,1,3,0,0,153,120,18,16,1,0,0,1,0,0
FR_OCC_66,2020-05-19,4,0,273,34,1,3,0,0,153,120,18,16,0,0,0,0,0,0
FR_OCC_66,2020-05-20,3,0,274,34,1,2,0,0,153,121,18,16,1,0,0,1,0,0
FR_OCC_66,2020-05-21,1,0,276,34,0,1,0,0,154,122,18,16,2,0,1,1,0,0
FR_OCC_66,2020-05-22,1,0,276,34,0,1,0,0,154,122,18,16,0,0,0,0,0,0
FR_OCC_66,2020-05-23,2,0,276,34,0,2,0,0,154,122,18,16,0,0,0,0,0,0
FR_OCC_66,2020-05-24,2,0,276,34,0,2,0,0,154,122,18,16,0,0,0,0,0,0
FR_OCC_66,2020-05-25,2,0,276,34,0,2,0,0,154,122,18,16,0,0,0,0,0,0
FR_OCC_66,2020-05-26,2,0,276,34,0,2,0,0,154,122,18,16,0,0,0,0,0,0
FR_OCC_66,2020-05-27,2,0,276,34,0,2,0,0,154,122,18,16,0,0,0,0,0,0
FR_OCC_66,2020-05-28,2,0,276,34,0,2,0,0,154,122,18,16,0,0,0,0,0,0
FR_OCC_66,2020-05-29,2,0,276,34,0,2,0,0,154,122,18,16,0,0,0,0,0,0
FR_OCC_66,2020-05-30,2,0,276,34,0,2,0,0,154,122,18,16,0,0,0,0,0,0
FR_OCC_66,2020-05-31,2,0,276,34,0,2,0,0,154,122,18,16,0,0,0,0,0,0
FR_OCC_66,2020-06-01,2,0,276,34,0,2,0,0,154,122,18,16,0,0,0,0,0,0
FR_OCC_66,2020-06-02,2,1,276,34,0,2,0,1,154,122,18,16,0,0,0,0,0,0
FR_OCC_66,2020-06-03,2,1,276,34,0,2,0,1,154,122,18,16,0,0,0,0,0,0
FR_OCC_66,2020-06-04,2,1,276,34,0,2,0,1,154,122,18,16,0,0,0,0,0,0
FR_OCC_66,2020-06-05,2,1,276,34,0,2,0,1,154,122,18,16,0,0,0,0,0,0
FR_OCC_66,2020-06-06,2,1,276,34,0,2,0,1,154,122,18,16,0,0,0,0,0,0
FR_OCC_66,2020-06-07,2,1,276,34,0,2,0,1,154,122,18,16,0,0,0,0,0,0
FR_OCC_66,2020-06-08,2,1,276,34,0,2,0,1,154,122,18,16,0,0,0,0,0,0
FR_OCC_66,2020-06-09,2,1,276,34,0,2,0,1,154,122,18,16,0,0,0,0,0,0
FR_OCC_66,2020-06-10,2,1,276,34,0,2,0,1,154,122,18,16,0,0,0,0,0,0
FR_OCC_66,2020-06-11,1,1,277,34,0,1,0,1,154,123,18,16,1,0,0,1,0,0
FR_OCC_66,2020-06-12,1,1,277,34,0,1,0,1,154,123,18,16,0,0,0,0,0,0
FR_OCC_66,2020-06-13,1,1,277,34,0,1,0,1,154,123,18,16,0,0,0,0,0,0
FR_OCC_66,2020-06-14,1,1,277,34,0,1,0,1,154,123,18,16,0,0,0,0,0,0
FR_OCC_66,2020-06-15,1,1,277,34,0,1,0,1,154,123,18,16,0,0,0,0,0,0
FR_OCC_66,2020-06-16,1,1,277,34,0,1,0,1,154,123,18,16,0,0,0,0,0,0
FR_OCC_66,2020-06-17,1,1,277,34,0,1,0,1,154,123,18,16,0,0,0,0,0,0
FR_OCC_66,2020-06-18,1,1,277,34,0,1,0,1,154,123,18,16,0,0,0,0,0,0
FR_OCC_66,2020-06-19,1,1,277,34,0,1,0,1,154,123,18,16,0,0,0,0,0,0
FR_OCC_66,2020-06-20,1,1,277,34,0,1,0,1,154,123,18,16,0,0,0,0,0,0
FR_OCC_66,2020-06-21,1,1,277,34,0,1,0,1,154,123,18,16,0,0,0,0,0,0
FR_OCC_81,2020-03-18,2,0,2,0,1,1,0,0,0,2,0,0,,,,,,
FR_OCC_81,2020-03-19,5,1,2,0,3,2,1,0,0,2,0,0,0,0,0,0,0,0
FR_OCC_81,2020-03-20,6,1,3,0,5,1,1,0,0,3,0,0,1,0,0,1,0,0
FR_OCC_81,2020-03-21,8,1,3,1,7,1,1,0,0,3,0,1,0,1,0,0,0,1
FR_OCC_81,2020-03-22,10,2,4,1,8,2,2,0,1,3,0,1,1,0,1,0,0,0
FR_OCC_81,2020-03-23,7,3,4,1,6,1,3,0,1,3,0,1,0,0,0,0,0,0
FR_OCC_81,2020-03-24,8,3,4,1,6,2,3,0,1,3,0,1,0,0,0,0,0,0
FR_OCC_81,2020-03-25,16,7,4,1,9,7,4,3,1,3,0,1,0,0,0,0,0,0
FR_OCC_81,2020-03-26,24,10,6,1,13,11,5,5,2,4,0,1,2,0,1,1,0,0
FR_OCC_81,2020-03-27,25,12,8,1,13,12,6,6,3,5,0,1,2,0,1,1,0,0
FR_OCC_81,2020-03-28,30,13,8,1,16,14,6,7,3,5,0,1,0,0,0,0,0,0
FR_OCC_81,2020-03-29,38,17,7,1,18,20,6,11,3,4,0,1,-1,0,0,-1,0,0
FR_OCC_81,2020-03-30,39,17,10,2,17,22,7,10,5,5,1,1,3,1,2,1,1,0
FR_OCC_81,2020-03-31,45,18,11,2,21,24,8,10,5,6,1,1,1,0,0,1,0,0
FR_OCC_81,2020-04-01,53,19,12,3,26,27,7,12,5,7,1,2,1,1,0,1,0,1
FR_OCC_81,2020-04-02,59,24,17,3,26,33,8,16,8,9,1,2,5,0,3,2,0,0
FR_OCC_81,2020-04-03,60,23,18,3,28,32,8,15,8,10,1,2,1,0,0,1,0,0
FR_OCC_81,2020-04-04,61,23,19,3,28,33,7,16,8,11,1,2,1,0,0,1,0,0
FR_OCC_81,2020-04-05,61,24,21,4,27,34,7,17,10,11,1,3,2,1,2,0,0,1
FR_OCC_81,2020-04-06,55,24,27,5,25,30,8,16,12,15,1,4,6,1,2,4,0,1
FR_OCC_81,2020-04-07,57,27,34,5,26,31,10,17,15,19,1,4,7,0,3,4,0,0
FR_OCC_81,2020-04-08,56,22,36,6,26,30,9,13,16,20,2,4,2,1,1,1,1,0
FR_OCC_81,2020-04-09,50,22,43,7,26,24,8,14,18,25,3,4,7,1,2,5,1,0
FR_OCC_81,2020-04-10,44,20,49,9,23,21,6,14,21,28,5,4,6,2,3,3,2,0
FR_OCC_81,2020-04-11,41,19,53,10,20,21,5,14,24,29,6,4,4,1,3,1,1,0
FR_OCC_81,2020-04-12,43,19,52,10,21,22,5,14,24,28,6,4,-1,0,0,-1,0,0
FR_OCC_81,2020-04-13,44,19,53,11,21,23,5,14,25,28,7,4,1,1,1,0,1,0
FR_OCC_81,2020-04-14,43,19,55,13,20,23,5,14,27,28,7,6,2,2,2,0,0,2
FR_OCC_81,2020-04-15,41,18,59,14,20,21,5,13,29,30,8,6,4,1,2,2,1,0
FR_OCC_81,2020-04-16,45,16,56,15,23,22,5,11,27,29,8,7,-3,1,-2,-1,0,1
FR_OCC_81,2020-04-17,45,15,56,15,23,22,4,11,27,29,8,7,0,0,0,0,0,0
FR_OCC_81,2020-04-18,44,15,58,15,24,20,4,11,27,31,8,7,2,0,0,2,0,0
FR_OCC_81,2020-04-19,44,15,58,15,24,20,4,11,27,31,8,7,0,0,0,0,0,0
FR_OCC_81,2020-04-20,40,11,60,17,22,18,2,9,28,32,9,8,2,2,1,1,1,1
FR_OCC_81,2020-04-21,39,11,61,17,22,17,3,8,28,33,9,8,1,0,0,1,0,0
FR_OCC_81,2020-04-22,40,12,62,17,22,18,3,9,29,33,9,8,1,0,1,0,0,0
FR_OCC_81,2020-04-23,39,9,63,17,21,18,2,7,30,33,9,8,1,0,1,0,0,0
FR_OCC_81,2020-04-24,37,8,64,18,19,18,2,6,30,34,10,8,1,1,0,1,1,0
FR_OCC_81,2020-04-25,38,8,64,18,20,18,2,6,30,34,10,8,0,0,0,0,0,0
FR_OCC_81,2020-04-26,38,8,64,18,20,18,2,6,30,34,10,8,0,0,0,0,0,0
FR_OCC_81,2020-04-27,39,8,66,19,21,18,2,6,30,36,11,8,2,1,0,2,1,0
FR_OCC_81,2020-04-28,42,9,66,19,23,19,2,7,30,36,11,8,0,0,0,0,0,0
FR_OCC_81,2020-04-29,41,9,70,19,22,19,2,7,33,37,11,8,4,0,3,1,0,0
FR_OCC_81,2020-04-30,47,9,70,19,28,19,2,7,33,37,11,8,0,0,0,0,0,0
FR_OCC_81,2020-05-01,38,10,79,19,20,18,2,8,41,38,11,8,9,0,8,1,0,0
FR_OCC_81,2020-05-02,38,10,79,20,19,19,2,8,41,38,12,8,0,1,0,0,1,0
FR_OCC_81,2020-05-03,38,10,79,20,19,19,2,8,41,38,12,8,0,0,0,0,0,0
FR_OCC_81,2020-05-04,37,10,80,20,18,19,2,8,42,38,12,8,1,0,1,0,0,0
FR_OCC_81,2020-05-05,33,9,82,21,15,18,1,8,43,39,13,8,2,1,1,1,1,0
FR_OCC_81,2020-05-06,26,9,90,21,10,16,1,8,48,42,13,8,8,0,5,3,0,0
FR_OCC_81,2020-05-07,25,9,91,21,10,15,1,8,48,43,13,8,1,0,0,1,0,0
FR_OCC_81,2020-05-08,25,9,91,21,10,15,1,8,48,43,13,8,0,0,0,0,0,0
FR_OCC_81,2020-05-09,27,8,91,21,13,14,1,7,48,43,13,8,0,0,0,0,0,0
FR_OCC_81,2020-05-10,26,8,92,21,12,14,1,7,49,43,13,8,1,0,1,0,0,0
FR_OCC_81,2020-05-11,25,7,92,21,12,13,1,6,49,43,13,8,0,0,0,0,0,0
FR_OCC_81,2020-05-12,28,6,93,22,15,13,1,5,50,43,14,8,1,1,1,0,1,0
FR_OCC_81,2020-05-13,28,6,94,22,15,13,1,5,51,43,14,8,1,0,1,0,0,0
FR_OCC_81,2020-05-14,25,4,97,22,13,12,1,3,53,44,14,8,3,0,2,1,0,0
FR_OCC_81,2020-05-15,23,4,99,22,12,11,1,3,54,45,14,8,2,0,1,1,0,0
FR_OCC_81,2020-05-16,23,3,99,22,12,11,1,2,54,45,14,8,0,0,0,0,0,0
FR_OCC_81,2020-05-17,22,3,100,22,11,11,1,2,55,45,14,8,1,0,1,0,0,0
FR_OCC_81,2020-05-18,22,3,100,22,11,11,1,2,55,45,14,8,0,0,0,0,0,0
FR_OCC_81,2020-05-19,22,3,100,22,11,11,1,2,55,45,14,8,0,0,0,0,0,0
FR_OCC_81,2020-05-20,22,3,100,22,11,11,1,2,55,45,14,8,0,0,0,0,0,0
FR_OCC_81,2020-05-21,21,2,101,22,10,11,1,1,56,45,14,8,1,0,1,0,0,0
FR_OCC_81,2020-05-22,21,2,101,22,10,11,1,1,56,45,14,8,0,0,0,0,0,0
FR_OCC_81,2020-05-23,21,2,102,22,10,11,1,1,57,45,14,8,1,0,1,0,0,0
FR_OCC_81,2020-05-24,21,2,102,22,10,11,1,1,57,45,14,8,0,0,0,0,0,0
FR_OCC_81,2020-05-25,21,2,102,22,10,11,1,1,57,45,14,8,0,0,0,0,0,0
FR_OCC_81,2020-05-26,15,2,107,22,6,9,1,1,60,47,14,8,5,0,3,2,0,0
FR_OCC_81,2020-05-27,13,2,109,22,4,9,1,1,62,47,14,8,2,0,2,0,0,0
FR_OCC_81,2020-05-28,13,2,109,22,4,9,1,1,62,47,14,8,0,0,0,0,0,0
FR_OCC_81,2020-05-29,13,2,110,22,3,10,1,1,63,47,14,8,1,0,1,0,0,0
FR_OCC_81,2020-05-30,13,2,110,22,3,10,1,1,63,47,14,8,0,0,0,0,0,0
FR_OCC_81,2020-05-31,13,2,110,22,3,10,1,1,63,47,14,8,0,0,0,0,0,0
FR_OCC_81,2020-06-01,14,2,110,22,3,11,1,1,63,47,14,8,0,0,0,0,0,0
FR_OCC_81,2020-06-02,13,2,111,22,3,10,1,1,63,48,14,8,1,0,0,1,0,0
FR_OCC_81,2020-06-03,11,2,113,22,2,9,1,1,64,49,14,8,2,0,1,1,0,0
FR_OCC_81,2020-06-04,6,1,117,22,2,4,1,0,64,53,14,8,4,0,0,4,0,0
FR_OCC_81,2020-06-05,6,1,117,22,2,4,1,0,64,53,14,8,0,0,0,0,0,0
FR_OCC_81,2020-06-06,7,1,117,22,2,5,1,0,64,53,14,8,0,0,0,0,0,0
FR_OCC_81,2020-06-07,7,1,117,22,2,5,1,0,64,53,14,8,0,0,0,0,0,0
FR_OCC_81,2020-06-08,7,1,117,22,2,5,1,0,64,53,14,8,0,0,0,0,0,0
FR_OCC_81,2020-06-09,6,1,117,23,2,4,1,0,64,53,14,9,0,1,0,0,0,1
FR_OCC_81,2020-06-10,7,2,117,23,2,5,1,1,64,53,14,9,0,0,0,0,0,0
FR_OCC_81,2020-06-11,7,2,117,23,2,5,1,1,64,53,14,9,0,0,0,0,0,0
FR_OCC_81,2020-06-12,7,2,117,23,2,5,1,1,64,53,14,9,0,0,0,0,0,0
FR_OCC_81,2020-06-13,7,2,117,23,2,5,1,1,64,53,14,9,0,0,0,0,0,0
FR_OCC_81,2020-06-14,7,2,117,23,2,5,1,1,64,53,14,9,0,0,0,0,0,0
FR_OCC_81,2020-06-15,7,2,117,23,2,5,1,1,64,53,14,9,0,0,0,0,0,0
FR_OCC_81,2020-06-16,7,2,117,23,2,5,1,1,64,53,14,9,0,0,0,0,0,0
FR_OCC_81,2020-06-17,7,2,117,23,2,5,1,1,64,53,14,9,0,0,0,0,0,0
FR_OCC_81,2020-06-18,5,2,119,23,1,4,1,1,65,54,14,9,2,0,1,1,0,0
FR_OCC_81,2020-06-19,5,2,119,23,1,4,1,1,65,54,14,9,0,0,0,0,0,0
FR_OCC_81,2020-06-20,5,2,119,23,1,4,1,1,65,54,14,9,0,0,0,0,0,0
FR_OCC_81,2020-06-21,5,2,119,23,1,4,1,1,65,54,14,9,0,0,0,0,0,0
FR_OCC_82,2020-03-18,1,0,0,1,1,0,0,0,0,0,0,1,,,,,,
FR_OCC_82,2020-03-19,1,0,0,1,1,0,0,0,0,0,0,1,0,0,0,0,0,0
FR_OCC_82,2020-03-20,1,0,0,1,1,0,0,0,0,0,0,1,0,0,0,0,0,0
FR_OCC_82,2020-03-21,3,1,0,1,1,2,0,1,0,0,0,1,0,0,0,0,0,0
FR_OCC_82,2020-03-22,3,1,0,1,1,2,0,1,0,0,0,1,0,0,0,0,0,0
FR_OCC_82,2020-03-23,2,1,1,1,0,2,0,1,1,0,0,1,1,0,1,0,0,0
FR_OCC_82,2020-03-24,3,1,2,1,0,3,0,1,2,0,0,1,1,0,1,0,0,0
FR_OCC_82,2020-03-25,3,1,2,1,0,3,0,1,2,0,0,1,0,0,0,0,0,0
FR_OCC_82,2020-03-26,3,2,2,1,0,3,0,2,2,0,0,1,0,0,0,0,0,0
FR_OCC_82,2020-03-27,4,2,2,1,0,4,0,2,2,0,0,1,0,0,0,0,0,0
FR_OCC_82,2020-03-28,4,2,2,1,0,4,0,2,2,0,0,1,0,0,0,0,0,0
FR_OCC_82,2020-03-29,4,2,2,1,0,4,0,2,2,0,0,1,0,0,0,0,0,0
FR_OCC_82,2020-03-30,7,5,2,1,0,7,0,5,2,0,0,1,0,0,0,0,0,0
FR_OCC_82,2020-03-31,8,5,3,1,0,8,0,5,2,1,0,1,1,0,0,1,0,0
FR_OCC_82,2020-04-01,11,5,3,2,1,10,1,4,2,1,0,2,0,1,0,0,0,1
FR_OCC_82,2020-04-02,12,6,3,2,1,11,1,5,2,1,0,2,0,0,0,0,0,0
FR_OCC_82,2020-04-03,14,6,3,2,2,12,1,5,2,1,0,2,0,0,0,0,0,0
FR_OCC_82,2020-04-04,14,7,3,2,1,13,1,6,2,1,0,2,0,0,0,0,0,0
FR_OCC_82,2020-04-05,16,7,6,2,3,13,1,6,3,3,0,2,3,0,1,2,0,0
FR_OCC_82,2020-04-06,18,10,6,3,2,16,1,9,3,3,0,3,0,1,0,0,0,1
FR_OCC_82,2020-04-07,18,9,6,3,2,16,1,8,3,3,0,3,0,0,0,0,0,0
FR_OCC_82,2020-04-08,20,11,6,3,4,16,3,8,3,3,0,3,0,0,0,0,0,0
FR_OCC_82,2020-04-09,20,11,8,3,5,15,3,8,4,4,0,3,2,0,1,1,0,0
FR_OCC_82,2020-04-10,19,10,11,3,5,14,2,8,5,6,0,3,3,0,1,2,0,0
FR_OCC_82,2020-04-11,18,10,13,3,5,13,2,8,6,7,0,3,2,0,1,1,0,0
FR_OCC_82,2020-04-12,18,10,13,3,5,13,2,8,6,7,0,3,0,0,0,0,0,0
FR_OCC_82,2020-04-13,18,10,13,3,5,13,2,8,6,7,0,3,0,0,0,0,0,0
FR_OCC_82,2020-04-14,18,9,15,3,5,13,2,7,6,9,0,3,2,0,0,2,0,0
FR_OCC_82,2020-04-15,19,8,17,3,6,13,1,7,7,10,0,3,2,0,1,1,0,0
FR_OCC_82,2020-04-16,17,8,21,3,7,10,2,6,8,13,0,3,4,0,1,3,0,0
FR_OCC_82,2020-04-17,14,8,26,3,4,10,2,6,11,15,0,3,5,0,3,2,0,0
FR_OCC_82,2020-04-18,14,8,26,3,4,10,2,6,11,15,0,3,0,0,0,0,0,0
FR_OCC_82,2020-04-19,15,9,26,3,4,11,2,7,11,15,0,3,0,0,0,0,0,0
FR_OCC_82,2020-04-20,16,8,27,3,4,12,2,6,12,15,0,3,1,0,1,0,0,0
FR_OCC_82,2020-04-21,16,8,27,3,4,12,2,6,12,15,0,3,0,0,0,0,0,0
FR_OCC_82,2020-04-22,16,7,27,3,4,12,1,6,12,15,0,3,0,0,0,0,0,0
FR_OCC_82,2020-04-23,14,6,29,3,4,10,1,5,12,17,0,3,2,0,0,2,0,0
FR_OCC_82,2020-04-24,12,5,30,3,4,8,1,4,12,18,0,3,1,0,0,1,0,0
FR_OCC_82,2020-04-25,12,5,30,3,4,8,1,4,12,18,0,3,0,0,0,0,0,0
FR_OCC_82,2020-04-26,12,5,30,3,4,8,1,4,12,18,0,3,0,0,0,0,0,0
FR_OCC_82,2020-04-27,14,6,31,4,7,7,2,4,12,19,0,4,1,1,0,1,0,1
FR_OCC_82,2020-04-28,14,6,31,4,7,7,2,4,12,19,0,4,0,0,0,0,0,0
FR_OCC_82,2020-04-29,12,6,32,4,6,6,2,4,13,19,0,4,1,0,1,0,0,0
FR_OCC_82,2020-04-30,12,6,32,4,6,6,2,4,13,19,0,4,0,0,0,0,0,0
FR_OCC_82,2020-05-01,12,6,32,4,6,6,2,4,13,19,0,4,0,0,0,0,0,0
FR_OCC_82,2020-05-02,12,6,32,4,6,6,2,4,13,19,0,4,0,0,0,0,0,0
FR_OCC_82,2020-05-03,12,6,32,4,6,6,2,4,13,19,0,4,0,0,0,0,0,0
FR_OCC_82,2020-05-04,10,6,32,4,6,4,2,4,13,19,0,4,0,0,0,0,0,0
FR_OCC_82,2020-05-05,10,6,33,4,6,4,2,4,13,20,0,4,1,0,0,1,0,0
FR_OCC_82,2020-05-06,10,6,33,4,6,4,2,4,13,20,0,4,0,0,0,0,0,0
FR_OCC_82,2020-05-07,10,6,33,4,6,4,2,4,13,20,0,4,0,0,0,0,0,0
FR_OCC_82,2020-05-08,8,7,36,4,3,5,2,5,16,20,0,4,3,0,3,0,0,0
FR_OCC_82,2020-05-09,8,7,36,4,3,5,2,5,16,20,0,4,0,0,0,0,0,0
FR_OCC_82,2020-05-10,8,7,36,4,3,5,2,5,16,20,0,4,0,0,0,0,0,0
FR_OCC_82,2020-05-11,8,7,36,4,3,5,2,5,16,20,0,4,0,0,0,0,0,0
FR_OCC_82,2020-05-12,7,7,37,4,2,5,2,5,17,20,0,4,1,0,1,0,0,0
FR_OCC_82,2020-05-13,8,6,37,4,3,5,1,5,17,20,0,4,0,0,0,0,0,0
FR_OCC_82,2020-05-14,7,6,37,4,2,5,1,5,17,20,0,4,0,0,0,0,0,0
FR_OCC_82,2020-05-15,7,6,37,4,2,5,1,5,17,20,0,4,0,0,0,0,0,0
FR_OCC_82,2020-05-16,6,5,37,5,2,4,1,4,17,20,0,5,0,1,0,0,0,1
FR_OCC_82,2020-05-17,6,5,37,5,2,4,1,4,17,20,0,5,0,0,0,0,0,0
FR_OCC_82,2020-05-18,6,4,37,5,2,4,1,3,17,20,0,5,0,0,0,0,0,0
FR_OCC_82,2020-05-19,6,4,37,5,2,4,1,3,17,20,0,5,0,0,0,0,0,0
FR_OCC_82,2020-05-20,6,4,37,5,2,4,1,3,17,20,0,5,0,0,0,0,0,0
FR_OCC_82,2020-05-21,7,4,37,5,2,5,1,3,17,20,0,5,0,0,0,0,0,0
FR_OCC_82,2020-05-22,7,4,37,5,2,5,1,3,17,20,0,5,0,0,0,0,0,0
FR_OCC_82,2020-05-23,6,3,38,5,2,4,0,3,17,21,0,5,1,0,0,1,0,0
FR_OCC_82,2020-05-24,7,4,38,5,2,5,0,4,17,21,0,5,0,0,0,0,0,0
FR_OCC_82,2020-05-25,7,4,38,5,2,5,0,4,17,21,0,5,0,0,0,0,0,0
FR_OCC_82,2020-05-26,7,4,38,5,2,5,0,4,17,21,0,5,0,0,0,0,0,0
FR_OCC_82,2020-05-27,7,4,39,5,2,5,0,4,18,21,0,5,1,0,1,0,0,0
FR_OCC_82,2020-05-28,6,3,40,5,2,4,0,3,18,22,0,5,1,0,0,1,0,0
FR_OCC_82,2020-05-29,6,3,40,5,2,4,0,3,18,22,0,5,0,0,0,0,0,0
FR_OCC_82,2020-05-30,6,2,40,5,2,4,0,2,18,22,0,5,0,0,0,0,0,0
FR_OCC_82,2020-05-31,6,2,40,5,2,4,0,2,18,22,0,5,0,0,0,0,0,0
FR_OCC_82,2020-06-01,6,2,40,5,2,4,0,2,18,22,0,5,0,0,0,0,0,0
FR_OCC_82,2020-06-02,6,2,40,5,2,4,0,2,18,22,0,5,0,0,0,0,0,0
FR_OCC_82,2020-06-03,6,2,40,5,2,4,0,2,18,22,0,5,0,0,0,0,0,0
FR_OCC_82,2020-06-04,5,2,41,5,2,3,0,2,18,23,0,5,1,0,0,1,0,0
FR_OCC_82,2020-06-05,4,1,41,6,2,2,0,1,18,23,0,6,0,1,0,0,0,1
FR_OCC_82,2020-06-06,4,1,41,6,2,2,0,1,18,23,0,6,0,0,0,0,0,0
FR_OCC_82,2020-06-07,4,1,41,6,2,2,0,1,18,23,0,6,0,0,0,0,0,0
FR_OCC_82,2020-06-08,4,1,41,6,2,2,0,1,18,23,0,6,0,0,0,0,0,0
FR_OCC_82,2020-06-09,4,1,41,6,2,2,0,1,18,23,0,6,0,0,0,0,0,0
FR_OCC_82,2020-06-10,4,1,41,6,2,2,0,1,18,23,0,6,0,0,0,0,0,0
FR_OCC_82,2020-06-11,3,1,42,6,1,2,0,1,19,23,0,6,1,0,1,0,0,0
FR_OCC_82,2020-06-12,3,1,42,6,1,2,0,1,19,23,0,6,0,0,0,0,0,0
FR_OCC_82,2020-06-13,3,1,42,6,1,2,0,1,19,23,0,6,0,0,0,0,0,0
FR_OCC_82,2020-06-14,3,1,42,6,1,2,0,1,19,23,0,6,0,0,0,0,0,0
FR_OCC_82,2020-06-15,3,1,42,6,1,2,0,1,19,23,0,6,0,0,0,0,0,0
FR_OCC_82,2020-06-16,3,1,42,6,1,2,0,1,19,23,0,6,0,0,0,0,0,0
FR_OCC_82,2020-06-17,3,1,42,6,1,2,0,1,19,23,0,6,0,0,0,0,0,0
FR_OCC_82,2020-06-18,3,1,42,6,1,2,0,1,19,23,0,6,0,0,0,0,0,0
FR_OCC_82,2020-06-19,3,1,42,6,1,2,0,1,19,23,0,6,0,0,0,0,0,0
FR_OCC_82,2020-06-20,3,1,42,6,1,2,0,1,19,23,0,6,0,0,0,0,0,0
FR_OCC_82,2020-06-21,3,1,42,6,1,2,0,1,19,23,0,6,0,0,0,0,0,0
FR_PAC,2020-03-18,166,24,201,7,81,85,8,16,95,106,5,2,,,,,,
FR_PAC,2020-03-19,212,43,252,9,96,116,15,28,123,129,6,3,51,2,28,23,1,1
FR_PAC,2020-03-20,278,54,278,11,132,146,17,37,136,142,7,4,26,2,13,13,1,1
FR_PAC,2020-03-21,316,65,308,13,157,159,21,44,154,154,8,5,30,2,18,12,1,1
FR_PAC,2020-03-22,358,77,325,14,172,186,26,51,163,162,8,6,17,1,9,8,0,1
FR_PAC,2020-03-23,452,111,374,20,211,241,33,78,186,188,11,9,49,6,23,26,3,3
FR_PAC,2020-03-24,515,132,431,26,228,287,38,94,221,210,15,11,57,6,35,22,4,2
FR_PAC,2020-03-25,581,142,527,33,258,323,40,102,268,259,20,13,96,7,47,49,5,2
FR_PAC,2020-03-26,672,163,584,44,299,373,48,115,296,288,24,20,57,11,28,29,4,7
FR_PAC,2020-03-27,798,185,627,48,337,461,53,132,322,305,27,21,43,4,26,17,3,1
FR_PAC,2020-03-28,903,207,673,55,384,519,61,146,349,324,29,26,46,7,27,19,2,5
FR_PAC,2020-03-29,1045,242,693,65,441,604,66,176,361,332,32,33,20,10,12,8,3,7
FR_PAC,2020-03-30,1189,286,742,80,504,685,81,205,384,358,38,42,49,15,23,26,6,9
FR_PAC,2020-03-31,1267,310,875,102,537,730,84,226,446,429,44,58,133,22,62,71,6,16
FR_PAC,2020-04-01,1334,331,991,124,551,783,86,245,503,488,56,68,116,22,57,59,12,10
FR_PAC,2020-04-02,1464,367,1051,141,603,861,101,266,534,517,62,79,60,17,31,29,6,11
FR_PAC,2020-04-03,1569,392,1153,159,624,945,109,283,595,558,70,89,102,18,61,41,8,10
FR_PAC,2020-04-04,1615,412,1247,175,641,974,115,297,638,609,78,97,94,16,43,51,8,8
FR_PAC,2020-04-05,1695,430,1279,192,683,1012,123,307,648,631,86,106,32,17,10,22,8,9
FR_PAC,2020-04-06,1801,434,1357,227,738,1063,120,314,685,672,103,124,78,35,37,41,17,18
FR_PAC,2020-04-07,1712,428,1547,249,693,1019,117,311,772,775,111,138,190,22,87,103,8,14
FR_PAC,2020-04-08,1771,431,1655,264,722,1049,119,312,822,833,117,147,108,15,50,58,6,9
FR_PAC,2020-04-09,1725,420,1810,281,707,1018,114,306,889,921,126,155,155,17,67,88,9,8
FR_PAC,2020-04-10,1780,435,1915,294,753,1027,118,317,933,982,132,162,105,13,44,61,6,7
FR_PAC,2020-04-11,1744,430,2020,312,745,999,116,314,982,1038,141,171,105,18,49,56,9,9
FR_PAC,2020-04-12,1806,432,2064,323,786,1020,117,315,1007,1057,145,178,44,11,25,19,4,7
FR_PAC,2020-04-13,1833,430,2093,343,789,1044,114,316,1024,1069,156,187,29,20,17,12,11,9
FR_PAC,2020-04-14,1866,415,2207,369,798,1068,112,303,1077,1130,167,202,114,26,53,61,11,15
FR_PAC,2020-04-15,1880,394,2309,388,813,1067,108,286,1118,1191,174,214,102,19,41,61,7,12
FR_PAC,2020-04-16,1853,384,2416,416,804,1049,109,275,1173,1243,186,230,107,28,55,52,12,16
FR_PAC,2020-04-17,1860,368,2531,441,812,1048,108,260,1229,1302,198,243,115,25,56,59,12,13
FR_PAC,2020-04-18,1820,355,2639,457,795,1025,101,254,1280,1359,208,249,108,16,51,57,10,6
FR_PAC,2020-04-19,1755,339,2723,464,774,981,96,243,1318,1405,211,253,84,7,38,46,3,4
FR_PAC,2020-04-20,1761,345,2788,493,779,982,102,243,1352,1436,226,267,65,29,34,31,15,14
FR_PAC,2020-04-21,1758,326,2899,520,793,965,95,231,1397,1502,239,281,111,27,45,66,13,14
FR_PAC,2020-04-22,1777,318,3000,556,814,963,93,225,1448,1552,253,303,101,36,51,50,14,22
FR_PAC,2020-04-23,1763,309,3088,570,818,945,90,219,1485,1603,262,308,88,14,37,51,9,5
FR_PAC,2020-04-24,1726,296,3190,605,805,921,83,213,1532,1658,277,328,102,35,47,55,15,20
FR_PAC,2020-04-25,1650,282,3316,620,779,871,77,205,1587,1729,285,335,126,15,55,71,8,7
FR_PAC,2020-04-26,1673,287,3326,626,793,880,77,210,1589,1737,285,341,10,6,2,8,0,6
FR_PAC,2020-04-27,1663,282,3406,651,798,865,80,202,1612,1794,294,357,80,25,23,57,9,16
FR_PAC,2020-04-28,1646,282,3475,660,789,857,84,198,1645,1830,299,361,69,9,33,36,5,4
FR_PAC,2020-04-29,1595,285,3653,681,768,827,82,203,1724,1929,308,373,178,21,79,99,9,12
FR_PAC,2020-04-30,1520,265,3760,695,733,787,72,193,1772,1988,316,379,107,14,48,59,8,6
FR_PAC,2020-05-01,1494,247,3815,702,721,773,66,181,1800,2015,319,383,55,7,28,27,3,4
FR_PAC,2020-05-02,1488,235,3857,706,721,767,62,173,1815,2042,321,385,42,4,15,27,2,2
FR_PAC,2020-05-03,1498,234,3871,711,728,770,61,173,1822,2049,324,387,14,5,7,7,3,2
FR_PAC,2020-05-04,1467,219,3940,730,719,748,52,167,1851,2089,334,396,69,19,29,40,10,9
FR_PAC,2020-05-05,1382,210,4027,744,674,708,50,160,1901,2126,339,405,87,14,50,37,5,9
FR_PAC,2020-05-06,1356,195,4093,754,653,703,46,149,1938,2155,344,410,66,10,37,29,5,5
FR_PAC,2020-05-07,1332,184,4152,762,643,689,41,143,1967,2185,347,415,59,8,29,30,3,5
FR_PAC,2020-05-08,1314,179,4186,768,629,685,34,145,1987,2199,352,416,34,6,20,14,5,1
FR_PAC,2020-05-09,1315,175,4195,771,628,687,34,141,1992,2203,354,417,9,3,5,4,2,1
FR_PAC,2020-05-10,1315,174,4210,775,632,683,35,139,2000,2210,354,421,15,4,8,7,0,4
FR_PAC,2020-05-11,1297,168,4246,795,624,673,38,130,2019,2227,362,433,36,20,19,17,8,12
FR_PAC,2020-05-12,1262,155,4296,803,613,649,40,115,2040,2256,364,439,50,8,21,29,2,6
FR_PAC,2020-05-13,1219,148,4358,815,585,634,38,110,2076,2282,366,449,62,12,36,26,2,10
FR_PAC,2020-05-14,1183,142,4405,823,574,609,36,106,2089,2316,369,454,47,8,13,34,3,5
FR_PAC,2020-05-15,1135,125,4474,830,554,581,31,94,2119,2355,370,460,69,7,30,39,1,6
FR_PAC,2020-05-16,1116,122,4505,835,547,569,32,90,2130,2375,372,463,31,5,11,20,2,3
FR_PAC,2020-05-17,1117,121,4510,839,548,569,31,90,2132,2378,373,466,5,4,2,3,1,3
FR_PAC,2020-05-18,1101,119,4534,848,539,562,30,89,2144,2390,376,472,24,9,12,12,3,6
FR_PAC,2020-05-19,1081,114,4567,854,535,546,27,87,2158,2409,379,475,33,6,14,19,3,3
FR_PAC,2020-05-20,1034,103,4628,861,511,523,21,82,2190,2438,382,479,61,7,32,29,3,4
FR_PAC,2020-05-21,1023,99,4653,868,502,521,20,79,2204,2449,387,481,25,7,14,11,5,2
FR_PAC,2020-05-22,1005,101,4669,873,494,511,21,80,2214,2455,388,485,16,5,10,6,1,4
FR_PAC,2020-05-23,1007,99,4679,875,498,509,21,78,2216,2463,388,487,10,2,2,8,0,2
FR_PAC,2020-05-24,1011,98,4681,876,502,509,20,78,2216,2465,388,488,2,1,0,2,0,1
FR_PAC,2020-05-25,981,95,4719,882,493,488,20,75,2231,2488,390,492,38,6,15,23,2,4
FR_PAC,2020-05-26,948,92,4757,887,477,471,19,73,2250,2507,391,496,38,5,19,19,1,4
FR_PAC,2020-05-27,930,91,4784,888,468,462,18,73,2261,2523,392,496,27,1,11,16,1,0
FR_PAC,2020-05-28,908,86,4812,891,454,454,15,71,2279,2533,393,498,28,3,18,10,1,2
FR_PAC,2020-05-29,875,83,4848,895,435,440,16,67,2299,2549,396,499,36,4,20,16,3,1
FR_PAC,2020-05-30,876,77,4855,895,439,437,15,62,2300,2555,396,499,7,0,1,6,0,0
FR_PAC,2020-05-31,882,77,4857,895,443,439,15,62,2300,2557,396,499,2,0,0,2,0,0
FR_PAC,2020-06-01,877,77,4864,895,438,439,15,62,2306,2558,396,499,7,0,6,1,0,0
FR_PAC,2020-06-02,861,74,4884,905,431,430,16,58,2317,2567,399,506,20,10,11,9,3,7
FR_PAC,2020-06-03,843,72,4917,908,416,427,16,56,2340,2577,401,507,33,3,23,10,2,1
FR_PAC,2020-06-04,799,64,4965,909,395,404,14,50,2362,2603,402,507,48,1,22,26,1,0
FR_PAC,2020-06-05,791,65,4997,910,391,400,14,51,2374,2623,403,507,32,1,12,20,1,0
FR_PAC,2020-06-06,786,64,5009,910,391,395,13,51,2378,2631,403,507,12,0,4,8,0,0
FR_PAC,2020-06-07,784,64,5012,910,389,395,13,51,2381,2631,403,507,3,0,3,0,0,0
FR_PAC,2020-06-08,774,64,5027,914,384,390,14,50,2388,2639,405,509,15,4,7,8,2,2
FR_PAC,2020-06-09,767,61,5039,916,381,386,14,47,2393,2646,405,511,12,2,5,7,0,2
FR_PAC,2020-06-10,748,58,5064,917,374,374,13,45,2404,2660,405,512,25,1,11,14,0,1
FR_PAC,2020-06-11,729,58,5085,919,366,363,13,45,2414,2671,406,513,21,2,10,11,1,1
FR_PAC,2020-06-12,710,57,5106,920,355,355,13,44,2427,2679,406,514,21,1,13,8,0,1
FR_PAC,2020-06-13,713,57,5112,920,359,354,13,44,2430,2682,406,514,6,0,3,3,0,0
FR_PAC,2020-06-14,712,57,5114,920,358,354,13,44,2432,2682,406,514,2,0,2,0,0,0
FR_PAC,2020-06-15,713,55,5118,922,359,354,13,42,2433,2685,406,516,4,2,1,3,0,2
FR_PAC,2020-06-16,697,55,5139,924,351,346,13,42,2445,2694,406,518,21,2,12,9,0,2
FR_PAC,2020-06-17,686,55,5151,924,345,341,14,41,2452,2699,406,518,12,0,7,5,0,0
FR_PAC,2020-06-18,678,54,5163,926,342,336,14,40,2458,2705,406,520,12,2,6,6,0,2
FR_PAC,2020-06-19,671,47,5172,928,338,333,10,37,2464,2708,407,521,9,2,6,3,1,1
FR_PAC,2020-06-20,652,43,5191,930,329,323,9,34,2473,2718,408,522,19,2,9,10,1,1
FR_PAC,2020-06-21,651,43,5195,930,328,323,9,34,2476,2719,408,522,4,0,3,1,0,0
FR_PAC_04,2020-03-18,3,1,2,0,0,3,0,1,2,0,0,0,,,,,,
FR_PAC_04,2020-03-19,3,1,3,0,0,3,0,1,2,1,0,0,1,0,0,1,0,0
FR_PAC_04,2020-03-20,3,1,3,0,0,3,0,1,2,1,0,0,0,0,0,0,0,0
FR_PAC_04,2020-03-21,4,1,3,0,1,3,0,1,2,1,0,0,0,0,0,0,0,0
FR_PAC_04,2020-03-22,4,1,3,0,1,3,0,1,2,1,0,0,0,0,0,0,0,0
FR_PAC_04,2020-03-23,4,1,3,0,1,3,0,1,2,1,0,0,0,0,0,0,0,0
FR_PAC_04,2020-03-24,4,1,3,0,1,3,0,1,2,1,0,0,0,0,0,0,0,0
FR_PAC_04,2020-03-25,8,1,16,0,3,5,0,1,10,6,0,0,13,0,8,5,0,0
FR_PAC_04,2020-03-26,9,1,16,0,4,5,0,1,10,6,0,0,0,0,0,0,0,0
FR_PAC_04,2020-03-27,11,1,18,0,5,6,0,1,11,7,0,0,2,0,1,1,0,0
FR_PAC_04,2020-03-28,12,1,21,0,6,6,0,1,14,7,0,0,3,0,3,0,0,0
FR_PAC_04,2020-03-29,12,1,21,0,6,6,0,1,14,7,0,0,0,0,0,0,0,0
FR_PAC_04,2020-03-30,19,4,28,1,8,11,1,3,19,9,1,0,7,1,5,2,1,0
FR_PAC_04,2020-03-31,20,4,30,2,10,10,1,3,20,10,1,1,2,1,1,1,0,1
FR_PAC_04,2020-04-01,21,5,33,2,9,12,1,4,23,10,1,1,3,0,3,0,0,0
FR_PAC_04,2020-04-02,24,5,45,3,14,10,1,4,27,18,1,2,12,1,4,8,0,1
FR_PAC_04,2020-04-03,28,6,45,3,15,13,1,5,27,18,1,2,0,0,0,0,0,0
FR_PAC_04,2020-04-04,28,5,44,3,15,13,1,4,26,18,1,2,-1,0,-1,0,0,0
FR_PAC_04,2020-04-05,30,7,44,3,16,14,2,5,26,18,1,2,0,0,0,0,0,0
FR_PAC_04,2020-04-06,34,5,49,4,18,16,1,4,30,19,1,3,5,1,4,1,0,1
FR_PAC_04,2020-04-07,28,3,56,4,15,13,1,2,33,23,1,3,7,0,3,4,0,0
FR_PAC_04,2020-04-08,29,3,58,4,17,12,1,2,33,25,1,3,2,0,0,2,0,0
FR_PAC_04,2020-04-09,30,3,58,4,18,12,1,2,33,25,1,3,0,0,0,0,0,0
FR_PAC_04,2020-04-10,34,4,60,4,21,13,2,2,33,27,1,3,2,0,0,2,0,0
FR_PAC_04,2020-04-11,34,5,63,4,22,12,3,2,33,30,1,3,3,0,0,3,0,0
FR_PAC_04,2020-04-12,33,5,63,5,22,11,3,2,33,30,1,4,0,1,0,0,0,1
FR_PAC_04,2020-04-13,32,4,63,5,21,11,2,2,33,30,1,4,0,0,0,0,0,0
FR_PAC_04,2020-04-14,32,4,71,5,20,12,2,2,39,32,1,4,8,0,6,2,0,0
FR_PAC_04,2020-04-15,36,4,72,5,22,14,2,2,40,32,1,4,1,0,1,0,0,0
FR_PAC_04,2020-04-16,33,3,74,6,20,13,2,1,42,32,1,5,2,1,2,0,0,1
FR_PAC_04,2020-04-17,33,3,75,6,19,14,2,1,43,32,1,5,1,0,1,0,0,0
FR_PAC_04,2020-04-18,33,3,76,6,19,14,2,1,43,33,1,5,1,0,0,1,0,0
FR_PAC_04,2020-04-19,37,3,78,6,23,14,2,1,44,34,1,5,2,0,1,1,0,0
FR_PAC_04,2020-04-20,42,2,79,6,27,15,2,0,45,34,1,5,1,0,1,0,0,0
FR_PAC_04,2020-04-21,38,2,83,7,23,15,2,0,48,35,2,5,4,1,3,1,1,0
FR_PAC_04,2020-04-22,31,2,90,7,18,13,2,0,53,37,2,5,7,0,5,2,0,0
FR_PAC_04,2020-04-23,29,2,94,7,15,14,2,0,56,38,2,5,4,0,3,1,0,0
FR_PAC_04,2020-04-24,30,2,96,7,15,15,2,0,57,39,2,5,2,0,1,1,0,0
FR_PAC_04,2020-04-25,29,1,98,7,14,15,1,0,59,39,2,5,2,0,2,0,0,0
FR_PAC_04,2020-04-26,29,1,98,7,14,15,1,0,59,39,2,5,0,0,0,0,0,0
FR_PAC_04,2020-04-27,27,1,101,7,14,13,1,0,60,41,2,5,3,0,1,2,0,0
FR_PAC_04,2020-04-28,27,1,101,7,14,13,1,0,60,41,2,5,0,0,0,0,0,0
FR_PAC_04,2020-04-29,26,2,105,7,15,11,1,1,61,44,2,5,4,0,1,3,0,0
FR_PAC_04,2020-04-30,27,2,106,7,16,11,1,1,62,44,2,5,1,0,1,0,0,0
FR_PAC_04,2020-05-01,25,2,106,8,16,9,1,1,62,44,2,6,0,1,0,0,0,1
FR_PAC_04,2020-05-02,25,2,106,8,16,9,1,1,62,44,2,6,0,0,0,0,0,0
FR_PAC_04,2020-05-03,25,2,106,8,16,9,1,1,62,44,2,6,0,0,0,0,0,0
FR_PAC_04,2020-05-04,23,2,107,8,16,7,1,1,62,45,2,6,1,0,0,1,0,0
FR_PAC_04,2020-05-05,23,2,108,8,16,7,1,1,62,46,2,6,1,0,0,1,0,0
FR_PAC_04,2020-05-06,22,2,110,8,15,7,1,1,63,47,2,6,2,0,1,1,0,0
FR_PAC_04,2020-05-07,19,1,111,9,13,6,1,0,64,47,2,7,1,1,1,0,0,1
FR_PAC_04,2020-05-08,17,1,113,9,12,5,1,0,65,48,2,7,2,0,1,1,0,0
FR_PAC_04,2020-05-09,17,1,113,9,12,5,1,0,65,48,2,7,0,0,0,0,0,0
FR_PAC_04,2020-05-10,17,1,113,9,12,5,1,0,65,48,2,7,0,0,0,0,0,0
FR_PAC_04,2020-05-11,18,1,113,9,12,6,1,0,65,48,2,7,0,0,0,0,0,0
FR_PAC_04,2020-05-12,18,2,113,9,12,6,2,0,65,48,2,7,0,0,0,0,0,0
FR_PAC_04,2020-05-13,18,2,113,9,12,6,2,0,65,48,2,7,0,0,0,0,0,0
FR_PAC_04,2020-05-14,17,1,114,9,12,5,1,0,65,49,2,7,1,0,0,1,0,0
FR_PAC_04,2020-05-15,17,1,114,9,12,5,1,0,65,49,2,7,0,0,0,0,0,0
FR_PAC_04,2020-05-16,19,1,114,9,14,5,1,0,65,49,2,7,0,0,0,0,0,0
FR_PAC_04,2020-05-17,18,1,114,10,13,5,1,0,65,49,3,7,0,1,0,0,1,0
FR_PAC_04,2020-05-18,17,1,115,10,12,5,1,0,65,50,3,7,1,0,0,1,0,0
FR_PAC_04,2020-05-19,17,1,115,11,12,5,1,0,65,50,3,8,0,1,0,0,0,1
FR_PAC_04,2020-05-20,16,1,115,11,11,5,1,0,65,50,3,8,0,0,0,0,0,0
FR_PAC_04,2020-05-21,16,1,115,11,11,5,1,0,65,50,3,8,0,0,0,0,0,0
FR_PAC_04,2020-05-22,16,1,115,11,11,5,1,0,65,50,3,8,0,0,0,0,0,0
FR_PAC_04,2020-05-23,16,1,115,11,11,5,1,0,65,50,3,8,0,0,0,0,0,0
FR_PAC_04,2020-05-24,16,1,115,11,11,5,1,0,65,50,3,8,0,0,0,0,0,0
FR_PAC_04,2020-05-25,15,1,116,11,11,4,1,0,65,51,3,8,1,0,0,1,0,0
FR_PAC_04,2020-05-26,15,1,116,11,11,4,1,0,65,51,3,8,0,0,0,0,0,0
FR_PAC_04,2020-05-27,14,0,116,12,10,4,0,0,65,51,4,8,0,1,0,0,1,0
FR_PAC_04,2020-05-28,14,0,116,12,10,4,0,0,65,51,4,8,0,0,0,0,0,0
FR_PAC_04,2020-05-29,14,0,116,12,10,4,0,0,65,51,4,8,0,0,0,0,0,0
FR_PAC_04,2020-05-30,14,0,116,12,10,4,0,0,65,51,4,8,0,0,0,0,0,0
FR_PAC_04,2020-05-31,14,0,116,12,10,4,0,0,65,51,4,8,0,0,0,0,0,0
FR_PAC_04,2020-06-01,13,0,117,12,9,4,0,0,66,51,4,8,1,0,1,0,0,0
FR_PAC_04,2020-06-02,13,0,117,12,9,4,0,0,66,51,4,8,0,0,0,0,0,0
FR_PAC_04,2020-06-03,13,0,118,12,9,4,0,0,66,52,4,8,1,0,0,1,0,0
FR_PAC_04,2020-06-04,13,0,118,12,9,4,0,0,66,52,4,8,0,0,0,0,0,0
FR_PAC_04,2020-06-05,13,0,118,12,9,4,0,0,66,52,4,8,0,0,0,0,0,0
FR_PAC_04,2020-06-06,13,0,118,12,9,4,0,0,66,52,4,8,0,0,0,0,0,0
FR_PAC_04,2020-06-07,13,0,118,12,9,4,0,0,66,52,4,8,0,0,0,0,0,0
FR_PAC_04,2020-06-08,12,0,119,12,9,3,0,0,66,53,4,8,1,0,0,1,0,0
FR_PAC_04,2020-06-09,12,0,119,12,9,3,0,0,66,53,4,8,0,0,0,0,0,0
FR_PAC_04,2020-06-10,12,0,119,12,9,3,0,0,66,53,4,8,0,0,0,0,0,0
FR_PAC_04,2020-06-11,8,0,123,12,5,3,0,0,70,53,4,8,4,0,4,0,0,0
FR_PAC_04,2020-06-12,4,0,126,13,3,1,0,0,72,54,4,9,3,1,2,1,0,1
FR_PAC_04,2020-06-13,4,0,126,13,3,1,0,0,72,54,4,9,0,0,0,0,0,0
FR_PAC_04,2020-06-14,4,0,126,13,3,1,0,0,72,54,4,9,0,0,0,0,0,0
FR_PAC_04,2020-06-15,4,0,126,13,3,1,0,0,72,54,4,9,0,0,0,0,0,0
FR_PAC_04,2020-06-16,4,0,126,13,3,1,0,0,72,54,4,9,0,0,0,0,0,0
FR_PAC_04,2020-06-17,3,0,127,13,2,1,0,0,73,54,4,9,1,0,1,0,0,0
FR_PAC_04,2020-06-18,3,0,127,13,2,1,0,0,73,54,4,9,0,0,0,0,0,0
FR_PAC_04,2020-06-19,3,0,127,13,2,1,0,0,73,54,4,9,0,0,0,0,0,0
FR_PAC_04,2020-06-20,3,0,127,13,2,1,0,0,73,54,4,9,0,0,0,0,0,0
FR_PAC_04,2020-06-21,3,0,127,13,2,1,0,0,73,54,4,9,0,0,0,0,0,0
FR_PAC_05,2020-03-18,8,1,9,0,7,1,1,0,2,7,0,0,,,,,,
FR_PAC_05,2020-03-19,10,1,10,0,7,3,1,0,2,8,0,0,1,0,0,1,0,0
FR_PAC_05,2020-03-20,13,1,10,0,8,5,1,0,2,8,0,0,0,0,0,0,0,0
FR_PAC_05,2020-03-21,13,1,10,0,8,5,1,0,2,8,0,0,0,0,0,0,0,0
FR_PAC_05,2020-03-22,14,1,11,0,9,5,1,0,3,8,0,0,1,0,1,0,0,0
FR_PAC_05,2020-03-23,19,3,13,0,14,5,2,1,4,9,0,0,2,0,1,1,0,0
FR_PAC_05,2020-03-24,19,4,16,1,10,9,3,1,8,8,1,0,3,1,4,-1,1,0
FR_PAC_05,2020-03-25,23,4,19,1,11,12,3,1,9,10,1,0,3,0,1,2,0,0
FR_PAC_05,2020-03-26,29,6,20,1,13,16,3,3,9,11,1,0,1,0,0,1,0,0
FR_PAC_05,2020-03-27,32,7,22,1,16,16,3,4,9,13,1,0,2,0,0,2,0,0
FR_PAC_05,2020-03-28,32,7,26,1,16,16,3,4,11,15,1,0,4,0,2,2,0,0
FR_PAC_05,2020-03-29,39,8,27,1,16,23,2,6,12,15,1,0,1,0,1,0,0,0
FR_PAC_05,2020-03-30,38,6,33,1,17,21,1,5,15,18,1,0,6,0,3,3,0,0
FR_PAC_05,2020-03-31,42,7,36,1,17,25,1,6,16,20,1,0,3,0,1,2,0,0
FR_PAC_05,2020-04-01,52,11,36,1,22,30,3,8,16,20,1,0,0,0,0,0,0,0
FR_PAC_05,2020-04-02,59,16,37,1,24,35,5,11,16,21,1,0,1,0,0,1,0,0
FR_PAC_05,2020-04-03,64,16,37,1,28,36,7,9,16,21,1,0,0,0,0,0,0,0
FR_PAC_05,2020-04-04,60,17,42,1,29,31,7,10,16,26,1,0,5,0,0,5,0,0
FR_PAC_05,2020-04-05,59,17,45,1,29,30,7,10,16,29,1,0,3,0,0,3,0,0
FR_PAC_05,2020-04-06,63,17,46,2,29,34,6,11,17,29,2,0,1,1,1,0,1,0
FR_PAC_05,2020-04-07,64,17,48,2,29,35,6,11,19,29,2,0,2,0,2,0,0,0
FR_PAC_05,2020-04-08,61,16,53,2,27,34,6,10,22,31,2,0,5,0,3,2,0,0
FR_PAC_05,2020-04-09,54,15,61,2,23,31,6,9,26,35,2,0,8,0,4,4,0,0
FR_PAC_05,2020-04-10,52,15,65,2,25,27,6,9,26,39,2,0,4,0,0,4,0,0
FR_PAC_05,2020-04-11,50,15,68,2,24,26,6,9,28,40,2,0,3,0,2,1,0,0
FR_PAC_05,2020-04-12,49,13,68,3,25,24,6,7,28,40,2,1,0,1,0,0,0,1
FR_PAC_05,2020-04-13,49,13,70,3,23,26,6,7,30,40,2,1,2,0,2,0,0,0
FR_PAC_05,2020-04-14,46,13,73,3,23,23,6,7,30,43,2,1,3,0,0,3,0,0
FR_PAC_05,2020-04-15,44,12,78,4,23,21,6,6,32,46,2,2,5,1,2,3,0,1
FR_PAC_05,2020-04-16,42,12,81,4,22,20,6,6,34,47,2,2,3,0,2,1,0,0
FR_PAC_05,2020-04-17,42,11,81,5,22,20,5,6,34,47,3,2,0,1,0,0,1,0
FR_PAC_05,2020-04-18,38,9,85,6,20,18,3,6,35,50,4,2,4,1,1,3,1,0
FR_PAC_05,2020-04-19,38,9,85,6,20,18,3,6,35,50,4,2,0,0,0,0,0,0
FR_PAC_05,2020-04-20,38,10,85,6,20,18,4,6,35,50,4,2,0,0,0,0,0,0
FR_PAC_05,2020-04-21,41,9,87,6,24,17,4,5,35,52,4,2,2,0,0,2,0,0
FR_PAC_05,2020-04-22,41,9,88,6,25,16,4,5,35,53,4,2,1,0,0,1,0,0
FR_PAC_05,2020-04-23,41,8,89,6,26,15,3,5,35,54,4,2,1,0,0,1,0,0
FR_PAC_05,2020-04-24,37,7,92,6,23,14,2,5,37,55,4,2,3,0,2,1,0,0
FR_PAC_05,2020-04-25,38,8,93,6,23,15,2,6,38,55,4,2,1,0,1,0,0,0
FR_PAC_05,2020-04-26,38,8,93,6,23,15,2,6,38,55,4,2,0,0,0,0,0,0
FR_PAC_05,2020-04-27,33,8,98,6,21,12,2,6,40,58,4,2,5,0,2,3,0,0
FR_PAC_05,2020-04-28,33,8,98,6,21,12,2,6,40,58,4,2,0,0,0,0,0,0
FR_PAC_05,2020-04-29,33,7,99,8,21,12,2,5,41,58,5,3,1,2,1,0,1,1
FR_PAC_05,2020-04-30,35,6,99,8,22,13,1,5,41,58,5,3,0,0,0,0,0,0
FR_PAC_05,2020-05-01,36,6,99,8,23,13,1,5,41,58,5,3,0,0,0,0,0,0
FR_PAC_05,2020-05-02,38,6,99,8,25,13,1,5,41,58,5,3,0,0,0,0,0,0
FR_PAC_05,2020-05-03,38,6,99,8,25,13,1,5,41,58,5,3,0,0,0,0,0,0
FR_PAC_05,2020-05-04,37,6,99,8,24,13,1,5,41,58,5,3,0,0,0,0,0,0
FR_PAC_05,2020-05-05,38,4,100,10,24,14,0,4,42,58,7,3,1,2,1,0,2,0
FR_PAC_05,2020-05-06,38,4,100,10,24,14,0,4,42,58,7,3,0,0,0,0,0,0
FR_PAC_05,2020-05-07,35,4,102,11,22,13,0,4,43,59,8,3,2,1,1,1,1,0
FR_PAC_05,2020-05-08,35,4,102,11,22,13,0,4,43,59,8,3,0,0,0,0,0,0
FR_PAC_05,2020-05-09,35,5,103,11,21,14,0,5,44,59,8,3,1,0,1,0,0,0
FR_PAC_05,2020-05-10,35,5,103,11,21,14,0,5,44,59,8,3,0,0,0,0,0,0
FR_PAC_05,2020-05-11,34,5,104,12,20,14,0,5,45,59,8,4,1,1,1,0,0,1
FR_PAC_05,2020-05-12,33,5,104,13,19,14,0,5,45,59,9,4,0,1,0,0,1,0
FR_PAC_05,2020-05-13,32,5,105,13,18,14,0,5,46,59,9,4,1,0,1,0,0,0
FR_PAC_05,2020-05-14,29,2,106,15,18,11,0,2,46,60,9,6,1,2,0,1,0,2
FR_PAC_05,2020-05-15,29,2,106,15,18,11,0,2,46,60,9,6,0,0,0,0,0,0
FR_PAC_05,2020-05-16,29,2,106,15,18,11,0,2,46,60,9,6,0,0,0,0,0,0
FR_PAC_05,2020-05-17,29,2,106,15,18,11,0,2,46,60,9,6,0,0,0,0,0,0
FR_PAC_05,2020-05-18,29,2,107,16,18,11,0,2,46,61,9,7,1,1,0,1,0,1
FR_PAC_05,2020-05-19,28,2,108,16,17,11,0,2,47,61,9,7,1,0,1,0,0,0
FR_PAC_05,2020-05-20,28,2,108,16,17,11,0,2,47,61,9,7,0,0,0,0,0,0
FR_PAC_05,2020-05-21,28,2,108,16,17,11,0,2,47,61,9,7,0,0,0,0,0,0
FR_PAC_05,2020-05-22,27,2,108,17,17,10,0,2,47,61,9,8,0,1,0,0,0,1
FR_PAC_05,2020-05-23,27,2,108,17,17,10,0,2,47,61,9,8,0,0,0,0,0,0
FR_PAC_05,2020-05-24,27,2,108,17,17,10,0,2,47,61,9,8,0,0,0,0,0,0
FR_PAC_05,2020-05-25,27,2,108,17,17,10,0,2,47,61,9,8,0,0,0,0,0,0
FR_PAC_05,2020-05-26,26,2,109,17,17,9,0,2,47,62,9,8,1,0,0,1,0,0
FR_PAC_05,2020-05-27,26,2,109,17,17,9,0,2,47,62,9,8,0,0,0,0,0,0
FR_PAC_05,2020-05-28,27,2,109,17,18,9,0,2,47,62,9,8,0,0,0,0,0,0
FR_PAC_05,2020-05-29,27,2,109,17,18,9,0,2,47,62,9,8,0,0,0,0,0,0
FR_PAC_05,2020-05-30,27,2,109,17,18,9,0,2,47,62,9,8,0,0,0,0,0,0
FR_PAC_05,2020-05-31,27,2,109,17,18,9,0,2,47,62,9,8,0,0,0,0,0,0
FR_PAC_05,2020-06-01,27,2,109,17,18,9,0,2,47,62,9,8,0,0,0,0,0,0
FR_PAC_05,2020-06-02,23,2,112,18,14,9,0,2,50,62,10,8,3,1,3,0,1,0
FR_PAC_05,2020-06-03,23,2,112,18,14,9,0,2,50,62,10,8,0,0,0,0,0,0
FR_PAC_05,2020-06-04,22,1,113,18,13,9,0,1,51,62,10,8,1,0,1,0,0,0
FR_PAC_05,2020-06-05,22,1,113,18,13,9,0,1,51,62,10,8,0,0,0,0,0,0
FR_PAC_05,2020-06-06,20,1,115,18,11,9,0,1,53,62,10,8,2,0,2,0,0,0
FR_PAC_05,2020-06-07,20,1,115,18,11,9,0,1,53,62,10,8,0,0,0,0,0,0
FR_PAC_05,2020-06-08,20,1,115,18,11,9,0,1,53,62,10,8,0,0,0,0,0,0
FR_PAC_05,2020-06-09,21,1,115,18,11,10,0,1,53,62,10,8,0,0,0,0,0,0
FR_PAC_05,2020-06-10,20,1,115,18,11,9,0,1,53,62,10,8,0,0,0,0,0,0
FR_PAC_05,2020-06-11,16,1,119,18,9,7,0,1,55,64,10,8,4,0,2,2,0,0
FR_PAC_05,2020-06-12,10,0,125,18,3,7,0,0,61,64,10,8,6,0,6,0,0,0
FR_PAC_05,2020-06-13,9,0,126,18,2,7,0,0,62,64,10,8,1,0,1,0,0,0
FR_PAC_05,2020-06-14,9,0,126,18,2,7,0,0,62,64,10,8,0,0,0,0,0,0
FR_PAC_05,2020-06-15,9,0,126,18,2,7,0,0,62,64,10,8,0,0,0,0,0,0
FR_PAC_05,2020-06-16,9,0,126,18,2,7,0,0,62,64,10,8,0,0,0,0,0,0
FR_PAC_05,2020-06-17,9,1,127,18,3,6,1,0,62,65,10,8,1,0,0,1,0,0
FR_PAC_05,2020-06-18,9,0,127,18,3,6,0,0,62,65,10,8,0,0,0,0,0,0
FR_PAC_05,2020-06-19,9,0,127,18,3,6,0,0,62,65,10,8,0,0,0,0,0,0
FR_PAC_05,2020-06-20,9,0,127,18,3,6,0,0,62,65,10,8,0,0,0,0,0,0
FR_PAC_05,2020-06-21,9,0,127,18,3,6,0,0,62,65,10,8,0,0,0,0,0,0
FR_PAC_06,2020-03-18,25,1,47,2,10,15,0,1,28,19,2,0,,,,,,
FR_PAC_06,2020-03-19,32,4,48,2,11,21,0,4,29,19,2,0,1,0,1,0,0,0
FR_PAC_06,2020-03-20,41,6,60,4,16,25,0,6,34,26,3,1,12,2,5,7,1,1
FR_PAC_06,2020-03-21,44,6,60,6,18,26,0,6,35,25,4,2,0,2,1,-1,1,1
FR_PAC_06,2020-03-22,43,7,62,7,17,26,0,7,36,26,4,3,2,1,1,1,0,1
FR_PAC_06,2020-03-23,64,12,62,8,24,40,0,12,36,26,5,3,0,1,0,0,1,0
FR_PAC_06,2020-03-24,54,11,84,8,19,35,0,11,50,34,5,3,22,0,14,8,0,0
FR_PAC_06,2020-03-25,73,16,91,9,27,46,1,15,52,39,6,3,7,1,2,5,1,0
FR_PAC_06,2020-03-26,83,17,93,12,31,52,1,16,52,41,7,5,2,3,0,2,1,2
FR_PAC_06,2020-03-27,97,21,97,12,37,60,2,19,55,42,7,5,4,0,3,1,0,0
FR_PAC_06,2020-03-28,104,20,105,15,44,60,2,18,61,44,8,7,8,3,6,2,1,2
FR_PAC_06,2020-03-29,111,25,114,17,42,69,5,20,67,47,9,8,9,2,6,3,1,1
FR_PAC_06,2020-03-30,118,29,115,20,45,73,6,23,68,47,11,9,1,3,1,0,2,1
FR_PAC_06,2020-03-31,131,33,121,23,53,78,9,24,70,51,11,12,6,3,2,4,0,3
FR_PAC_06,2020-04-01,148,40,129,29,57,91,10,30,77,52,12,17,8,6,7,1,1,5
FR_PAC_06,2020-04-02,178,58,138,32,65,113,17,41,81,57,12,20,9,3,4,5,0,3
FR_PAC_06,2020-04-03,198,61,146,35,74,124,17,44,84,62,13,22,8,3,3,5,1,2
FR_PAC_06,2020-04-04,211,72,163,38,77,134,19,53,91,72,15,23,17,3,7,10,2,1
FR_PAC_06,2020-04-05,213,73,167,43,80,133,20,53,91,76,17,26,4,5,0,4,2,3
FR_PAC_06,2020-04-06,226,74,175,46,87,139,18,56,94,81,18,28,8,3,3,5,1,2
FR_PAC_06,2020-04-07,243,75,187,47,99,144,17,58,98,89,19,28,12,1,4,8,1,0
FR_PAC_06,2020-04-08,248,81,203,54,100,148,17,64,107,96,23,31,16,7,9,7,4,3
FR_PAC_06,2020-04-09,254,78,214,59,107,147,17,61,110,104,24,35,11,5,3,8,1,4
FR_PAC_06,2020-04-10,268,77,226,61,113,155,18,59,116,110,25,36,12,2,6,6,1,1
FR_PAC_06,2020-04-11,258,73,243,65,111,147,16,57,124,119,26,39,17,4,8,9,1,3
FR_PAC_06,2020-04-12,261,74,243,66,115,146,17,57,124,119,27,39,0,1,0,0,1,0
FR_PAC_06,2020-04-13,267,72,251,73,115,152,15,57,129,122,31,42,8,7,5,3,4,3
FR_PAC_06,2020-04-14,270,72,264,79,121,149,15,57,136,128,32,47,13,6,7,6,1,5
FR_PAC_06,2020-04-15,266,62,278,83,120,146,12,50,141,137,35,48,14,4,5,9,3,1
FR_PAC_06,2020-04-16,266,57,291,86,121,145,13,44,149,142,36,50,13,3,8,5,1,2
FR_PAC_06,2020-04-17,252,51,318,93,115,137,12,39,161,157,41,52,27,7,12,15,5,2
FR_PAC_06,2020-04-18,265,50,319,95,122,143,12,38,162,157,42,53,1,2,1,0,1,1
FR_PAC_06,2020-04-19,268,49,319,96,125,143,12,37,162,157,42,54,0,1,0,0,0,1
FR_PAC_06,2020-04-20,265,45,333,105,125,140,15,30,169,164,48,57,14,9,7,7,6,3
FR_PAC_06,2020-04-21,258,43,347,106,122,136,14,29,177,170,49,57,14,1,8,6,1,0
FR_PAC_06,2020-04-22,265,44,360,108,124,141,17,27,187,173,49,59,13,2,10,3,0,2
FR_PAC_06,2020-04-23,258,44,372,109,124,134,16,28,190,182,49,60,12,1,3,9,0,1
FR_PAC_06,2020-04-24,256,45,377,116,121,135,16,29,194,183,52,64,5,7,4,1,3,4
FR_PAC_06,2020-04-25,246,41,390,120,119,127,14,27,198,192,56,64,13,4,4,9,4,0
FR_PAC_06,2020-04-26,246,44,393,121,119,127,14,30,199,194,57,64,3,1,1,2,1,0
FR_PAC_06,2020-04-27,247,43,395,125,117,130,13,30,201,194,60,65,2,4,2,0,3,1
FR_PAC_06,2020-04-28,246,44,404,126,114,132,14,30,209,195,60,66,9,1,8,1,0,1
FR_PAC_06,2020-04-29,253,54,423,129,115,138,17,37,219,204,61,68,19,3,10,9,1,2
FR_PAC_06,2020-04-30,236,50,438,134,108,128,15,35,226,212,64,70,15,5,7,8,3,2
FR_PAC_06,2020-05-01,216,41,452,135,97,119,12,29,234,218,64,71,14,1,8,6,0,1
FR_PAC_06,2020-05-02,192,31,476,136,94,98,10,21,239,237,64,72,24,1,5,19,0,1
FR_PAC_06,2020-05-03,197,31,477,136,98,99,10,21,240,237,64,72,1,0,1,0,0,0
FR_PAC_06,2020-05-04,198,26,480,146,97,101,5,21,240,240,70,76,3,10,0,3,6,4
FR_PAC_06,2020-05-05,201,26,490,148,98,103,6,20,242,248,70,78,10,2,2,8,0,2
FR_PAC_06,2020-05-06,191,21,505,152,91,100,4,17,250,255,72,80,15,4,8,7,2,2
FR_PAC_06,2020-05-07,204,21,507,153,101,103,4,17,250,257,72,81,2,1,0,2,0,1
FR_PAC_06,2020-05-08,203,22,509,158,99,104,4,18,252,257,76,82,2,5,2,0,4,1
FR_PAC_06,2020-05-09,206,23,510,158,99,107,5,18,253,257,76,82,1,0,1,0,0,0
FR_PAC_06,2020-05-10,205,21,512,158,99,106,4,17,255,257,76,82,2,0,2,0,0,0
FR_PAC_06,2020-05-11,198,20,522,160,94,104,4,16,262,260,78,82,10,2,7,3,2,0
FR_PAC_06,2020-05-12,190,15,530,162,93,97,4,11,266,264,78,84,8,2,4,4,0,2
FR_PAC_06,2020-05-13,182,12,538,164,87,95,3,9,271,267,79,85,8,2,5,3,1,1
FR_PAC_06,2020-05-14,179,12,547,165,90,89,4,8,272,275,79,86,9,1,1,8,0,1
FR_PAC_06,2020-05-15,161,14,567,167,82,79,5,9,282,285,79,88,20,2,10,10,0,2
FR_PAC_06,2020-05-16,162,14,569,168,82,80,5,9,283,286,79,89,2,1,1,1,0,1
FR_PAC_06,2020-05-17,160,14,570,169,82,78,5,9,283,287,79,90,1,1,0,1,0,1
FR_PAC_06,2020-05-18,142,13,585,170,69,73,4,9,293,292,80,90,15,1,10,5,1,0
FR_PAC_06,2020-05-19,138,13,590,172,69,69,4,9,294,296,82,90,5,2,1,4,2,0
FR_PAC_06,2020-05-20,134,12,599,172,67,67,3,9,300,299,82,90,9,0,6,3,0,0
FR_PAC_06,2020-05-21,133,11,605,173,66,67,3,8,304,301,83,90,6,1,4,2,1,0
FR_PAC_06,2020-05-22,132,11,607,174,66,66,3,8,305,302,84,90,2,1,1,1,1,0
FR_PAC_06,2020-05-23,132,11,607,174,66,66,3,8,305,302,84,90,0,0,0,0,0,0
FR_PAC_06,2020-05-24,132,11,608,174,67,65,3,8,305,303,84,90,1,0,0,1,0,0
FR_PAC_06,2020-05-25,129,11,611,175,66,63,3,8,305,306,85,90,3,1,0,3,1,0
FR_PAC_06,2020-05-26,122,10,617,177,64,58,3,7,307,310,86,91,6,2,2,4,1,1
FR_PAC_06,2020-05-27,117,11,623,177,62,55,3,8,309,314,86,91,6,0,2,4,0,0
FR_PAC_06,2020-05-28,112,9,629,178,58,54,2,7,314,315,86,92,6,1,5,1,0,1
FR_PAC_06,2020-05-29,109,9,632,178,57,52,2,7,315,317,86,92,3,0,1,2,0,0
FR_PAC_06,2020-05-30,108,7,635,178,57,51,1,6,316,319,86,92,3,0,1,2,0,0
FR_PAC_06,2020-05-31,109,7,635,178,58,51,1,6,316,319,86,92,0,0,0,0,0,0
FR_PAC_06,2020-06-01,108,7,637,178,56,52,1,6,318,319,86,92,2,0,2,0,0,0
FR_PAC_06,2020-06-02,104,6,638,180,56,48,2,4,317,321,86,94,1,2,-1,2,0,2
FR_PAC_06,2020-06-03,100,6,641,181,54,46,2,4,319,322,86,95,3,1,2,1,0,1
FR_PAC_06,2020-06-04,96,5,644,182,51,45,1,4,321,323,87,95,3,1,2,1,1,0
FR_PAC_06,2020-06-05,94,5,651,182,50,44,1,4,324,327,87,95,7,0,3,4,0,0
FR_PAC_06,2020-06-06,93,4,652,182,49,44,0,4,325,327,87,95,1,0,1,0,0,0
FR_PAC_06,2020-06-07,92,4,653,182,48,44,0,4,326,327,87,95,1,0,1,0,0,0
FR_PAC_06,2020-06-08,94,4,653,182,49,45,0,4,326,327,87,95,0,0,0,0,0,0
FR_PAC_06,2020-06-09,92,4,658,182,47,45,0,4,328,330,87,95,5,0,2,3,0,0
FR_PAC_06,2020-06-10,88,3,662,182,47,41,0,3,328,334,87,95,4,0,0,4,0,0
FR_PAC_06,2020-06-11,86,3,665,182,48,38,0,3,328,337,87,95,3,0,0,3,0,0
FR_PAC_06,2020-06-12,86,3,665,182,48,38,0,3,328,337,87,95,0,0,0,0,0,0
FR_PAC_06,2020-06-13,85,3,666,182,48,37,0,3,328,338,87,95,1,0,0,1,0,0
FR_PAC_06,2020-06-14,85,3,666,182,48,37,0,3,328,338,87,95,0,0,0,0,0,0
FR_PAC_06,2020-06-15,83,3,668,182,48,35,0,3,328,340,87,95,2,0,0,2,0,0
FR_PAC_06,2020-06-16,82,3,672,183,48,34,0,3,331,341,87,96,4,1,3,1,0,1
FR_PAC_06,2020-06-17,79,3,676,183,47,32,0,3,333,343,87,96,4,0,2,2,0,0
FR_PAC_06,2020-06-18,79,3,680,183,47,32,0,3,336,344,87,96,4,0,3,1,0,0
FR_PAC_06,2020-06-19,79,3,682,184,47,32,0,3,338,344,87,97,2,1,2,0,0,1
FR_PAC_06,2020-06-20,65,1,695,185,42,23,0,1,342,353,88,97,13,1,4,9,1,0
FR_PAC_06,2020-06-21,65,1,695,185,42,23,0,1,342,353,88,97,0,0,0,0,0,0
FR_PAC_13,2020-03-18,98,11,58,4,48,50,5,6,23,35,2,2,,,,,,
FR_PAC_13,2020-03-19,128,20,96,4,65,63,9,11,42,54,2,2,38,0,19,19,0,0
FR_PAC_13,2020-03-20,173,26,107,4,90,83,10,16,49,58,2,2,11,0,7,4,0,0
FR_PAC_13,2020-03-21,195,33,127,4,103,92,12,21,58,69,2,2,20,0,9,11,0,0
FR_PAC_13,2020-03-22,219,41,132,4,112,107,16,25,60,72,2,2,5,0,2,3,0,0
FR_PAC_13,2020-03-23,284,64,166,4,143,141,22,42,73,93,2,2,34,0,13,21,0,0
FR_PAC_13,2020-03-24,340,82,195,7,161,179,25,57,92,103,3,4,29,3,19,10,1,2
FR_PAC_13,2020-03-25,352,82,255,12,168,184,26,56,123,132,7,5,60,5,31,29,4,1
FR_PAC_13,2020-03-26,414,97,296,16,194,220,32,65,145,151,9,7,41,4,22,19,2,2
FR_PAC_13,2020-03-27,503,110,321,20,218,285,36,74,160,161,12,8,25,4,15,10,3,1
FR_PAC_13,2020-03-28,572,124,344,23,253,319,42,82,169,175,12,11,23,3,9,14,0,3
FR_PAC_13,2020-03-29,679,149,349,30,300,379,45,104,171,178,14,16,5,7,2,3,2,5
FR_PAC_13,2020-03-30,783,184,370,35,343,440,58,126,181,189,16,19,21,5,10,11,2,3
FR_PAC_13,2020-03-31,835,193,467,47,363,472,58,135,230,237,19,28,97,12,49,48,3,9
FR_PAC_13,2020-04-01,867,209,553,55,367,500,60,149,269,284,25,30,86,8,39,47,6,2
FR_PAC_13,2020-04-02,924,216,585,65,391,533,61,155,287,298,29,36,32,10,18,14,4,6
FR_PAC_13,2020-04-03,1004,235,650,77,404,600,65,170,326,324,34,43,65,12,39,26,5,7
FR_PAC_13,2020-04-04,1021,242,709,87,405,616,69,173,357,352,38,49,59,10,31,28,4,6
FR_PAC_13,2020-04-05,1075,251,727,93,432,643,73,178,363,364,41,52,18,6,6,12,3,3
FR_PAC_13,2020-04-06,1151,254,772,118,476,675,74,180,386,386,54,64,45,25,23,22,13,12
FR_PAC_13,2020-04-07,1058,249,907,134,425,633,74,175,451,456,59,75,135,16,65,70,5,11
FR_PAC_13,2020-04-08,1094,253,967,141,444,650,80,173,478,489,61,80,60,7,27,33,2,5
FR_PAC_13,2020-04-09,1034,248,1082,151,412,622,76,172,533,549,68,83,115,10,55,60,7,3
FR_PAC_13,2020-04-10,1077,267,1141,157,441,636,80,187,563,578,71,86,59,6,30,29,3,3
FR_PAC_13,2020-04-11,1053,264,1196,170,433,620,79,185,588,608,78,92,55,13,25,30,7,6
FR_PAC_13,2020-04-12,1121,268,1207,172,476,645,80,188,592,615,78,94,11,2,4,7,0,2
FR_PAC_13,2020-04-13,1135,270,1223,179,480,655,80,190,601,622,84,95,16,7,9,7,6,1
FR_PAC_13,2020-04-14,1130,261,1297,196,478,652,78,183,634,663,93,103,74,17,33,41,9,8
FR_PAC_13,2020-04-15,1147,253,1349,206,490,657,76,177,657,692,96,110,52,10,23,29,3,7
FR_PAC_13,2020-04-16,1131,251,1419,225,485,646,74,177,692,727,106,119,70,19,35,35,10,9
FR_PAC_13,2020-04-17,1164,243,1483,235,506,658,73,170,724,759,110,125,64,10,32,32,4,6
FR_PAC_13,2020-04-18,1117,231,1567,244,482,635,67,164,768,799,115,129,84,9,44,40,5,4
FR_PAC_13,2020-04-19,1039,215,1645,248,452,587,62,153,803,842,117,131,78,4,35,43,2,2
FR_PAC_13,2020-04-20,1042,225,1691,266,453,589,65,160,829,862,124,142,46,18,26,20,7,11
FR_PAC_13,2020-04-21,1048,208,1769,286,469,579,59,149,857,912,135,151,78,20,28,50,11,9
FR_PAC_13,2020-04-22,1051,201,1846,317,486,565,55,146,889,957,148,169,77,31,32,45,13,18
FR_PAC_13,2020-04-23,1044,193,1899,326,496,548,55,138,911,988,154,172,53,9,22,31,6,3
FR_PAC_13,2020-04-24,1006,185,1979,351,482,524,47,138,947,1032,164,187,80,25,36,44,10,15
FR_PAC_13,2020-04-25,971,179,2046,360,467,504,46,133,982,1064,166,194,67,9,35,32,2,7
FR_PAC_13,2020-04-26,994,182,2051,364,478,516,48,134,983,1068,165,199,5,4,1,4,-1,5
FR_PAC_13,2020-04-27,1000,179,2083,379,482,518,49,130,995,1088,169,210,32,15,12,20,4,11
FR_PAC_13,2020-04-28,999,178,2125,385,483,516,52,126,1013,1112,173,212,42,6,18,24,4,2
FR_PAC_13,2020-04-29,961,175,2211,399,462,499,48,127,1065,1146,178,221,86,14,52,34,5,9
FR_PAC_13,2020-04-30,913,165,2274,408,443,470,44,121,1093,1181,183,225,63,9,28,35,5,4
FR_PAC_13,2020-05-01,907,158,2305,413,440,467,42,116,1109,1196,186,227,31,5,16,15,3,2
FR_PAC_13,2020-05-02,926,157,2317,415,443,483,41,116,1115,1202,188,227,12,2,6,6,2,0
FR_PAC_13,2020-05-03,931,159,2327,419,446,485,41,118,1118,1209,191,228,10,4,3,7,3,1
FR_PAC_13,2020-05-04,904,149,2374,426,438,466,37,112,1140,1234,195,231,47,7,22,25,4,3
FR_PAC_13,2020-05-05,838,143,2421,434,403,435,35,108,1169,1252,198,236,47,8,29,18,3,5
FR_PAC_13,2020-05-06,831,135,2460,437,398,433,33,102,1192,1268,200,237,39,3,23,16,2,1
FR_PAC_13,2020-05-07,799,128,2504,442,381,418,29,99,1212,1292,202,240,44,5,20,24,2,3
FR_PAC_13,2020-05-08,787,123,2526,443,374,413,22,101,1224,1302,203,240,22,1,12,10,1,0
FR_PAC_13,2020-05-09,785,117,2532,446,373,412,21,96,1227,1305,205,241,6,3,3,3,2,1
FR_PAC_13,2020-05-10,785,119,2544,450,377,408,24,95,1232,1312,205,245,12,4,5,7,0,4
FR_PAC_13,2020-05-11,789,120,2559,461,381,408,28,92,1237,1322,210,251,15,11,5,10,5,6
FR_PAC_13,2020-05-12,769,111,2583,466,374,395,28,83,1248,1335,211,255,24,5,11,13,1,4
FR_PAC_13,2020-05-13,762,108,2607,473,371,391,28,80,1261,1346,211,262,24,7,13,11,0,7
FR_PAC_13,2020-05-14,742,106,2631,478,360,382,26,80,1270,1361,214,264,24,5,9,15,3,2
FR_PAC_13,2020-05-15,718,89,2669,483,351,367,20,69,1283,1386,215,268,38,5,13,25,1,4
FR_PAC_13,2020-05-16,712,88,2680,487,345,367,21,67,1290,1390,217,270,11,4,7,4,2,2
FR_PAC_13,2020-05-17,717,87,2683,489,348,369,20,67,1291,1392,217,272,3,2,1,2,0,2
FR_PAC_13,2020-05-18,715,87,2690,494,348,367,20,67,1293,1397,219,275,7,5,2,5,2,3
FR_PAC_13,2020-05-19,707,84,2712,496,347,360,18,66,1303,1409,220,276,22,2,10,12,1,1
FR_PAC_13,2020-05-20,669,76,2759,503,328,341,15,61,1327,1432,223,280,47,7,24,23,3,4
FR_PAC_13,2020-05-21,658,73,2776,509,320,338,14,59,1336,1440,227,282,17,6,9,8,4,2
FR_PAC_13,2020-05-22,647,75,2786,512,317,330,15,60,1341,1445,227,285,10,3,5,5,0,3
FR_PAC_13,2020-05-23,648,74,2796,513,321,327,15,59,1343,1453,227,286,10,1,2,8,0,1
FR_PAC_13,2020-05-24,650,73,2797,514,321,329,14,59,1343,1454,227,287,1,1,0,1,0,1
FR_PAC_13,2020-05-25,633,72,2820,518,319,314,15,57,1353,1467,227,291,23,4,10,13,0,4
FR_PAC_13,2020-05-26,614,71,2846,521,308,306,14,57,1367,1479,227,294,26,3,14,12,0,3
FR_PAC_13,2020-05-27,603,69,2864,521,302,301,14,55,1375,1489,227,294,18,0,8,10,0,0
FR_PAC_13,2020-05-28,584,66,2882,523,291,293,12,54,1384,1498,228,295,18,2,9,9,1,1
FR_PAC_13,2020-05-29,562,63,2908,525,277,285,13,50,1400,1508,230,295,26,2,16,10,2,0
FR_PAC_13,2020-05-30,565,59,2910,525,281,284,13,46,1400,1510,230,295,2,0,0,2,0,0
FR_PAC_13,2020-05-31,568,59,2912,525,283,285,13,46,1400,1512,230,295,2,0,0,2,0,0
FR_PAC_13,2020-06-01,565,59,2916,525,281,284,13,46,1403,1513,230,295,4,0,3,1,0,0
FR_PAC_13,2020-06-02,556,59,2928,529,277,279,13,46,1409,1519,232,297,12,4,6,6,2,2
FR_PAC_13,2020-06-03,544,58,2948,531,266,278,13,45,1425,1523,234,297,20,2,16,4,2,0
FR_PAC_13,2020-06-04,516,53,2982,531,254,262,12,41,1439,1543,234,297,34,0,14,20,0,0
FR_PAC_13,2020-06-05,514,54,3002,532,253,261,12,42,1445,1557,235,297,20,1,6,14,1,0
FR_PAC_13,2020-06-06,515,54,3008,532,256,259,12,42,1446,1562,235,297,6,0,1,5,0,0
FR_PAC_13,2020-06-07,514,54,3010,532,255,259,12,42,1448,1562,235,297,2,0,2,0,0,0
FR_PAC_13,2020-06-08,506,54,3021,536,250,256,13,41,1454,1567,237,299,11,4,6,5,2,2
FR_PAC_13,2020-06-09,503,51,3025,538,252,251,13,38,1456,1569,237,301,4,2,2,2,0,2
FR_PAC_13,2020-06-10,491,49,3040,539,246,245,12,37,1464,1576,237,302,15,1,8,7,0,1
FR_PAC_13,2020-06-11,485,49,3047,540,245,240,12,37,1466,1581,237,303,7,1,2,5,0,1
FR_PAC_13,2020-06-12,478,49,3056,540,243,235,12,37,1469,1587,237,303,9,0,3,6,0,0
FR_PAC_13,2020-06-13,482,49,3060,540,247,235,12,37,1471,1589,237,303,4,0,2,2,0,0
FR_PAC_13,2020-06-14,481,49,3062,540,246,235,12,37,1473,1589,237,303,2,0,2,0,0,0
FR_PAC_13,2020-06-15,484,47,3062,541,247,237,12,35,1473,1589,237,304,0,1,0,0,0,1
FR_PAC_13,2020-06-16,470,47,3077,542,239,231,12,35,1481,1596,237,305,15,1,8,7,0,1
FR_PAC_13,2020-06-17,466,46,3081,542,237,229,12,34,1483,1598,237,305,4,0,2,2,0,0
FR_PAC_13,2020-06-18,457,46,3089,544,234,223,13,33,1486,1603,237,307,8,2,3,5,0,2
FR_PAC_13,2020-06-19,452,40,3095,544,232,220,10,30,1489,1606,237,307,6,0,3,3,0,0
FR_PAC_13,2020-06-20,446,38,3101,545,227,219,9,29,1494,1607,237,308,6,1,5,1,0,1
FR_PAC_13,2020-06-21,444,38,3103,545,226,218,9,29,1495,1608,237,308,2,0,1,1,0,0
FR_PAC_83,2020-03-18,23,7,78,0,11,12,1,6,39,39,0,0,,,,,,
FR_PAC_83,2020-03-19,27,13,86,2,7,20,3,10,45,41,1,1,8,2,6,2,1,1
FR_PAC_83,2020-03-20,35,17,88,2,12,23,4,13,46,42,1,1,2,0,1,1,0,0
FR_PAC_83,2020-03-21,40,19,98,2,15,25,5,14,54,44,1,1,10,0,8,2,0,0
FR_PAC_83,2020-03-22,56,22,106,2,20,36,6,16,58,48,1,1,8,0,4,4,0,0
FR_PAC_83,2020-03-23,56,23,114,5,18,38,5,18,63,51,3,2,8,3,5,3,2,1
FR_PAC_83,2020-03-24,72,26,117,7,26,46,6,20,61,56,5,2,3,2,-2,5,2,0
FR_PAC_83,2020-03-25,92,30,125,8,35,57,7,23,63,62,5,3,8,1,2,6,0,1
FR_PAC_83,2020-03-26,102,32,132,12,42,60,9,23,66,66,6,6,7,4,3,4,1,3
FR_PAC_83,2020-03-27,113,33,138,12,44,69,9,24,70,68,6,6,6,0,4,2,0,0
FR_PAC_83,2020-03-28,138,37,139,12,50,88,9,28,70,69,6,6,1,0,0,1,0,0
FR_PAC_83,2020-03-29,155,41,144,13,59,96,9,32,73,71,6,7,5,1,3,2,0,1
FR_PAC_83,2020-03-30,168,43,156,18,65,103,10,33,76,80,7,11,12,5,3,9,1,4
FR_PAC_83,2020-03-31,179,52,178,23,68,111,9,43,83,95,10,13,22,5,7,15,3,2
FR_PAC_83,2020-04-01,176,46,192,27,66,110,7,39,89,103,13,14,14,4,6,8,3,1
FR_PAC_83,2020-04-02,197,50,195,28,76,121,11,39,92,103,14,14,3,1,3,0,1,0
FR_PAC_83,2020-04-03,197,51,215,30,76,121,12,39,103,112,15,15,20,2,11,9,1,1
FR_PAC_83,2020-04-04,217,53,225,32,86,131,12,41,108,117,16,16,10,2,5,5,1,1
FR_PAC_83,2020-04-05,238,58,230,36,97,141,14,44,111,119,18,18,5,4,3,2,2,2
FR_PAC_83,2020-04-06,240,62,246,41,98,142,15,47,116,130,20,21,16,5,5,11,2,3
FR_PAC_83,2020-04-07,233,61,264,46,94,139,13,48,123,141,22,24,18,5,7,11,2,3
FR_PAC_83,2020-04-08,257,56,278,44,104,153,10,46,128,150,21,23,14,-2,5,9,-1,-1
FR_PAC_83,2020-04-09,267,56,296,46,115,152,10,46,133,163,22,24,18,2,5,13,1,1
FR_PAC_83,2020-04-10,268,53,316,49,118,150,9,44,139,177,24,25,20,3,6,14,2,1
FR_PAC_83,2020-04-11,273,55,333,50,122,151,9,46,149,184,25,25,17,1,10,7,1,0
FR_PAC_83,2020-04-12,264,53,363,55,115,149,8,45,167,196,28,27,30,5,18,12,3,2
FR_PAC_83,2020-04-13,277,54,363,61,120,157,8,46,167,196,29,32,0,6,0,0,1,5
FR_PAC_83,2020-04-14,313,48,377,64,127,186,8,40,172,205,30,34,14,3,5,9,1,2
FR_PAC_83,2020-04-15,319,47,403,67,131,188,9,38,181,222,31,36,26,3,9,17,1,2
FR_PAC_83,2020-04-16,312,45,422,72,129,183,11,34,189,233,32,40,19,5,8,11,1,4
FR_PAC_83,2020-04-17,304,43,439,79,124,180,12,31,198,241,34,45,17,7,9,8,2,5
FR_PAC_83,2020-04-18,303,45,451,82,123,180,13,32,202,249,36,46,12,3,4,8,2,1
FR_PAC_83,2020-04-19,307,46,455,83,125,182,13,33,204,251,37,46,4,1,2,2,1,0
FR_PAC_83,2020-04-20,310,47,457,86,128,182,13,34,203,254,39,47,2,3,-1,3,2,1
FR_PAC_83,2020-04-21,306,50,469,89,127,179,13,37,209,260,39,50,12,3,6,6,0,3
FR_PAC_83,2020-04-22,322,49,471,92,133,189,12,37,212,259,40,52,2,3,3,-1,1,2
FR_PAC_83,2020-04-23,323,49,487,96,130,193,11,38,219,268,43,53,16,4,7,9,3,1
FR_PAC_83,2020-04-24,318,43,496,99,131,187,12,31,222,274,45,54,9,3,3,6,2,1
FR_PAC_83,2020-04-25,289,39,535,101,124,165,10,29,234,301,47,54,39,2,12,27,2,0
FR_PAC_83,2020-04-26,287,40,537,102,125,162,10,30,234,303,47,55,2,1,0,2,0,1
FR_PAC_83,2020-04-27,273,39,575,107,128,145,11,28,240,335,49,58,38,5,6,32,2,3
FR_PAC_83,2020-04-28,263,38,589,109,122,141,11,27,247,342,50,59,14,2,7,7,1,1
FR_PAC_83,2020-04-29,243,34,651,111,117,126,9,25,262,389,52,59,62,2,15,47,2,0
FR_PAC_83,2020-04-30,237,33,674,111,112,125,9,24,271,403,52,59,23,0,9,14,0,0
FR_PAC_83,2020-05-01,236,31,682,111,111,125,8,23,275,407,52,59,8,0,4,4,0,0
FR_PAC_83,2020-05-02,236,30,682,112,111,125,7,23,275,407,52,60,0,1,0,0,0,1
FR_PAC_83,2020-05-03,235,30,684,112,110,125,7,23,277,407,52,60,2,0,2,0,0,0
FR_PAC_83,2020-05-04,233,30,697,114,109,124,7,23,283,414,52,62,13,2,6,7,0,2
FR_PAC_83,2020-05-05,223,29,713,115,103,120,7,22,294,419,52,63,16,1,11,5,0,1
FR_PAC_83,2020-05-06,217,29,723,117,97,120,7,22,299,424,53,64,10,2,5,5,1,1
FR_PAC_83,2020-05-07,221,26,728,117,101,120,6,20,302,426,53,64,5,0,3,2,0,0
FR_PAC_83,2020-05-08,221,25,732,117,100,121,6,19,304,428,53,64,4,0,2,2,0,0
FR_PAC_83,2020-05-09,221,25,733,117,101,120,6,19,304,429,53,64,1,0,0,1,0,0
FR_PAC_83,2020-05-10,223,25,733,117,102,121,6,19,304,429,53,64,0,0,0,0,0,0
FR_PAC_83,2020-05-11,211,21,741,122,98,113,5,16,308,433,54,68,8,5,4,4,1,4
FR_PAC_83,2020-05-12,208,21,756,122,97,111,6,15,313,443,54,68,15,0,5,10,0,0
FR_PAC_83,2020-05-13,190,20,776,123,84,106,5,15,325,451,55,68,20,1,12,8,1,0
FR_PAC_83,2020-05-14,183,20,786,123,82,101,5,15,327,459,55,68,10,0,2,8,0,0
FR_PAC_83,2020-05-15,179,18,795,123,80,99,5,13,333,462,55,68,9,0,6,3,0,0
FR_PAC_83,2020-05-16,163,16,813,123,77,86,5,11,336,477,55,68,18,0,3,15,0,0
FR_PAC_83,2020-05-17,162,16,814,123,76,86,5,11,337,477,55,68,1,0,1,0,0,0
FR_PAC_83,2020-05-18,166,16,815,124,80,86,5,11,337,478,55,69,1,1,0,1,0,1
FR_PAC_83,2020-05-19,162,14,820,124,79,83,4,10,339,481,55,69,5,0,2,3,0,0
FR_PAC_83,2020-05-20,158,12,824,124,77,81,2,10,341,483,55,69,4,0,2,2,0,0
FR_PAC_83,2020-05-21,159,12,825,124,77,82,2,10,341,484,55,69,1,0,0,1,0,0
FR_PAC_83,2020-05-22,155,12,829,124,73,82,2,10,345,484,55,69,4,0,4,0,0,0
FR_PAC_83,2020-05-23,154,11,829,125,73,81,2,9,345,484,55,70,0,1,0,0,0,1
FR_PAC_83,2020-05-24,156,11,829,125,75,81,2,9,345,484,55,70,0,0,0,0,0,0
FR_PAC_83,2020-05-25,144,9,840,126,69,75,1,8,350,490,56,70,11,1,5,6,1,0
FR_PAC_83,2020-05-26,142,8,845,126,67,75,1,7,353,492,56,70,5,0,3,2,0,0
FR_PAC_83,2020-05-27,141,8,847,126,67,74,1,7,354,493,56,70,2,0,1,1,0,0
FR_PAC_83,2020-05-28,142,8,848,126,67,75,1,7,355,493,56,70,1,0,1,0,0,0
FR_PAC_83,2020-05-29,135,8,855,127,63,72,1,7,358,497,57,70,7,1,3,4,1,0
FR_PAC_83,2020-05-30,134,8,857,127,63,71,1,7,358,499,57,70,2,0,0,2,0,0
FR_PAC_83,2020-05-31,134,8,857,127,63,71,1,7,358,499,57,70,0,0,0,0,0,0
FR_PAC_83,2020-06-01,134,8,857,127,63,71,1,7,358,499,57,70,0,0,0,0,0,0
FR_PAC_83,2020-06-02,133,7,860,130,64,69,1,6,360,500,57,73,3,3,2,1,0,3
FR_PAC_83,2020-06-03,130,6,868,130,62,68,1,5,364,504,57,73,8,0,4,4,0,0
FR_PAC_83,2020-06-04,123,5,877,130,59,64,1,4,369,508,57,73,9,0,5,4,0,0
FR_PAC_83,2020-06-05,120,5,881,130,57,63,1,4,372,509,57,73,4,0,3,1,0,0
FR_PAC_83,2020-06-06,117,5,884,130,57,60,1,4,372,512,57,73,3,0,0,3,0,0
FR_PAC_83,2020-06-07,117,5,884,130,57,60,1,4,372,512,57,73,0,0,0,0,0,0
FR_PAC_83,2020-06-08,114,5,887,130,56,58,1,4,373,514,57,73,3,0,1,2,0,0
FR_PAC_83,2020-06-09,111,5,890,130,53,58,1,4,374,516,57,73,3,0,1,2,0,0
FR_PAC_83,2020-06-10,108,5,896,130,52,56,1,4,377,519,57,73,6,0,3,3,0,0
FR_PAC_83,2020-06-11,105,5,899,131,50,55,1,4,379,520,58,73,3,1,2,1,1,0
FR_PAC_83,2020-06-12,102,5,902,131,48,54,1,4,381,521,58,73,3,0,2,1,0,0
FR_PAC_83,2020-06-13,103,5,902,131,49,54,1,4,381,521,58,73,0,0,0,0,0,0
FR_PAC_83,2020-06-14,103,5,902,131,49,54,1,4,381,521,58,73,0,0,0,0,0,0
FR_PAC_83,2020-06-15,103,5,904,131,48,55,1,4,382,522,58,73,2,0,1,1,0,0
FR_PAC_83,2020-06-16,104,5,904,131,49,55,1,4,382,522,58,73,0,0,0,0,0,0
FR_PAC_83,2020-06-17,101,5,906,131,46,55,1,4,384,522,58,73,2,0,2,0,0,0
FR_PAC_83,2020-06-18,102,5,906,131,46,56,1,4,384,522,58,73,0,0,0,0,0,0
FR_PAC_83,2020-06-19,100,4,907,132,44,56,0,4,385,522,59,73,1,1,1,0,1,0
FR_PAC_83,2020-06-20,101,4,907,132,45,56,0,4,385,522,59,73,0,0,0,0,0,0
FR_PAC_83,2020-06-21,102,4,909,132,45,57,0,4,387,522,59,73,2,0,2,0,0,0
FR_PAC_84,2020-03-18,9,3,7,1,5,4,1,2,1,6,1,0,,,,,,
FR_PAC_84,2020-03-19,12,4,9,1,6,6,2,2,3,6,1,0,2,0,2,0,0,0
FR_PAC_84,2020-03-20,13,3,10,1,6,7,2,1,3,7,1,0,1,0,0,1,0,0
FR_PAC_84,2020-03-21,20,5,10,1,12,8,3,2,3,7,1,0,0,0,0,0,0,0
FR_PAC_84,2020-03-22,22,5,11,1,13,9,3,2,4,7,1,0,1,0,1,0,0,0
FR_PAC_84,2020-03-23,25,8,16,3,11,14,4,4,8,8,1,2,5,2,4,1,0,2
FR_PAC_84,2020-03-24,26,8,16,3,11,15,4,4,8,8,1,2,0,0,0,0,0,0
FR_PAC_84,2020-03-25,33,9,21,3,14,19,3,6,11,10,1,2,5,0,3,2,0,0
FR_PAC_84,2020-03-26,35,10,27,3,15,20,3,7,14,13,1,2,6,0,3,3,0,0
FR_PAC_84,2020-03-27,42,13,31,3,17,25,3,10,17,14,1,2,4,0,3,1,0,0
FR_PAC_84,2020-03-28,45,18,38,4,15,30,5,13,24,14,2,2,7,1,7,0,1,0
FR_PAC_84,2020-03-29,49,18,38,4,18,31,5,13,24,14,2,2,0,0,0,0,0,0
FR_PAC_84,2020-03-30,63,20,40,5,26,37,5,15,25,15,2,3,2,1,1,1,0,1
FR_PAC_84,2020-03-31,60,21,43,6,26,34,6,15,27,16,2,4,3,1,2,1,0,1
FR_PAC_84,2020-04-01,70,20,48,10,30,40,5,15,29,19,4,6,5,4,2,3,2,2
FR_PAC_84,2020-04-02,82,22,51,12,33,49,6,16,31,20,5,7,3,2,2,1,1,1
FR_PAC_84,2020-04-03,78,23,60,13,27,51,7,16,39,21,6,7,9,1,8,1,1,0
FR_PAC_84,2020-04-04,78,23,64,14,29,49,7,16,40,24,7,7,4,1,1,3,1,0
FR_PAC_84,2020-04-05,80,24,66,16,29,51,7,17,41,25,8,8,2,2,1,1,1,1
FR_PAC_84,2020-04-06,87,22,69,16,30,57,6,16,42,27,8,8,3,0,1,2,0,0
FR_PAC_84,2020-04-07,86,23,85,16,31,55,6,17,48,37,8,8,16,0,6,10,0,0
FR_PAC_84,2020-04-08,82,22,96,19,30,52,5,17,54,42,9,10,11,3,6,5,1,2
FR_PAC_84,2020-04-09,86,20,99,19,32,54,4,16,54,45,9,10,3,0,0,3,0,0
FR_PAC_84,2020-04-10,81,19,107,21,35,46,3,16,56,51,9,12,8,2,2,6,0,2
FR_PAC_84,2020-04-11,76,18,117,21,33,43,3,15,60,57,9,12,10,0,4,6,0,0
FR_PAC_84,2020-04-12,78,19,120,22,33,45,3,16,63,57,9,13,3,1,3,0,0,1
FR_PAC_84,2020-04-13,73,17,123,22,30,43,3,14,64,59,9,13,3,0,1,2,0,0
FR_PAC_84,2020-04-14,75,17,125,22,29,46,3,14,66,59,9,13,2,0,2,0,0,0
FR_PAC_84,2020-04-15,68,16,129,23,27,41,3,13,67,62,9,14,4,1,1,3,0,1
FR_PAC_84,2020-04-16,69,16,129,23,27,42,3,13,67,62,9,14,0,0,0,0,0,0
FR_PAC_84,2020-04-17,65,17,135,23,26,39,4,13,69,66,9,14,6,0,2,4,0,0
FR_PAC_84,2020-04-18,64,17,141,24,29,35,4,13,70,71,10,14,6,1,1,5,1,0
FR_PAC_84,2020-04-19,66,17,141,25,29,37,4,13,70,71,10,15,0,1,0,0,0,1
FR_PAC_84,2020-04-20,64,16,143,24,26,38,3,13,71,72,10,14,2,-1,1,1,0,-1
FR_PAC_84,2020-04-21,67,14,144,26,28,39,3,11,71,73,10,16,1,2,0,1,0,2
FR_PAC_84,2020-04-22,67,13,145,26,28,39,3,10,72,73,10,16,1,0,1,0,0,0
FR_PAC_84,2020-04-23,68,13,147,26,27,41,3,10,74,73,10,16,2,0,2,0,0,0
FR_PAC_84,2020-04-24,79,14,150,26,33,46,4,10,75,75,10,16,3,0,1,2,0,0
FR_PAC_84,2020-04-25,77,14,154,26,32,45,4,10,76,78,10,16,4,0,1,3,0,0
FR_PAC_84,2020-04-26,79,12,154,26,34,45,2,10,76,78,10,16,0,0,0,0,0,0
FR_PAC_84,2020-04-27,83,12,154,27,36,47,4,8,76,78,10,17,0,1,0,0,0,1
FR_PAC_84,2020-04-28,78,13,158,27,35,43,4,9,76,82,10,17,4,0,0,4,0,0
FR_PAC_84,2020-04-29,79,13,164,27,38,41,5,8,76,88,10,17,6,0,0,6,0,0
FR_PAC_84,2020-04-30,72,9,169,27,32,40,2,7,79,90,10,17,5,0,3,2,0,0
FR_PAC_84,2020-05-01,74,9,171,27,34,40,2,7,79,92,10,17,2,0,0,2,0,0
FR_PAC_84,2020-05-02,71,9,177,27,32,39,2,7,83,94,10,17,6,0,4,2,0,0
FR_PAC_84,2020-05-03,72,6,178,28,33,39,1,5,84,94,10,18,1,1,1,0,0,1
FR_PAC_84,2020-05-04,72,6,183,28,35,37,1,5,85,98,10,18,5,0,1,4,0,0
FR_PAC_84,2020-05-05,59,6,195,29,30,29,1,5,92,103,10,19,12,1,7,5,0,1
FR_PAC_84,2020-05-06,57,4,195,30,28,29,1,3,92,103,10,20,0,1,0,0,0,1
FR_PAC_84,2020-05-07,54,4,200,30,25,29,1,3,96,104,10,20,5,0,4,1,0,0
FR_PAC_84,2020-05-08,51,4,204,30,22,29,1,3,99,105,10,20,4,0,3,1,0,0
FR_PAC_84,2020-05-09,51,4,204,30,22,29,1,3,99,105,10,20,0,0,0,0,0,0
FR_PAC_84,2020-05-10,50,3,205,30,21,29,0,3,100,105,10,20,1,0,1,0,0,0
FR_PAC_84,2020-05-11,47,1,207,31,19,28,0,1,102,105,10,21,2,1,2,0,0,1
FR_PAC_84,2020-05-12,44,1,210,31,18,26,0,1,103,107,10,21,3,0,1,2,0,0
FR_PAC_84,2020-05-13,35,1,219,33,13,22,0,1,108,111,10,23,9,2,5,4,0,2
FR_PAC_84,2020-05-14,33,1,221,33,12,21,0,1,109,112,10,23,2,0,1,1,0,0
FR_PAC_84,2020-05-15,31,1,223,33,11,20,0,1,110,113,10,23,2,0,1,1,0,0
FR_PAC_84,2020-05-16,31,1,223,33,11,20,0,1,110,113,10,23,0,0,0,0,0,0
FR_PAC_84,2020-05-17,31,1,223,33,11,20,0,1,110,113,10,23,0,0,0,0,0,0
FR_PAC_84,2020-05-18,32,0,222,34,12,20,0,0,110,112,10,24,-1,1,0,-1,0,1
FR_PAC_84,2020-05-19,29,0,222,35,11,18,0,0,110,112,10,25,0,1,0,0,0,1
FR_PAC_84,2020-05-20,29,0,223,35,11,18,0,0,110,113,10,25,1,0,0,1,0,0
FR_PAC_84,2020-05-21,29,0,224,35,11,18,0,0,111,113,10,25,1,0,1,0,0,0
FR_PAC_84,2020-05-22,28,0,224,35,10,18,0,0,111,113,10,25,0,0,0,0,0,0
FR_PAC_84,2020-05-23,30,0,224,35,10,20,0,0,111,113,10,25,0,0,0,0,0,0
FR_PAC_84,2020-05-24,30,0,224,35,11,19,0,0,111,113,10,25,0,0,0,0,0,0
FR_PAC_84,2020-05-25,33,0,224,35,11,22,0,0,111,113,10,25,0,0,0,0,0,0
FR_PAC_84,2020-05-26,29,0,224,35,10,19,0,0,111,113,10,25,0,0,0,0,0,0
FR_PAC_84,2020-05-27,29,1,225,35,10,19,0,1,111,114,10,25,1,0,0,1,0,0
FR_PAC_84,2020-05-28,29,1,228,35,10,19,0,1,114,114,10,25,3,0,3,0,0,0
FR_PAC_84,2020-05-29,28,1,228,36,10,18,0,1,114,114,10,26,0,1,0,0,0,1
FR_PAC_84,2020-05-30,28,1,228,36,10,18,0,1,114,114,10,26,0,0,0,0,0,0
FR_PAC_84,2020-05-31,30,1,228,36,11,19,0,1,114,114,10,26,0,0,0,0,0,0
FR_PAC_84,2020-06-01,30,1,228,36,11,19,0,1,114,114,10,26,0,0,0,0,0,0
FR_PAC_84,2020-06-02,32,0,229,36,11,21,0,0,115,114,10,26,1,0,1,0,0,0
FR_PAC_84,2020-06-03,33,0,230,36,11,22,0,0,116,114,10,26,1,0,1,0,0,0
FR_PAC_84,2020-06-04,29,0,231,36,9,20,0,0,116,115,10,26,1,0,0,1,0,0
FR_PAC_84,2020-06-05,28,0,232,36,9,19,0,0,116,116,10,26,1,0,0,1,0,0
FR_PAC_84,2020-06-06,28,0,232,36,9,19,0,0,116,116,10,26,0,0,0,0,0,0
FR_PAC_84,2020-06-07,28,0,232,36,9,19,0,0,116,116,10,26,0,0,0,0,0,0
FR_PAC_84,2020-06-08,28,0,232,36,9,19,0,0,116,116,10,26,0,0,0,0,0,0
FR_PAC_84,2020-06-09,28,0,232,36,9,19,0,0,116,116,10,26,0,0,0,0,0,0
FR_PAC_84,2020-06-10,29,0,232,36,9,20,0,0,116,116,10,26,0,0,0,0,0,0
FR_PAC_84,2020-06-11,29,0,232,36,9,20,0,0,116,116,10,26,0,0,0,0,0,0
FR_PAC_84,2020-06-12,30,0,232,36,10,20,0,0,116,116,10,26,0,0,0,0,0,0
FR_PAC_84,2020-06-13,30,0,232,36,10,20,0,0,116,116,10,26,0,0,0,0,0,0
FR_PAC_84,2020-06-14,30,0,232,36,10,20,0,0,116,116,10,26,0,0,0,0,0,0
FR_PAC_84,2020-06-15,30,0,232,37,11,19,0,0,116,116,10,27,0,1,0,0,0,1
FR_PAC_84,2020-06-16,28,0,234,37,10,18,0,0,117,117,10,27,2,0,1,1,0,0
FR_PAC_84,2020-06-17,28,0,234,37,10,18,0,0,117,117,10,27,0,0,0,0,0,0
FR_PAC_84,2020-06-18,28,0,234,37,10,18,0,0,117,117,10,27,0,0,0,0,0,0
FR_PAC_84,2020-06-19,28,0,234,37,10,18,0,0,117,117,10,27,0,0,0,0,0,0
FR_PAC_84,2020-06-20,28,0,234,37,10,18,0,0,117,117,10,27,0,0,0,0,0,0
FR_PAC_84,2020-06-21,28,0,234,37,10,18,0,0,117,117,10,27,0,0,0,0,0,0
FR_PDL,2020-03-18,44,4,36,1,18,26,0,4,15,21,1,0,,,,,,
FR_PDL,2020-03-19,58,11,50,1,26,32,4,7,23,27,1,0,14,0,8,6,0,0
FR_PDL,2020-03-20,73,17,62,1,32,41,5,12,30,32,1,0,12,0,7,5,0,0
FR_PDL,2020-03-21,79,20,62,3,32,47,5,15,30,32,1,2,0,2,0,0,0,2
FR_PDL,2020-03-22,99,25,71,4,39,60,7,18,33,38,1,3,9,1,3,6,0,1
FR_PDL,2020-03-23,146,34,74,9,65,81,13,21,36,38,2,7,3,5,3,0,1,4
FR_PDL,2020-03-24,187,43,93,13,77,110,14,29,45,48,4,9,19,4,9,10,2,2
FR_PDL,2020-03-25,236,49,106,16,86,150,16,33,53,53,6,10,13,3,8,5,2,1
FR_PDL,2020-03-26,281,59,127,24,97,184,17,42,68,59,10,14,21,8,15,6,4,4
FR_PDL,2020-03-27,369,82,141,31,136,233,24,58,74,67,12,19,14,7,6,8,2,5
FR_PDL,2020-03-28,438,101,163,42,171,267,26,75,82,81,18,24,22,11,8,14,6,5
FR_PDL,2020-03-29,493,104,182,47,195,298,25,79,95,87,20,27,19,5,13,6,2,3
FR_PDL,2020-03-30,511,116,195,58,202,309,27,89,102,93,25,33,13,11,7,6,5,6
FR_PDL,2020-03-31,509,132,256,71,190,319,31,101,141,115,30,41,61,13,39,22,5,8
FR_PDL,2020-04-01,547,133,296,82,201,346,25,108,156,140,35,47,40,11,15,25,5,6
FR_PDL,2020-04-02,567,140,338,92,217,350,29,111,178,160,38,54,42,10,22,20,3,7
FR_PDL,2020-04-03,606,168,387,109,228,378,35,133,200,187,45,64,49,17,22,27,7,10
FR_PDL,2020-04-04,647,174,416,118,252,395,41,133,209,207,48,70,29,9,9,20,3,6
FR_PDL,2020-04-05,665,180,440,123,260,405,44,136,219,221,48,75,24,5,10,14,0,5
FR_PDL,2020-04-06,683,181,455,134,269,414,39,142,224,231,53,81,15,11,5,10,5,6
FR_PDL,2020-04-07,692,175,516,144,277,415,38,137,252,264,58,86,61,10,28,33,5,5
FR_PDL,2020-04-08,697,177,569,153,289,408,43,134,278,291,61,92,53,9,26,27,3,6
FR_PDL,2020-04-09,737,176,614,158,321,416,43,133,295,319,63,95,45,5,17,28,2,3
FR_PDL,2020-04-10,768,180,640,168,344,424,45,135,304,336,68,100,26,10,9,17,5,5
FR_PDL,2020-04-11,774,164,687,177,342,432,39,125,336,351,74,103,47,9,32,15,6,3
FR_PDL,2020-04-12,806,167,702,181,357,449,38,129,343,359,76,105,15,4,7,8,2,2
FR_PDL,2020-04-13,817,162,718,191,361,456,37,125,353,365,81,110,16,10,10,6,5,5
FR_PDL,2020-04-14,813,155,748,208,361,452,36,119,364,384,90,118,30,17,11,19,9,8
FR_PDL,2020-04-15,786,145,816,221,352,434,36,109,399,417,95,126,68,13,35,33,5,8
FR_PDL,2020-04-16,790,136,875,234,360,430,34,102,418,457,99,135,59,13,19,40,4,9
FR_PDL,2020-04-17,793,131,909,241,366,427,32,99,435,474,103,138,34,7,17,17,4,3
FR_PDL,2020-04-18,778,125,938,250,367,411,32,93,445,493,106,144,29,9,10,19,3,6
FR_PDL,2020-04-19,778,121,946,257,368,410,30,91,449,497,111,146,8,7,4,4,5,2
FR_PDL,2020-04-20,767,123,955,267,367,400,31,92,457,498,115,152,9,10,8,1,4,6
FR_PDL,2020-04-21,753,115,983,275,362,391,27,88,468,515,119,156,28,8,11,17,4,4
FR_PDL,2020-04-22,740,107,1023,284,361,379,26,81,490,533,120,164,40,9,22,18,1,8
FR_PDL,2020-04-23,741,105,1058,290,356,385,25,80,510,548,122,168,35,6,20,15,2,4
FR_PDL,2020-04-24,716,100,1087,302,342,374,22,78,525,562,129,173,29,12,15,14,7,5
FR_PDL,2020-04-25,711,100,1110,306,341,370,23,77,534,576,132,174,23,4,9,14,3,1
FR_PDL,2020-04-26,704,98,1118,313,340,364,22,76,537,581,135,178,8,7,3,5,3,4
FR_PDL,2020-04-27,697,98,1149,322,334,363,23,75,557,592,137,185,31,9,20,11,2,7
FR_PDL,2020-04-28,693,94,1151,325,334,359,23,71,557,594,137,188,2,3,0,2,0,3
FR_PDL,2020-04-29,650,80,1226,336,313,337,21,59,599,627,141,195,75,11,42,33,4,7
FR_PDL,2020-04-30,629,73,1255,341,306,323,20,53,611,644,142,199,29,5,12,17,1,4
FR_PDL,2020-05-01,622,69,1282,343,312,310,19,50,616,666,144,199,27,2,5,22,2,0
FR_PDL,2020-05-02,624,70,1285,348,317,307,19,51,616,669,144,204,3,5,0,3,0,5
FR_PDL,2020-05-03,629,70,1290,351,316,313,16,54,621,669,145,206,5,3,5,0,1,2
FR_PDL,2020-05-04,623,67,1299,357,311,312,15,52,627,672,149,208,9,6,6,3,4,2
FR_PDL,2020-05-05,613,67,1333,362,307,306,13,54,643,690,148,214,34,5,16,18,-1,6
FR_PDL,2020-05-06,602,64,1359,368,303,299,12,52,657,702,149,219,26,6,14,12,1,5
FR_PDL,2020-05-07,591,58,1372,372,297,294,11,47,665,707,151,221,13,4,8,5,2,2
FR_PDL,2020-05-08,579,56,1391,377,294,285,10,46,674,717,151,226,19,5,9,10,0,5
FR_PDL,2020-05-09,567,54,1402,382,290,277,10,44,679,723,153,229,11,5,5,6,2,3
FR_PDL,2020-05-10,571,53,1406,383,292,279,10,43,681,725,153,230,4,1,2,2,0,1
FR_PDL,2020-05-11,567,54,1415,385,290,277,11,43,686,729,153,232,9,2,5,4,0,2
FR_PDL,2020-05-12,552,50,1453,388,276,276,10,40,706,747,154,234,38,3,20,18,1,2
FR_PDL,2020-05-13,544,48,1464,388,277,267,10,38,709,755,154,234,11,0,3,8,0,0
FR_PDL,2020-05-14,526,42,1494,395,264,262,8,34,729,765,157,238,30,7,20,10,3,4
FR_PDL,2020-05-15,509,42,1526,401,263,246,11,31,742,784,159,242,32,6,13,19,2,4
FR_PDL,2020-05-16,496,39,1537,407,260,236,10,29,746,791,161,246,11,6,4,7,2,4
FR_PDL,2020-05-17,500,39,1539,407,262,238,10,29,747,792,161,246,2,0,1,1,0,0
FR_PDL,2020-05-18,488,39,1553,414,255,233,11,28,753,800,164,250,14,7,6,8,3,4
FR_PDL,2020-05-19,477,41,1577,415,240,237,11,30,771,806,166,249,24,1,18,6,2,-1
FR_PDL,2020-05-20,462,36,1597,417,231,231,10,26,783,814,166,251,20,2,12,8,0,2
FR_PDL,2020-05-21,450,33,1612,420,225,225,8,25,791,821,167,253,15,3,8,7,1,2
FR_PDL,2020-05-22,452,32,1622,422,225,227,8,24,797,825,168,254,10,2,6,4,1,1
FR_PDL,2020-05-23,440,30,1634,425,220,220,7,23,802,832,170,255,12,3,5,7,2,1
FR_PDL,2020-05-24,444,30,1636,427,224,220,8,22,803,833,170,257,2,2,1,1,0,2
FR_PDL,2020-05-25,441,31,1645,429,224,217,9,22,808,837,170,259,9,2,5,4,0,2
FR_PDL,2020-05-26,431,29,1662,430,213,218,9,20,821,841,170,260,17,1,13,4,0,1
FR_PDL,2020-05-27,417,25,1680,434,207,210,6,19,830,850,171,263,18,4,9,9,1,3
FR_PDL,2020-05-28,408,22,1704,434,205,203,5,17,840,864,171,263,24,0,10,14,0,0
FR_PDL,2020-05-29,398,21,1716,437,200,198,5,16,847,869,172,265,12,3,7,5,1,2
FR_PDL,2020-05-30,387,20,1735,437,192,195,5,15,858,877,172,265,19,0,11,8,0,0
FR_PDL,2020-05-31,384,19,1744,439,190,194,4,15,863,881,173,266,9,2,5,4,1,1
FR_PDL,2020-06-01,384,20,1747,439,191,193,5,15,864,883,173,266,3,0,1,2,0,0
FR_PDL,2020-06-02,375,21,1765,441,186,189,5,16,873,892,173,268,18,2,9,9,0,2
FR_PDL,2020-06-03,352,19,1787,443,170,182,4,15,889,898,174,269,22,2,16,6,1,1
FR_PDL,2020-06-04,332,19,1814,445,160,172,5,14,899,915,176,269,27,2,10,17,2,0
FR_PDL,2020-06-05,320,18,1830,450,153,167,5,13,909,921,178,272,16,5,10,6,2,3
FR_PDL,2020-06-06,310,17,1845,450,151,159,5,12,915,930,178,272,15,0,6,9,0,0
FR_PDL,2020-06-07,309,17,1847,452,152,157,5,12,915,932,179,273,2,2,0,2,1,1
FR_PDL,2020-06-08,310,18,1851,454,154,156,6,12,915,936,180,274,4,2,0,4,1,1
FR_PDL,2020-06-09,293,14,1872,455,148,145,4,10,924,948,181,274,21,1,9,12,1,0
FR_PDL,2020-06-10,285,14,1884,456,147,138,4,10,928,956,181,275,12,1,4,8,0,1
FR_PDL,2020-06-11,276,14,1908,459,145,131,5,9,943,965,183,276,24,3,15,9,2,1
FR_PDL,2020-06-12,263,13,1925,460,139,124,6,7,951,974,183,277,17,1,8,9,0,1
FR_PDL,2020-06-13,264,14,1929,460,139,125,5,9,952,977,183,277,4,0,1,3,0,0
FR_PDL,2020-06-14,263,14,1930,461,137,126,5,9,953,977,184,277,1,1,1,0,1,0
FR_PDL,2020-06-15,262,13,1934,461,136,126,4,9,956,978,184,277,4,0,3,1,0,0
FR_PDL,2020-06-16,259,11,1940,461,135,124,2,9,958,982,184,277,6,0,2,4,0,0
FR_PDL,2020-06-17,235,13,1973,462,126,109,2,11,974,999,184,278,33,1,16,17,0,1
FR_PDL,2020-06-18,227,11,1980,464,122,105,2,9,978,1002,184,280,7,2,4,3,0,2
FR_PDL,2020-06-19,210,8,1996,464,112,98,1,7,987,1009,184,280,16,0,9,7,0,0
FR_PDL,2020-06-20,206,7,2001,464,110,96,0,7,989,1012,184,280,5,0,2,3,0,0
FR_PDL,2020-06-21,205,6,2001,465,110,95,0,6,989,1012,184,281,0,1,0,0,0,1
FR_PDL_44,2020-03-18,18,3,7,1,4,14,0,3,4,3,1,0,,,,,,
FR_PDL_44,2020-03-19,24,6,9,1,7,17,2,4,4,5,1,0,2,0,0,2,0,0
FR_PDL_44,2020-03-20,30,10,11,1,13,17,3,7,4,7,1,0,2,0,0,2,0,0
FR_PDL_44,2020-03-21,38,11,12,1,15,23,3,8,5,7,1,0,1,0,1,0,0,0
FR_PDL_44,2020-03-22,50,12,14,2,18,32,3,9,6,8,1,1,2,1,1,1,0,1
FR_PDL_44,2020-03-23,57,15,14,3,24,33,6,9,6,8,1,2,0,1,0,0,0,1
FR_PDL_44,2020-03-24,77,17,23,6,32,45,6,11,9,14,2,4,9,3,3,6,1,2
FR_PDL_44,2020-03-25,89,19,27,7,35,54,8,11,11,16,3,4,4,1,2,2,1,0
FR_PDL_44,2020-03-26,90,20,29,9,36,54,8,12,12,17,3,6,2,2,1,1,0,2
FR_PDL_44,2020-03-27,126,31,33,12,49,77,8,23,13,20,3,9,4,3,1,3,0,3
FR_PDL_44,2020-03-28,143,38,41,19,59,84,9,29,17,24,7,12,8,7,4,4,4,3
FR_PDL_44,2020-03-29,157,38,41,23,66,91,9,29,17,24,8,15,0,4,0,0,1,3
FR_PDL_44,2020-03-30,158,40,53,28,64,94,8,32,23,30,10,18,12,5,6,6,2,3
FR_PDL_44,2020-03-31,159,50,71,31,58,101,10,40,37,34,11,20,18,3,14,4,1,2
FR_PDL_44,2020-04-01,187,45,81,36,70,117,8,37,40,41,13,23,10,5,3,7,2,3
FR_PDL_44,2020-04-02,203,52,91,38,71,132,11,41,49,42,14,24,10,2,9,1,1,1
FR_PDL_44,2020-04-03,215,60,109,43,73,142,12,48,57,52,17,26,18,5,8,10,3,2
FR_PDL_44,2020-04-04,243,63,120,45,86,157,12,51,61,59,19,26,11,2,4,7,2,0
FR_PDL_44,2020-04-05,249,67,132,45,87,162,13,54,66,66,19,26,12,0,5,7,0,0
FR_PDL_44,2020-04-06,260,69,137,47,93,167,13,56,68,69,19,28,5,2,2,3,0,2
FR_PDL_44,2020-04-07,263,64,159,51,103,160,13,51,74,85,20,31,22,4,6,16,1,3
FR_PDL_44,2020-04-08,262,66,178,54,105,157,13,53,81,97,22,32,19,3,7,12,2,1
FR_PDL_44,2020-04-09,272,66,196,57,123,149,14,52,84,112,23,34,18,3,3,15,1,2
FR_PDL_44,2020-04-10,287,70,209,59,137,150,17,53,89,120,24,35,13,2,5,8,1,1
FR_PDL_44,2020-04-11,286,65,226,61,139,147,15,50,100,126,25,36,17,2,11,6,1,1
FR_PDL_44,2020-04-12,293,65,232,63,139,154,14,51,103,129,27,36,6,2,3,3,2,0
FR_PDL_44,2020-04-13,296,64,235,70,140,156,14,50,104,131,30,40,3,7,1,2,3,4
FR_PDL_44,2020-04-14,293,63,243,76,139,154,13,50,107,136,34,42,8,6,3,5,4,2
FR_PDL_44,2020-04-15,288,58,258,82,138,150,12,46,117,141,36,46,15,6,10,5,2,4
FR_PDL_44,2020-04-16,280,53,272,85,137,143,12,41,122,150,38,47,14,3,5,9,2,1
FR_PDL_44,2020-04-17,287,51,279,87,143,144,10,41,123,156,39,48,7,2,1,6,1,1
FR_PDL_44,2020-04-18,278,45,292,91,138,140,8,37,129,163,40,51,13,4,6,7,1,3
FR_PDL_44,2020-04-19,281,45,293,94,142,139,8,37,129,164,41,53,1,3,0,1,1,2
FR_PDL_44,2020-04-20,275,44,298,97,139,136,8,36,131,167,42,55,5,3,2,3,1,2
FR_PDL_44,2020-04-21,274,42,309,100,140,134,8,34,134,175,44,56,11,3,3,8,2,1
FR_PDL_44,2020-04-22,263,37,327,104,133,130,7,30,145,182,44,60,18,4,11,7,0,4
FR_PDL_44,2020-04-23,265,36,334,105,132,133,7,29,150,184,45,60,7,1,5,2,1,0
FR_PDL_44,2020-04-24,252,35,348,109,126,126,7,28,157,191,48,61,14,4,7,7,3,1
FR_PDL_44,2020-04-25,255,34,356,110,125,130,7,27,160,196,49,61,8,1,3,5,1,0
FR_PDL_44,2020-04-26,249,32,361,114,123,126,6,26,162,199,51,63,5,4,2,3,2,2
FR_PDL_44,2020-04-27,241,31,376,117,119,122,6,25,171,205,51,66,15,3,9,6,0,3
FR_PDL_44,2020-04-28,238,30,379,117,117,121,6,24,173,206,51,66,3,0,2,1,0,0
FR_PDL_44,2020-04-29,229,26,399,123,112,117,8,18,184,215,54,69,20,6,11,9,3,3
FR_PDL_44,2020-04-30,221,25,409,124,109,112,8,17,189,220,54,70,10,1,5,5,0,1
FR_PDL_44,2020-05-01,216,24,420,125,110,106,8,16,193,227,55,70,11,1,4,7,1,0
FR_PDL_44,2020-05-02,213,23,422,127,109,104,8,15,193,229,55,72,2,2,0,2,0,2
FR_PDL_44,2020-05-03,214,22,425,128,107,107,7,15,196,229,55,73,3,1,3,0,0,1
FR_PDL_44,2020-05-04,213,21,428,128,104,109,6,15,199,229,55,73,3,0,3,0,0,0
FR_PDL_44,2020-05-05,207,20,440,130,103,104,4,16,205,235,55,75,12,2,6,6,0,2
FR_PDL_44,2020-05-06,201,18,449,131,101,100,4,14,210,239,55,76,9,1,5,4,0,1
FR_PDL_44,2020-05-07,200,18,451,133,98,102,3,15,212,239,56,77,2,2,2,0,1,1
FR_PDL_44,2020-05-08,195,16,456,136,99,96,3,13,213,243,56,80,5,3,1,4,0,3
FR_PDL_44,2020-05-09,187,16,465,136,95,92,3,13,217,248,56,80,9,0,4,5,0,0
FR_PDL_44,2020-05-10,186,16,467,136,96,90,3,13,217,250,56,80,2,0,0,2,0,0
FR_PDL_44,2020-05-11,185,16,471,136,94,91,3,13,220,251,56,80,4,0,3,1,0,0
FR_PDL_44,2020-05-12,177,15,478,137,88,89,2,13,226,252,56,81,7,1,6,1,0,1
FR_PDL_44,2020-05-13,170,13,482,137,87,83,2,11,225,257,56,81,4,0,-1,5,0,0
FR_PDL_44,2020-05-14,159,9,498,139,79,80,2,7,235,263,56,83,16,2,10,6,0,2
FR_PDL_44,2020-05-15,150,9,506,141,77,73,2,7,237,269,56,85,8,2,2,6,0,2
FR_PDL_44,2020-05-16,147,8,510,141,77,70,2,6,237,273,56,85,4,0,0,4,0,0
FR_PDL_44,2020-05-17,148,8,510,141,77,71,2,6,237,273,56,85,0,0,0,0,0,0
FR_PDL_44,2020-05-18,140,8,515,142,73,67,2,6,240,275,56,86,5,1,3,2,0,1
FR_PDL_44,2020-05-19,138,8,521,142,69,69,2,6,244,277,56,86,6,0,4,2,0,0
FR_PDL_44,2020-05-20,132,7,526,143,65,67,2,5,248,278,56,87,5,1,4,1,0,1
FR_PDL_44,2020-05-21,132,6,527,143,64,68,2,4,249,278,56,87,1,0,1,0,0,0
FR_PDL_44,2020-05-22,132,6,528,143,65,67,2,4,249,279,56,87,1,0,0,1,0,0
FR_PDL_44,2020-05-23,133,6,529,143,66,67,2,4,250,279,56,87,1,0,1,0,0,0
FR_PDL_44,2020-05-24,138,7,529,144,70,68,3,4,250,279,56,88,0,1,0,0,0,1
FR_PDL_44,2020-05-25,138,8,532,144,70,68,4,4,252,280,56,88,3,0,2,1,0,0
FR_PDL_44,2020-05-26,133,9,542,144,65,68,4,5,259,283,56,88,10,0,7,3,0,0
FR_PDL_44,2020-05-27,128,9,548,144,63,65,4,5,262,286,56,88,6,0,3,3,0,0
FR_PDL_44,2020-05-28,125,8,554,144,61,64,3,5,265,289,56,88,6,0,3,3,0,0
FR_PDL_44,2020-05-29,126,8,555,144,60,66,3,5,266,289,56,88,1,0,1,0,0,0
FR_PDL_44,2020-05-30,130,7,558,144,59,71,3,4,269,289,56,88,3,0,3,0,0,0
FR_PDL_44,2020-05-31,128,6,563,146,59,69,2,4,272,291,57,89,5,2,3,2,1,1
FR_PDL_44,2020-06-01,127,6,565,146,58,69,2,4,273,292,57,89,2,0,1,1,0,0
FR_PDL_44,2020-06-02,120,7,573,147,54,66,2,5,278,295,57,90,8,1,5,3,0,1
FR_PDL_44,2020-06-03,115,7,578,147,51,64,2,5,281,297,57,90,5,0,3,2,0,0
FR_PDL_44,2020-06-04,111,7,587,147,51,60,2,5,283,304,57,90,9,0,2,7,0,0
FR_PDL_44,2020-06-05,106,6,593,151,49,57,2,4,287,306,59,92,6,4,4,2,2,2
FR_PDL_44,2020-06-06,100,5,599,151,47,53,1,4,290,309,59,92,6,0,3,3,0,0
FR_PDL_44,2020-06-07,101,5,599,152,47,54,1,4,290,309,60,92,0,1,0,0,1,0
FR_PDL_44,2020-06-08,100,5,604,153,47,53,1,4,291,313,60,93,5,1,1,4,0,1
FR_PDL_44,2020-06-09,98,5,607,153,47,51,1,4,292,315,60,93,3,0,1,2,0,0
FR_PDL_44,2020-06-10,96,5,610,153,46,50,1,4,295,315,60,93,3,0,3,0,0,0
FR_PDL_44,2020-06-11,86,5,627,156,42,44,2,3,306,321,62,94,17,3,11,6,2,1
FR_PDL_44,2020-06-12,78,5,636,156,39,39,2,3,309,327,62,94,9,0,3,6,0,0
FR_PDL_44,2020-06-13,78,5,638,156,38,40,2,3,310,328,62,94,2,0,1,1,0,0
FR_PDL_44,2020-06-14,78,5,638,156,38,40,2,3,310,328,62,94,0,0,0,0,0,0
FR_PDL_44,2020-06-15,77,5,639,156,38,39,2,3,310,329,62,94,1,0,0,1,0,0
FR_PDL_44,2020-06-16,74,3,644,156,37,37,0,3,312,332,62,94,5,0,2,3,0,0
FR_PDL_44,2020-06-17,76,5,649,156,39,37,0,5,314,335,62,94,5,0,2,3,0,0
FR_PDL_44,2020-06-18,75,5,650,157,38,37,0,5,315,335,62,95,1,1,1,0,0,1
FR_PDL_44,2020-06-19,68,4,657,157,35,33,0,4,318,339,62,95,7,0,3,4,0,0
FR_PDL_44,2020-06-20,66,4,659,157,34,32,0,4,319,340,62,95,2,0,1,1,0,0
FR_PDL_44,2020-06-21,66,4,659,157,34,32,0,4,319,340,62,95,0,0,0,0,0,0
FR_PDL_49,2020-03-18,12,1,26,0,6,6,0,1,9,17,0,0,,,,,,
FR_PDL_49,2020-03-19,16,3,28,0,9,7,1,2,11,17,0,0,2,0,2,0,0,0
FR_PDL_49,2020-03-20,22,4,38,0,9,13,1,3,18,20,0,0,10,0,7,3,0,0
FR_PDL_49,2020-03-21,21,5,35,2,9,12,1,4,15,20,0,2,-3,2,-3,0,0,2
FR_PDL_49,2020-03-22,22,6,40,2,10,12,3,3,16,24,0,2,5,0,1,4,0,0
FR_PDL_49,2020-03-23,46,10,43,4,24,22,6,4,19,24,0,4,3,2,3,0,0,2
FR_PDL_49,2020-03-24,58,15,48,5,29,29,7,8,21,27,1,4,5,1,2,3,1,0
FR_PDL_49,2020-03-25,67,16,55,6,25,42,7,9,26,29,2,4,7,1,5,2,1,0
FR_PDL_49,2020-03-26,79,20,65,8,29,50,8,12,35,30,3,5,10,2,9,1,1,1
FR_PDL_49,2020-03-27,91,22,73,10,32,59,9,13,40,33,4,6,8,2,5,3,1,1
FR_PDL_49,2020-03-28,107,29,81,10,38,69,7,22,42,39,4,6,8,0,2,6,0,0
FR_PDL_49,2020-03-29,117,29,92,10,41,76,7,22,51,41,4,6,11,0,9,2,0,0
FR_PDL_49,2020-03-30,125,30,94,14,48,77,7,23,52,42,6,8,2,4,1,1,2,2
FR_PDL_49,2020-03-31,144,34,112,18,57,87,9,25,61,51,7,11,18,4,9,9,1,3
FR_PDL_49,2020-04-01,150,40,127,18,55,95,8,32,69,58,7,11,15,0,8,7,0,0
FR_PDL_49,2020-04-02,142,39,146,23,57,85,8,31,75,71,9,14,19,5,6,13,2,3
FR_PDL_49,2020-04-03,151,52,163,27,60,91,11,41,82,81,11,16,17,4,7,10,2,2
FR_PDL_49,2020-04-04,156,54,166,29,62,94,12,42,83,83,12,17,3,2,1,2,1,1
FR_PDL_49,2020-04-05,160,54,171,33,65,95,14,40,84,87,12,21,5,4,1,4,0,4
FR_PDL_49,2020-04-06,164,52,176,39,63,101,9,43,86,90,15,24,5,6,2,3,3,3
FR_PDL_49,2020-04-07,173,52,196,44,61,112,9,43,99,97,18,26,20,5,13,7,3,2
FR_PDL_49,2020-04-08,180,51,206,47,68,112,11,40,105,101,18,29,10,3,6,4,0,3
FR_PDL_49,2020-04-09,189,53,218,47,74,115,13,40,112,106,18,29,12,0,7,5,0,0
FR_PDL_49,2020-04-10,192,54,233,49,73,119,12,42,119,114,19,30,15,2,7,8,1,1
FR_PDL_49,2020-04-11,201,46,242,53,79,122,11,35,127,115,21,32,9,4,8,1,2,2
FR_PDL_49,2020-04-12,218,47,245,53,90,128,10,37,128,117,21,32,3,0,1,2,0,0
FR_PDL_49,2020-04-13,219,45,253,54,88,131,10,35,134,119,22,32,8,1,6,2,1,0
FR_PDL_49,2020-04-14,228,44,257,56,92,136,10,34,135,122,23,33,4,2,1,3,1,1
FR_PDL_49,2020-04-15,208,44,279,60,82,126,13,31,146,133,25,35,22,4,11,11,2,2
FR_PDL_49,2020-04-16,215,40,292,66,84,131,11,29,153,139,27,39,13,6,7,6,2,4
FR_PDL_49,2020-04-17,204,40,302,69,79,125,11,29,158,144,29,40,10,3,5,5,2,1
FR_PDL_49,2020-04-18,201,38,306,73,80,121,10,28,160,146,31,42,4,4,2,2,2,2
FR_PDL_49,2020-04-19,198,38,310,75,78,120,9,29,162,148,33,42,4,2,2,2,2,0
FR_PDL_49,2020-04-20,201,41,312,76,78,123,11,30,164,148,33,43,2,1,2,0,0,1
FR_PDL_49,2020-04-21,191,37,322,78,73,118,9,28,169,153,34,44,10,2,5,5,1,1
FR_PDL_49,2020-04-22,186,34,332,82,74,112,9,25,175,157,34,48,10,4,6,4,0,4
FR_PDL_49,2020-04-23,188,32,343,85,75,113,8,24,178,165,35,50,11,3,3,8,1,2
FR_PDL_49,2020-04-24,184,30,345,89,74,110,7,23,179,166,36,53,2,4,1,1,1,3
FR_PDL_49,2020-04-25,178,30,352,91,73,105,7,23,181,171,37,54,7,2,2,5,1,1
FR_PDL_49,2020-04-26,172,29,355,94,71,101,7,22,182,173,38,56,3,3,1,2,1,2
FR_PDL_49,2020-04-27,178,29,358,96,74,104,8,21,184,174,38,58,3,2,2,1,0,2
FR_PDL_49,2020-04-28,179,27,358,97,76,103,8,19,183,175,38,59,0,1,-1,1,0,1
FR_PDL_49,2020-04-29,166,24,383,98,70,96,7,17,199,184,39,59,25,1,16,9,1,0
FR_PDL_49,2020-04-30,163,21,390,99,71,92,7,14,201,189,39,60,7,1,2,5,0,1
FR_PDL_49,2020-05-01,156,20,399,100,69,87,6,14,202,197,40,60,9,1,1,8,1,0
FR_PDL_49,2020-05-02,155,21,400,101,70,85,6,15,202,198,40,61,1,1,0,1,0,1
FR_PDL_49,2020-05-03,156,21,401,101,71,85,5,16,203,198,40,61,1,0,1,0,0,0
FR_PDL_49,2020-05-04,157,21,406,102,71,86,5,16,205,201,41,61,5,1,2,3,1,0
FR_PDL_49,2020-05-05,159,23,411,104,71,88,5,18,206,205,40,64,5,2,1,4,-1,3
FR_PDL_49,2020-05-06,156,22,419,107,70,86,4,18,210,209,41,66,8,3,4,4,1,2
FR_PDL_49,2020-05-07,146,20,428,108,66,80,4,16,214,214,41,67,9,1,4,5,0,1
FR_PDL_49,2020-05-08,143,18,430,110,65,78,3,15,216,214,41,69,2,2,2,0,0,2
FR_PDL_49,2020-05-09,141,17,430,112,66,75,3,14,216,214,41,71,0,2,0,0,0,2
FR_PDL_49,2020-05-10,144,17,431,112,66,78,3,14,217,214,41,71,1,0,1,0,0,0
FR_PDL_49,2020-05-11,148,18,432,112,68,80,4,14,217,215,41,71,1,0,0,1,0,0
FR_PDL_49,2020-05-12,155,18,432,112,72,83,4,14,217,215,41,71,0,0,0,0,0,0
FR_PDL_49,2020-05-13,154,17,434,112,72,82,4,13,219,215,41,71,2,0,2,0,0,0
FR_PDL_49,2020-05-14,151,16,439,114,71,80,3,13,222,217,42,72,5,2,3,2,1,1
FR_PDL_49,2020-05-15,145,17,453,118,73,72,6,11,228,225,44,74,14,4,6,8,2,2
FR_PDL_49,2020-05-16,144,17,455,119,72,72,5,12,229,226,45,74,2,1,1,1,1,0
FR_PDL_49,2020-05-17,146,17,456,119,74,72,5,12,229,227,45,74,1,0,0,1,0,0
FR_PDL_49,2020-05-18,141,16,461,123,70,71,5,11,231,230,47,76,5,4,2,3,2,2
FR_PDL_49,2020-05-19,131,16,471,124,63,68,5,11,238,233,48,76,10,1,7,3,1,0
FR_PDL_49,2020-05-20,125,15,478,125,61,64,4,11,240,238,48,77,7,1,2,5,0,1
FR_PDL_49,2020-05-21,117,14,487,127,59,58,3,11,243,244,49,78,9,2,3,6,1,1
FR_PDL_49,2020-05-22,117,13,491,129,60,57,3,10,244,247,50,79,4,2,1,3,1,1
FR_PDL_49,2020-05-23,118,13,494,129,61,57,3,10,245,249,50,79,3,0,1,2,0,0
FR_PDL_49,2020-05-24,117,12,495,130,60,57,3,9,246,249,50,80,1,1,1,0,0,1
FR_PDL_49,2020-05-25,116,12,497,131,60,56,3,9,248,249,50,81,2,1,2,0,0,1
FR_PDL_49,2020-05-26,114,10,498,132,58,56,3,7,250,248,50,82,1,1,2,-1,0,1
FR_PDL_49,2020-05-27,110,8,503,133,55,55,1,7,253,250,51,82,5,1,3,2,1,0
FR_PDL_49,2020-05-28,104,8,512,133,52,52,1,7,259,253,51,82,9,0,6,3,0,0
FR_PDL_49,2020-05-29,103,7,513,133,52,51,1,6,260,253,51,82,1,0,1,0,0,0
FR_PDL_49,2020-05-30,99,7,518,133,49,50,1,6,263,255,51,82,5,0,3,2,0,0
FR_PDL_49,2020-05-31,102,7,518,133,49,53,1,6,263,255,51,82,0,0,0,0,0,0
FR_PDL_49,2020-06-01,102,8,519,133,50,52,2,6,263,256,51,82,1,0,0,1,0,0
FR_PDL_49,2020-06-02,99,8,523,133,49,50,2,6,264,259,51,82,4,0,1,3,0,0
FR_PDL_49,2020-06-03,94,8,527,133,46,48,2,6,267,260,51,82,4,0,3,1,0,0
FR_PDL_49,2020-06-04,91,7,531,134,43,48,2,5,269,262,52,82,4,1,2,2,1,0
FR_PDL_49,2020-06-05,88,7,535,135,42,46,2,5,271,264,52,83,4,1,2,2,0,1
FR_PDL_49,2020-06-06,86,6,538,135,42,44,2,4,270,268,52,83,3,0,-1,4,0,0
FR_PDL_49,2020-06-07,87,6,538,135,43,44,2,4,270,268,52,83,0,0,0,0,0,0
FR_PDL_49,2020-06-08,90,7,537,135,46,44,3,4,269,268,52,83,-1,0,-1,0,0,0
FR_PDL_49,2020-06-09,81,5,547,135,42,39,2,3,273,274,52,83,10,0,4,6,0,0
FR_PDL_49,2020-06-10,80,5,550,136,44,36,2,3,272,278,52,84,3,1,-1,4,0,1
FR_PDL_49,2020-06-11,84,5,552,136,47,37,2,3,273,279,52,84,2,0,1,1,0,0
FR_PDL_49,2020-06-12,80,5,559,137,44,36,3,2,278,281,52,85,7,1,5,2,0,1
FR_PDL_49,2020-06-13,82,6,559,137,44,38,2,4,278,281,52,85,0,0,0,0,0,0
FR_PDL_49,2020-06-14,82,6,559,138,43,39,2,4,278,281,53,85,0,1,0,0,1,0
FR_PDL_49,2020-06-15,82,5,560,138,43,39,1,4,279,281,53,85,1,0,1,0,0,0
FR_PDL_49,2020-06-16,82,5,561,138,43,39,1,4,279,282,53,85,1,0,0,1,0,0
FR_PDL_49,2020-06-17,76,5,569,138,42,34,1,4,282,287,53,85,8,0,3,5,0,0
FR_PDL_49,2020-06-18,74,4,571,139,42,32,1,3,283,288,53,86,2,1,1,1,0,1
FR_PDL_49,2020-06-19,71,4,574,139,40,31,1,3,285,289,53,86,3,0,2,1,0,0
FR_PDL_49,2020-06-20,69,3,576,139,39,30,0,3,286,290,53,86,2,0,1,1,0,0
FR_PDL_49,2020-06-21,68,2,576,140,39,29,0,2,286,290,53,87,0,1,0,0,0,1
FR_PDL_53,2020-03-18,4,0,2,0,1,3,0,0,1,1,0,0,,,,,,
FR_PDL_53,2020-03-19,5,1,3,0,1,4,0,1,2,1,0,0,1,0,1,0,0,0
FR_PDL_53,2020-03-20,7,2,3,0,1,6,0,2,2,1,0,0,0,0,0,0,0,0
FR_PDL_53,2020-03-21,7,2,3,0,1,6,0,2,2,1,0,0,0,0,0,0,0,0
FR_PDL_53,2020-03-22,9,2,3,0,2,7,0,2,2,1,0,0,0,0,0,0,0,0
FR_PDL_53,2020-03-23,14,2,3,1,4,10,0,2,2,1,0,1,0,1,0,0,0,1
FR_PDL_53,2020-03-24,14,2,3,1,4,10,0,2,2,1,0,1,0,0,0,0,0,0
FR_PDL_53,2020-03-25,21,4,3,1,7,14,0,4,2,1,0,1,0,0,0,0,0,0
FR_PDL_53,2020-03-26,27,5,3,3,9,18,0,5,2,1,2,1,0,2,0,0,2,0
FR_PDL_53,2020-03-27,45,6,3,3,22,23,1,5,2,1,2,1,0,0,0,0,0,0
FR_PDL_53,2020-03-28,46,6,3,5,23,23,1,5,2,1,4,1,0,2,0,0,2,0
FR_PDL_53,2020-03-29,51,6,3,5,25,26,1,5,2,1,4,1,0,0,0,0,0,0
FR_PDL_53,2020-03-30,56,8,4,7,26,30,1,7,3,1,5,2,1,2,1,0,1,1
FR_PDL_53,2020-03-31,55,9,8,8,24,31,1,8,5,3,5,3,4,1,2,2,0,1
FR_PDL_53,2020-04-01,56,9,11,8,24,32,1,8,7,4,5,3,3,0,2,1,0,0
FR_PDL_53,2020-04-02,60,10,14,8,31,29,1,9,8,6,5,3,3,0,1,2,0,0
FR_PDL_53,2020-04-03,66,12,14,9,32,34,1,11,8,6,5,4,0,1,0,0,0,1
FR_PDL_53,2020-04-04,75,14,14,11,38,37,3,11,7,7,5,6,0,2,-1,1,0,2
FR_PDL_53,2020-04-05,74,14,17,11,38,36,3,11,8,9,5,6,3,0,1,2,0,0
FR_PDL_53,2020-04-06,76,14,17,11,39,37,3,11,9,8,5,6,0,0,1,-1,0,0
FR_PDL_53,2020-04-07,71,14,22,12,36,35,3,11,11,11,6,6,5,1,2,3,1,0
FR_PDL_53,2020-04-08,74,15,25,13,41,33,5,10,13,12,6,7,3,1,2,1,0,1
FR_PDL_53,2020-04-09,75,14,28,14,41,34,4,10,14,14,6,8,3,1,1,2,0,1
FR_PDL_53,2020-04-10,74,14,30,17,40,34,4,10,15,15,8,9,2,3,1,1,2,1
FR_PDL_53,2020-04-11,65,11,39,18,32,33,3,8,22,17,9,9,9,1,7,2,1,0
FR_PDL_53,2020-04-12,69,11,39,18,34,35,3,8,22,17,9,9,0,0,0,0,0,0
FR_PDL_53,2020-04-13,68,11,41,19,33,35,3,8,23,18,10,9,2,1,1,1,1,0
FR_PDL_53,2020-04-14,71,11,42,19,35,36,3,8,23,19,10,9,1,0,0,1,0,0
FR_PDL_53,2020-04-15,78,10,46,21,40,38,3,7,24,22,11,10,4,2,1,3,1,1
FR_PDL_53,2020-04-16,91,10,49,25,46,45,3,7,24,25,13,12,3,4,0,3,2,2
FR_PDL_53,2020-04-17,92,10,53,26,50,42,3,7,26,27,13,13,4,1,2,2,0,1
FR_PDL_53,2020-04-18,91,11,56,26,51,40,3,8,26,30,13,13,3,0,0,3,0,0
FR_PDL_53,2020-04-19,91,10,57,26,51,40,3,7,27,30,13,13,1,0,1,0,0,0
FR_PDL_53,2020-04-20,90,10,58,27,51,39,2,8,28,30,13,14,1,1,1,0,0,1
FR_PDL_53,2020-04-21,90,10,61,27,49,41,2,8,30,31,13,14,3,0,2,1,0,0
FR_PDL_53,2020-04-22,92,10,65,27,54,38,2,8,30,35,13,14,4,0,0,4,0,0
FR_PDL_53,2020-04-23,91,10,67,27,52,39,2,8,32,35,13,14,2,0,2,0,0,0
FR_PDL_53,2020-04-24,86,10,72,27,48,38,2,8,35,37,13,14,5,0,3,2,0,0
FR_PDL_53,2020-04-25,85,10,73,27,47,38,2,8,36,37,13,14,1,0,1,0,0,0
FR_PDL_53,2020-04-26,85,10,73,27,47,38,2,8,36,37,13,14,0,0,0,0,0,0
FR_PDL_53,2020-04-27,86,11,75,28,46,40,2,9,37,38,13,15,2,1,1,1,0,1
FR_PDL_53,2020-04-28,86,10,74,29,47,39,2,8,36,38,13,16,-1,1,-1,0,0,1
FR_PDL_53,2020-04-29,85,10,81,29,47,38,2,8,39,42,13,16,7,0,3,4,0,0
FR_PDL_53,2020-04-30,85,9,84,32,46,39,2,7,41,43,14,18,3,3,2,1,1,2
FR_PDL_53,2020-05-01,81,7,87,32,46,35,2,5,41,46,14,18,3,0,0,3,0,0
FR_PDL_53,2020-05-02,81,6,87,34,48,33,2,4,41,46,14,20,0,2,0,0,0,2
FR_PDL_53,2020-05-03,81,6,87,34,48,33,2,4,41,46,14,20,0,0,0,0,0,0
FR_PDL_53,2020-05-04,80,6,89,34,48,32,2,4,42,47,14,20,2,0,1,1,0,0
FR_PDL_53,2020-05-05,78,6,97,34,45,33,2,4,47,50,14,20,8,0,5,3,0,0
FR_PDL_53,2020-05-06,73,6,103,34,42,31,2,4,51,52,14,20,6,0,4,2,0,0
FR_PDL_53,2020-05-07,73,6,103,35,42,31,2,4,51,52,15,20,0,1,0,0,1,0
FR_PDL_53,2020-05-08,69,6,108,35,40,29,2,4,53,55,15,20,5,0,2,3,0,0
FR_PDL_53,2020-05-09,69,6,108,35,40,29,2,4,53,55,15,20,0,0,0,0,0,0
FR_PDL_53,2020-05-10,68,5,108,35,40,28,2,3,53,55,15,20,0,0,0,0,0,0
FR_PDL_53,2020-05-11,65,5,110,36,39,26,2,3,54,56,15,21,2,1,1,1,0,1
FR_PDL_53,2020-05-12,52,5,128,37,30,22,2,3,63,65,15,22,18,1,9,9,0,1
FR_PDL_53,2020-05-13,48,5,130,37,29,19,2,3,63,67,15,22,2,0,0,2,0,0
FR_PDL_53,2020-05-14,43,4,133,38,25,18,1,3,65,68,16,22,3,1,2,1,1,0
FR_PDL_53,2020-05-15,42,4,136,38,24,18,1,3,67,69,16,22,3,0,2,1,0,0
FR_PDL_53,2020-05-16,39,3,136,40,24,15,1,2,67,69,16,24,0,2,0,0,0,2
FR_PDL_53,2020-05-17,39,3,136,40,24,15,1,2,67,69,16,24,0,0,0,0,0,0
FR_PDL_53,2020-05-18,40,4,136,40,25,15,2,2,67,69,16,24,0,0,0,0,0,0
FR_PDL_53,2020-05-19,38,4,138,39,24,14,2,2,68,70,16,23,2,-1,1,1,0,-1
FR_PDL_53,2020-05-20,40,4,138,39,25,15,2,2,68,70,16,23,0,0,0,0,0,0
FR_PDL_53,2020-05-21,38,3,138,40,24,14,1,2,68,70,16,24,0,1,0,0,0,1
FR_PDL_53,2020-05-22,36,3,141,40,22,14,1,2,71,70,16,24,3,0,3,0,0,0
FR_PDL_53,2020-05-23,35,3,141,41,21,14,1,2,71,70,17,24,0,1,0,0,1,0
FR_PDL_53,2020-05-24,35,3,141,41,21,14,1,2,71,70,17,24,0,0,0,0,0,0
FR_PDL_53,2020-05-25,34,3,141,42,21,13,1,2,71,70,17,25,0,1,0,0,0,1
FR_PDL_53,2020-05-26,33,2,142,42,20,13,1,1,72,70,17,25,1,0,1,0,0,0
FR_PDL_53,2020-05-27,32,1,145,42,21,11,0,1,73,72,17,25,3,0,1,2,0,0
FR_PDL_53,2020-05-28,33,0,145,42,21,12,0,0,73,72,17,25,0,0,0,0,0,0
FR_PDL_53,2020-05-29,29,0,148,43,17,12,0,0,76,72,18,25,3,1,3,0,1,0
FR_PDL_53,2020-05-30,22,0,155,43,12,10,0,0,81,74,18,25,7,0,5,2,0,0
FR_PDL_53,2020-05-31,18,0,159,43,10,8,0,0,83,76,18,25,4,0,2,2,0,0
FR_PDL_53,2020-06-01,19,0,159,43,11,8,0,0,83,76,18,25,0,0,0,0,0,0
FR_PDL_53,2020-06-02,18,0,160,44,11,7,0,0,84,76,18,26,1,1,1,0,0,1
FR_PDL_53,2020-06-03,16,0,162,44,11,5,0,0,84,78,18,26,2,0,0,2,0,0
FR_PDL_53,2020-06-04,14,0,164,44,10,4,0,0,85,79,18,26,2,0,1,1,0,0
FR_PDL_53,2020-06-05,15,0,164,44,10,5,0,0,85,79,18,26,0,0,0,0,0,0
FR_PDL_53,2020-06-06,12,1,168,44,8,4,1,0,88,80,18,26,4,0,3,1,0,0
FR_PDL_53,2020-06-07,12,1,168,44,8,4,1,0,88,80,18,26,0,0,0,0,0,0
FR_PDL_53,2020-06-08,12,1,168,44,8,4,1,0,88,80,18,26,0,0,0,0,0,0
FR_PDL_53,2020-06-09,12,1,168,44,8,4,1,0,88,80,18,26,0,0,0,0,0,0
FR_PDL_53,2020-06-10,11,1,170,44,7,4,1,0,89,81,18,26,2,0,1,1,0,0
FR_PDL_53,2020-06-11,9,1,172,44,6,3,1,0,90,82,18,26,2,0,1,1,0,0
FR_PDL_53,2020-06-12,9,1,172,44,6,3,1,0,90,82,18,26,0,0,0,0,0,0
FR_PDL_53,2020-06-13,9,1,173,44,7,2,1,0,90,83,18,26,1,0,0,1,0,0
FR_PDL_53,2020-06-14,9,1,173,44,7,2,1,0,90,83,18,26,0,0,0,0,0,0
FR_PDL_53,2020-06-15,10,1,173,44,8,2,1,0,90,83,18,26,0,0,0,0,0,0
FR_PDL_53,2020-06-16,10,1,173,44,8,2,1,0,90,83,18,26,0,0,0,0,0,0
FR_PDL_53,2020-06-17,9,1,174,44,7,2,1,0,91,83,18,26,1,0,1,0,0,0
FR_PDL_53,2020-06-18,9,1,174,44,7,2,1,0,91,83,18,26,0,0,0,0,0,0
FR_PDL_53,2020-06-19,7,0,175,44,5,2,0,0,92,83,18,26,1,0,1,0,0,0
FR_PDL_53,2020-06-20,7,0,175,44,5,2,0,0,92,83,18,26,0,0,0,0,0,0
FR_PDL_53,2020-06-21,7,0,175,44,5,2,0,0,92,83,18,26,0,0,0,0,0,0
FR_PDL_72,2020-03-18,9,0,1,0,6,3,0,0,1,0,0,0,,,,,,
FR_PDL_72,2020-03-19,8,0,5,0,6,2,0,0,3,2,0,0,4,0,2,2,0,0
FR_PDL_72,2020-03-20,8,0,5,0,6,2,0,0,3,2,0,0,0,0,0,0,0,0
FR_PDL_72,2020-03-21,9,0,5,0,6,3,0,0,3,2,0,0,0,0,0,0,0,0
FR_PDL_72,2020-03-22,11,0,6,0,8,3,0,0,4,2,0,0,1,0,1,0,0,0
FR_PDL_72,2020-03-23,20,2,6,1,10,10,0,2,4,2,1,0,0,1,0,0,1,0
FR_PDL_72,2020-03-24,23,3,12,1,7,16,0,3,8,4,1,0,6,0,4,2,0,0
FR_PDL_72,2020-03-25,26,3,13,1,8,18,0,3,9,4,1,0,1,0,1,0,0,0
FR_PDL_72,2020-03-26,39,5,20,2,10,29,0,5,13,7,1,1,7,1,4,3,0,1
FR_PDL_72,2020-03-27,53,12,22,3,16,37,5,7,13,9,2,1,2,1,0,2,1,0
FR_PDL_72,2020-03-28,78,17,25,4,25,53,8,9,15,10,2,2,3,1,2,1,0,1
FR_PDL_72,2020-03-29,96,17,32,5,33,63,7,10,19,13,3,2,7,1,4,3,1,0
FR_PDL_72,2020-03-30,97,23,30,5,32,65,9,14,18,12,3,2,-2,0,-1,-1,0,0
FR_PDL_72,2020-03-31,100,24,42,9,34,66,9,15,24,18,5,4,12,4,6,6,2,2
FR_PDL_72,2020-04-01,98,23,50,13,34,64,7,16,25,25,7,6,8,4,1,7,2,2
FR_PDL_72,2020-04-02,105,22,58,16,40,65,7,15,30,28,7,9,8,3,5,3,0,3
FR_PDL_72,2020-04-03,109,25,70,18,39,70,8,17,36,34,7,11,12,2,6,6,0,2
FR_PDL_72,2020-04-04,105,23,78,18,36,69,8,15,40,38,7,11,8,0,4,4,0,0
FR_PDL_72,2020-04-05,108,24,82,19,38,70,8,16,43,39,7,12,4,1,3,1,0,1
FR_PDL_72,2020-04-06,106,24,87,21,41,65,8,16,43,44,8,13,5,2,0,5,1,1
FR_PDL_72,2020-04-07,113,23,95,21,48,65,7,16,46,49,8,13,8,0,3,5,0,0
FR_PDL_72,2020-04-08,116,24,105,22,51,65,8,16,52,53,9,13,10,1,6,4,1,0
FR_PDL_72,2020-04-09,130,20,115,23,57,73,6,14,58,57,10,13,10,1,6,4,1,0
FR_PDL_72,2020-04-10,143,21,110,24,64,79,6,15,55,55,11,13,-5,1,-3,-2,1,0
FR_PDL_72,2020-04-11,147,22,118,25,60,87,5,17,59,59,12,13,8,1,4,4,1,0
FR_PDL_72,2020-04-12,151,23,121,27,61,90,5,18,61,60,12,15,3,2,2,1,0,2
FR_PDL_72,2020-04-13,155,22,122,27,65,90,5,17,62,60,12,15,1,0,1,0,0,0
FR_PDL_72,2020-04-14,142,21,136,33,59,83,5,16,68,68,14,19,14,6,6,8,2,4
FR_PDL_72,2020-04-15,142,18,155,33,59,83,3,15,77,78,14,19,19,0,9,10,0,0
FR_PDL_72,2020-04-16,140,17,167,34,65,75,3,14,79,88,14,20,12,1,2,10,0,1
FR_PDL_72,2020-04-17,139,15,174,35,62,77,3,12,84,90,15,20,7,1,5,2,1,0
FR_PDL_72,2020-04-18,140,17,180,36,67,73,6,11,85,95,15,21,6,1,1,5,0,1
FR_PDL_72,2020-04-19,140,14,181,38,65,75,5,9,86,95,17,21,1,2,1,0,2,0
FR_PDL_72,2020-04-20,135,14,181,41,68,67,5,9,88,93,19,22,0,3,2,-2,2,1
FR_PDL_72,2020-04-21,133,13,179,42,68,65,4,9,86,93,19,23,-2,1,-2,0,0,1
FR_PDL_72,2020-04-22,138,13,181,43,70,68,4,9,88,93,20,23,2,1,2,0,1,0
FR_PDL_72,2020-04-23,141,15,189,44,69,72,4,11,93,96,20,24,8,1,5,3,0,1
FR_PDL_72,2020-04-24,142,13,193,47,67,75,2,11,95,98,23,24,4,3,2,2,3,0
FR_PDL_72,2020-04-25,144,14,197,48,70,74,3,11,97,100,24,24,4,1,2,2,1,0
FR_PDL_72,2020-04-26,149,15,197,48,73,76,3,12,97,100,24,24,0,0,0,0,0,0
FR_PDL_72,2020-04-27,142,15,206,50,68,74,3,12,104,102,25,25,9,2,7,2,1,1
FR_PDL_72,2020-04-28,140,15,206,51,67,73,3,12,104,102,25,26,0,1,0,0,0,1
FR_PDL_72,2020-04-29,126,9,222,55,62,64,0,9,111,111,25,30,16,4,7,9,0,4
FR_PDL_72,2020-04-30,119,9,228,55,61,58,0,9,111,117,25,30,6,0,0,6,0,0
FR_PDL_72,2020-05-01,127,9,231,55,67,60,0,9,111,120,25,30,3,0,0,3,0,0
FR_PDL_72,2020-05-02,129,10,231,55,69,60,0,10,111,120,25,30,0,0,0,0,0,0
FR_PDL_72,2020-05-03,129,9,232,57,69,60,0,9,112,120,26,31,1,2,1,0,1,1
FR_PDL_72,2020-05-04,126,9,231,61,67,59,0,9,112,119,29,32,-1,4,0,-1,3,1
FR_PDL_72,2020-05-05,123,8,239,62,66,57,0,8,117,122,29,33,8,1,5,3,0,1
FR_PDL_72,2020-05-06,125,8,242,64,68,57,0,8,118,124,29,35,3,2,1,2,0,2
FR_PDL_72,2020-05-07,128,7,241,64,69,59,0,7,118,123,29,35,-1,0,0,-1,0,0
FR_PDL_72,2020-05-08,128,7,246,64,70,58,0,7,120,126,29,35,5,0,2,3,0,0
FR_PDL_72,2020-05-09,127,6,247,67,69,58,0,6,121,126,31,36,1,3,1,0,2,1
FR_PDL_72,2020-05-10,131,6,247,68,71,60,0,6,121,126,31,37,0,1,0,0,0,1
FR_PDL_72,2020-05-11,127,6,249,69,70,57,0,6,122,127,31,38,2,1,1,1,0,1
FR_PDL_72,2020-05-12,124,4,255,70,68,56,0,4,124,131,32,38,6,1,2,4,1,0
FR_PDL_72,2020-05-13,126,4,258,70,69,57,0,4,126,132,32,38,3,0,2,1,0,0
FR_PDL_72,2020-05-14,126,4,262,71,69,57,0,4,130,132,33,38,4,1,4,0,1,0
FR_PDL_72,2020-05-15,123,4,267,71,66,57,0,4,133,134,33,38,5,0,3,2,0,0
FR_PDL_72,2020-05-16,119,3,269,73,65,54,0,3,134,135,34,39,2,2,1,1,1,1
FR_PDL_72,2020-05-17,119,3,270,73,64,55,0,3,135,135,34,39,1,0,1,0,0,0
FR_PDL_72,2020-05-18,114,3,274,75,62,52,0,3,136,138,35,40,4,2,1,3,1,1
FR_PDL_72,2020-05-19,109,3,279,75,57,52,0,3,141,138,35,40,5,0,5,0,0,0
FR_PDL_72,2020-05-20,106,3,282,75,56,50,0,3,142,140,35,40,3,0,1,2,0,0
FR_PDL_72,2020-05-21,103,3,286,75,53,50,0,3,146,140,35,40,4,0,4,0,0,0
FR_PDL_72,2020-05-22,105,3,287,75,53,52,0,3,147,140,35,40,1,0,1,0,0,0
FR_PDL_72,2020-05-23,98,3,290,76,51,47,0,3,148,142,35,41,3,1,1,2,0,1
FR_PDL_72,2020-05-24,98,3,291,76,52,46,0,3,148,143,35,41,1,0,0,1,0,0
FR_PDL_72,2020-05-25,95,3,292,76,52,43,0,3,148,144,35,41,1,0,0,1,0,0
FR_PDL_72,2020-05-26,94,3,293,76,52,42,0,3,148,145,35,41,1,0,0,1,0,0
FR_PDL_72,2020-05-27,90,2,296,78,50,40,0,2,150,146,35,43,3,2,2,1,0,2
FR_PDL_72,2020-05-28,89,2,297,78,50,39,0,2,150,147,35,43,1,0,0,1,0,0
FR_PDL_72,2020-05-29,83,2,302,79,49,34,0,2,151,151,35,44,5,1,1,4,0,1
FR_PDL_72,2020-05-30,81,2,304,79,49,32,0,2,151,153,35,44,2,0,0,2,0,0
FR_PDL_72,2020-05-31,81,2,304,79,49,32,0,2,151,153,35,44,0,0,0,0,0,0
FR_PDL_72,2020-06-01,81,2,304,79,49,32,0,2,151,153,35,44,0,0,0,0,0,0
FR_PDL_72,2020-06-02,80,2,307,79,46,34,0,2,153,154,35,44,3,0,2,1,0,0
FR_PDL_72,2020-06-03,69,2,318,81,36,33,0,2,163,155,36,45,11,2,10,1,1,1
FR_PDL_72,2020-06-04,62,2,325,82,32,30,0,2,166,159,37,45,7,1,3,4,1,0
FR_PDL_72,2020-06-05,62,2,325,82,32,30,0,2,166,159,37,45,0,0,0,0,0,0
FR_PDL_72,2020-06-06,62,2,325,82,32,30,0,2,166,159,37,45,0,0,0,0,0,0
FR_PDL_72,2020-06-07,59,2,327,83,32,27,0,2,166,161,37,46,2,1,0,2,0,1
FR_PDL_72,2020-06-08,59,2,327,83,32,27,0,2,166,161,37,46,0,0,0,0,0,0
FR_PDL_72,2020-06-09,58,2,328,83,31,27,0,2,167,161,37,46,1,0,1,0,0,0
FR_PDL_72,2020-06-10,57,2,330,83,32,25,0,2,167,163,37,46,2,0,0,2,0,0
FR_PDL_72,2020-06-11,58,2,330,83,33,25,0,2,167,163,37,46,0,0,0,0,0,0
FR_PDL_72,2020-06-12,58,1,330,83,33,25,0,1,167,163,37,46,0,0,0,0,0,0
FR_PDL_72,2020-06-13,58,1,330,83,33,25,0,1,167,163,37,46,0,0,0,0,0,0
FR_PDL_72,2020-06-14,58,1,330,83,33,25,0,1,167,163,37,46,0,0,0,0,0,0
FR_PDL_72,2020-06-15,58,1,331,83,32,26,0,1,168,163,37,46,1,0,1,0,0,0
FR_PDL_72,2020-06-16,58,1,331,83,32,26,0,1,168,163,37,46,0,0,0,0,0,0
FR_PDL_72,2020-06-17,42,1,346,84,23,19,0,1,177,169,37,47,15,1,9,6,0,1
FR_PDL_72,2020-06-18,39,0,348,84,20,19,0,0,179,169,37,47,2,0,2,0,0,0
FR_PDL_72,2020-06-19,39,0,348,84,20,19,0,0,179,169,37,47,0,0,0,0,0,0
FR_PDL_72,2020-06-20,39,0,349,84,20,19,0,0,179,170,37,47,1,0,0,1,0,0
FR_PDL_72,2020-06-21,39,0,349,84,20,19,0,0,179,170,37,47,0,0,0,0,0,0
FR_PDL_85,2020-03-18,1,0,0,0,1,0,0,0,0,0,0,0,,,,,,
FR_PDL_85,2020-03-19,5,1,5,0,3,2,1,0,3,2,0,0,5,0,3,2,0,0
FR_PDL_85,2020-03-20,6,1,5,0,3,3,1,0,3,2,0,0,0,0,0,0,0,0
FR_PDL_85,2020-03-21,4,2,7,0,1,3,1,1,5,2,0,0,2,0,2,0,0,0
FR_PDL_85,2020-03-22,7,5,8,0,1,6,1,4,5,3,0,0,1,0,0,1,0,0
FR_PDL_85,2020-03-23,9,5,8,0,3,6,1,4,5,3,0,0,0,0,0,0,0,0
FR_PDL_85,2020-03-24,15,6,7,0,5,10,1,5,5,2,0,0,-1,0,0,-1,0,0
FR_PDL_85,2020-03-25,33,7,8,1,11,22,1,6,5,3,0,1,1,1,0,1,0,1
FR_PDL_85,2020-03-26,46,9,10,2,13,33,1,8,6,4,1,1,2,1,1,1,1,0
FR_PDL_85,2020-03-27,54,11,10,3,17,37,1,10,6,4,1,2,0,1,0,0,0,1
FR_PDL_85,2020-03-28,64,11,13,4,26,38,1,10,6,7,1,3,3,1,0,3,0,1
FR_PDL_85,2020-03-29,72,14,14,4,30,42,1,13,6,8,1,3,1,0,0,1,0,0
FR_PDL_85,2020-03-30,75,15,14,4,32,43,2,13,6,8,1,3,0,0,0,0,0,0
FR_PDL_85,2020-03-31,51,15,23,5,17,34,2,13,14,9,2,3,9,1,8,1,1,0
FR_PDL_85,2020-04-01,56,16,27,7,18,38,1,15,15,12,3,4,4,2,1,3,1,1
FR_PDL_85,2020-04-02,57,17,29,7,18,39,2,15,16,13,3,4,2,0,1,1,0,0
FR_PDL_85,2020-04-03,65,19,31,12,24,41,3,16,17,14,5,7,2,5,1,1,2,3
FR_PDL_85,2020-04-04,68,20,38,15,30,38,6,14,18,20,5,10,7,3,1,6,0,3
FR_PDL_85,2020-04-05,74,21,38,15,32,42,6,15,18,20,5,10,0,0,0,0,0,0
FR_PDL_85,2020-04-06,77,22,38,16,33,44,6,16,18,20,6,10,0,1,0,0,1,0
FR_PDL_85,2020-04-07,72,22,44,16,29,43,6,16,22,22,6,10,6,0,4,2,0,0
FR_PDL_85,2020-04-08,65,21,55,17,24,41,6,15,27,28,6,11,11,1,5,6,0,1
FR_PDL_85,2020-04-09,71,23,57,17,26,45,6,17,27,30,6,11,2,0,0,2,0,0
FR_PDL_85,2020-04-10,72,21,58,19,30,42,6,15,26,32,6,13,1,2,-1,2,0,2
FR_PDL_85,2020-04-11,75,20,62,20,32,43,5,15,28,34,7,13,4,1,2,2,1,0
FR_PDL_85,2020-04-12,75,21,65,20,33,42,6,15,29,36,7,13,3,0,1,2,0,0
FR_PDL_85,2020-04-13,79,20,67,21,35,44,5,15,30,37,7,14,2,1,1,1,0,1
FR_PDL_85,2020-04-14,79,16,70,24,36,43,5,11,31,39,9,15,3,3,1,2,2,1
FR_PDL_85,2020-04-15,70,15,78,25,33,37,5,10,35,43,9,16,8,1,4,4,0,1
FR_PDL_85,2020-04-16,64,16,95,24,28,36,5,11,40,55,7,17,17,-1,5,12,-2,1
FR_PDL_85,2020-04-17,71,15,101,24,32,39,5,10,44,57,7,17,6,0,4,2,0,0
FR_PDL_85,2020-04-18,68,14,104,24,31,37,5,9,45,59,7,17,3,0,1,2,0,0
FR_PDL_85,2020-04-19,68,14,105,24,32,36,5,9,45,60,7,17,1,0,0,1,0,0
FR_PDL_85,2020-04-20,66,14,106,26,31,35,5,9,46,60,8,18,1,2,1,0,1,1
FR_PDL_85,2020-04-21,65,13,112,28,32,33,4,9,49,63,9,19,6,2,3,3,1,1
FR_PDL_85,2020-04-22,61,13,118,28,30,31,4,9,52,66,9,19,6,0,3,3,0,0
FR_PDL_85,2020-04-23,56,12,125,29,28,28,4,8,57,68,9,20,7,1,5,2,0,1
FR_PDL_85,2020-04-24,52,12,129,30,27,25,4,8,59,70,9,21,4,1,2,2,0,1
FR_PDL_85,2020-04-25,49,12,132,30,26,23,4,8,60,72,9,21,3,0,1,2,0,0
FR_PDL_85,2020-04-26,49,12,132,30,26,23,4,8,60,72,9,21,0,0,0,0,0,0
FR_PDL_85,2020-04-27,50,12,134,31,27,23,4,8,61,73,10,21,2,1,1,1,1,0
FR_PDL_85,2020-04-28,50,12,134,31,27,23,4,8,61,73,10,21,0,0,0,0,0,0
FR_PDL_85,2020-04-29,44,11,141,31,22,22,4,7,66,75,10,21,7,0,5,2,0,0
FR_PDL_85,2020-04-30,41,9,144,31,19,22,3,6,69,75,10,21,3,0,3,0,0,0
FR_PDL_85,2020-05-01,42,9,145,31,20,22,3,6,69,76,10,21,1,0,0,1,0,0
FR_PDL_85,2020-05-02,46,10,145,31,21,25,3,7,69,76,10,21,0,0,0,0,0,0
FR_PDL_85,2020-05-03,49,12,145,31,21,28,2,10,69,76,10,21,0,0,0,0,0,0
FR_PDL_85,2020-05-04,47,10,145,32,21,26,2,8,69,76,10,22,0,1,0,0,0,1
FR_PDL_85,2020-05-05,46,10,146,32,22,24,2,8,68,78,10,22,1,0,-1,2,0,0
FR_PDL_85,2020-05-06,47,10,146,32,22,25,2,8,68,78,10,22,0,0,0,0,0,0
FR_PDL_85,2020-05-07,44,7,149,32,22,22,2,5,70,79,10,22,3,0,2,1,0,0
FR_PDL_85,2020-05-08,44,9,151,32,20,24,2,7,72,79,10,22,2,0,2,0,0,0
FR_PDL_85,2020-05-09,43,9,152,32,20,23,2,7,72,80,10,22,1,0,0,1,0,0
FR_PDL_85,2020-05-10,42,9,153,32,19,23,2,7,73,80,10,22,1,0,1,0,0,0
FR_PDL_85,2020-05-11,42,9,153,32,19,23,2,7,73,80,10,22,0,0,0,0,0,0
FR_PDL_85,2020-05-12,44,8,160,32,18,26,2,6,76,84,10,22,7,0,3,4,0,0
FR_PDL_85,2020-05-13,46,9,160,32,20,26,2,7,76,84,10,22,0,0,0,0,0,0
FR_PDL_85,2020-05-14,47,9,162,33,20,27,2,7,77,85,10,23,2,1,1,1,0,1
FR_PDL_85,2020-05-15,49,8,164,33,23,26,2,6,77,87,10,23,2,0,0,2,0,0
FR_PDL_85,2020-05-16,47,8,167,34,22,25,2,6,79,88,10,24,3,1,2,1,0,1
FR_PDL_85,2020-05-17,48,8,167,34,23,25,2,6,79,88,10,24,0,0,0,0,0,0
FR_PDL_85,2020-05-18,53,8,167,34,25,28,2,6,79,88,10,24,0,0,0,0,0,0
FR_PDL_85,2020-05-19,61,10,168,35,27,34,2,8,80,88,11,24,1,1,1,0,1,0
FR_PDL_85,2020-05-20,59,7,173,35,24,35,2,5,85,88,11,24,5,0,5,0,0,0
FR_PDL_85,2020-05-21,60,7,174,35,25,35,2,5,85,89,11,24,1,0,0,1,0,0
FR_PDL_85,2020-05-22,62,7,175,35,25,37,2,5,86,89,11,24,1,0,1,0,0,0
FR_PDL_85,2020-05-23,56,5,180,36,21,35,1,4,88,92,12,24,5,1,2,3,1,0
FR_PDL_85,2020-05-24,56,5,180,36,21,35,1,4,88,92,12,24,0,0,0,0,0,0
FR_PDL_85,2020-05-25,58,5,183,36,21,37,1,4,89,94,12,24,3,0,1,2,0,0
FR_PDL_85,2020-05-26,57,5,187,36,18,39,1,4,92,95,12,24,4,0,3,1,0,0
FR_PDL_85,2020-05-27,57,5,188,37,18,39,1,4,92,96,12,25,1,1,0,1,0,1
FR_PDL_85,2020-05-28,57,4,196,37,21,36,1,3,93,103,12,25,8,0,1,7,0,0
FR_PDL_85,2020-05-29,57,4,198,38,22,35,1,3,94,104,12,26,2,1,1,1,0,1
FR_PDL_85,2020-05-30,55,4,200,38,23,32,1,3,94,106,12,26,2,0,0,2,0,0
FR_PDL_85,2020-05-31,55,4,200,38,23,32,1,3,94,106,12,26,0,0,0,0,0,0
FR_PDL_85,2020-06-01,55,4,200,38,23,32,1,3,94,106,12,26,0,0,0,0,0,0
FR_PDL_85,2020-06-02,58,4,202,38,26,32,1,3,94,108,12,26,2,0,0,2,0,0
FR_PDL_85,2020-06-03,58,2,202,38,26,32,0,2,94,108,12,26,0,0,0,0,0,0
FR_PDL_85,2020-06-04,54,3,207,38,24,30,1,2,96,111,12,26,5,0,2,3,0,0
FR_PDL_85,2020-06-05,49,3,213,38,20,29,1,2,100,113,12,26,6,0,4,2,0,0
FR_PDL_85,2020-06-06,50,3,215,38,22,28,1,2,101,114,12,26,2,0,1,1,0,0
FR_PDL_85,2020-06-07,50,3,215,38,22,28,1,2,101,114,12,26,0,0,0,0,0,0
FR_PDL_85,2020-06-08,49,3,215,39,21,28,1,2,101,114,13,26,0,1,0,0,1,0
FR_PDL_85,2020-06-09,44,1,222,40,20,24,0,1,104,118,14,26,7,1,3,4,1,0
FR_PDL_85,2020-06-10,41,1,224,40,18,23,0,1,105,119,14,26,2,0,1,1,0,0
FR_PDL_85,2020-06-11,39,1,227,40,17,22,0,1,107,120,14,26,3,0,2,1,0,0
FR_PDL_85,2020-06-12,38,1,228,40,17,21,0,1,107,121,14,26,1,0,0,1,0,0
FR_PDL_85,2020-06-13,37,1,229,40,17,20,0,1,107,122,14,26,1,0,0,1,0,0
FR_PDL_85,2020-06-14,36,1,230,40,16,20,0,1,108,122,14,26,1,0,1,0,0,0
FR_PDL_85,2020-06-15,35,1,231,40,15,20,0,1,109,122,14,26,1,0,1,0,0,0
FR_PDL_85,2020-06-16,35,1,231,40,15,20,0,1,109,122,14,26,0,0,0,0,0,0
FR_PDL_85,2020-06-17,32,1,235,40,15,17,0,1,110,125,14,26,4,0,1,3,0,0
FR_PDL_85,2020-06-18,30,1,237,40,15,15,0,1,110,127,14,26,2,0,0,2,0,0
FR_PDL_85,2020-06-19,25,0,242,40,12,13,0,0,113,129,14,26,5,0,3,2,0,0
FR_PDL_85,2020-06-20,25,0,242,40,12,13,0,0,113,129,14,26,0,0,0,0,0,0
FR_PDL_85,2020-06-21,25,0,242,40,12,13,0,0,113,129,14,26,0,0,0,0,0,0
