date,total_confirmed,total_tested,total_deceased,new_confirmed,new_tested,new_deceased,key
2020-01-08,0,1,0,0,0,0,GB
2020-01-09,0,1,0,0,0,0,GB
2020-01-10,0,1,0,0,0,0,GB
2020-01-11,0,1,0,0,0,0,GB
2020-01-12,0,1,0,0,0,0,GB
2020-01-13,0,1,0,0,0,0,GB
2020-01-14,0,1,0,0,0,0,GB
2020-01-15,0,1,0,0,0,0,GB
2020-01-16,0,2,0,0,0,0,GB
2020-01-17,0,3,0,0,2,0,GB
2020-01-18,0,3,0,0,0,0,GB
2020-01-19,0,3,0,0,0,0,GB
2020-01-20,0,4,0,0,1,0,GB
2020-01-21,0,4,0,0,0,0,GB
2020-01-22,1,5,0,1,1,0,GB
2020-01-23,1,5,0,0,0,0,GB
2020-01-24,1,7,0,0,0,0,GB
2020-01-25,1,41,0,0,3,0,GB
2020-01-26,1,63,0,0,22,0,GB
2020-01-27,2,88,0,1,24,0,GB
2020-01-28,2,114,0,0,28,0,GB
2020-01-29,2,147,0,0,33,0,GB
2020-01-30,4,184,0,0,37,0,GB
2020-01-31,7,200,0,3,16,0,GB
2020-02-01,4,227,0,0,27,0,GB
2020-02-02,4,290,0,0,63,0,GB
2020-02-03,10,357,0,3,65,0,GB
2020-02-04,2,447,0,0,92,0,GB
2020-02-05,11,504,0,1,57,0,GB
2020-02-06,3,613,0,1,107,0,GB
2020-02-07,3,688,0,0,75,0,GB
2020-02-08,16,781,0,4,93,0,GB
2020-02-09,18,913,0,2,132,0,GB
2020-02-10,8,1251,0,4,338,0,GB
2020-02-11,23,1523,0,1,272,0,GB
2020-02-12,24,1948,0,1,425,0,GB
2020-02-13,26,2757,0,2,809,0,GB
2020-02-14,27,3262,0,1,505,0,GB
2020-02-15,9,3324,0,0,62,0,GB
2020-02-16,27,3448,0,0,152,0,GB
2020-02-17,28,4895,0,1,1419,0,GB
2020-02-18,9,5328,0,0,433,0,GB
2020-02-19,29,5659,0,1,331,0,GB
2020-02-20,30,6028,0,1,369,0,GB
2020-02-21,31,6411,0,1,383,0,GB
2020-02-22,9,6658,0,0,292,0,GB
2020-02-23,36,6897,0,5,194,0,GB
2020-02-24,42,7126,0,6,229,0,GB
2020-02-25,46,7427,0,4,301,0,GB
2020-02-26,49,7846,0,3,419,0,GB
2020-02-27,56,8574,0,7,728,0,GB
2020-02-28,74,9962,0,18,1388,0,GB
2020-02-29,82,11644,0,8,1682,0,GB
2020-03-01,125,13009,0,43,1365,0,GB
2020-03-02,170,14963,0,45,1954,0,GB
2020-03-03,233,15525,0,63,562,0,GB
2020-03-04,319,18463,0,86,2938,0,GB
2020-03-05,398,20155,0,79,1692,0,GB
2020-03-06,522,22710,2,124,2555,2,GB
2020-03-07,622,24010,4,100,1300,2,GB
2020-03-08,740,26371,4,118,2361,0,GB
2020-03-09,924,28033,6,184,1662,2,GB
2020-03-10,1219,29676,14,295,1643,8,GB
2020-03-11,1695,31236,14,476,1560,0,GB
2020-03-12,2302,34388,18,607,3152,4,GB
2020-03-13,2966,38153,21,664,3765,3,GB
2020-03-14,3612,43770,57,646,5617,36,GB
2020-03-15,4405,47098,86,793,3328,29,GB
2020-03-16,5166,51924,133,761,4826,47,GB
2020-03-17,6322,59397,165,1156,7473,32,GB
2020-03-18,7988,66404,234,1666,7007,69,GB
2020-03-19,9675,76060,326,1687,9656,92,GB
2020-03-20,11616,79864,394,1941,3804,70,GB
2020-03-21,13833,87085,515,2217,7221,119,GB
2020-03-22,15843,93583,583,2010,6498,68,GB
2020-03-23,19084,100788,737,3241,7205,154,GB
2020-03-24,22799,108902,1042,3715,8114,305,GB
2020-03-25,26898,117265,1427,4099,8363,385,GB
2020-03-26,32065,127030,1795,5167,9765,368,GB
2020-03-27,38039,137774,2372,5974,10744,577,GB
2020-03-28,43388,146421,2975,5349,8647,603,GB
2020-03-29,48613,154918,3407,5225,8497,432,GB
2020-03-30,55353,164170,4160,6740,9252,753,GB
2020-03-31,62942,174883,4952,7589,10713,792,GB
2020-04-01,72094,187150,6288,9152,12267,1336,GB
2020-04-02,81088,199761,7610,8994,12611,1322,GB
2020-04-03,90420,212996,9064,9332,13235,1454,GB
2020-04-04,98195,224702,10599,7775,11706,1535,GB
2020-04-05,107775,240156,11864,9580,15454,1265,GB
2020-04-06,116651,255594,12992,8876,15438,1128,GB
2020-04-07,125545,262275,15154,8894,6681,2162,GB
2020-04-08,136102,284439,17228,10557,22164,2074,GB
2020-04-09,145344,297917,19474,9242,13478,2246,GB
2020-04-10,154770,313484,21748,9426,15567,2274,GB
2020-04-11,167127,328643,23423,12357,15159,1675,GB
2020-04-12,175765,343485,24792,8638,14842,1369,GB
2020-04-13,183955,353636,26289,8190,10151,1497,GB
2020-04-14,193331,367780,28427,9376,14144,2138,GB
2020-04-15,202425,381761,30139,9094,13981,1712,GB
2020-04-16,211338,398511,32201,8913,16750,2062,GB
2020-04-17,221156,415326,34060,9818,16815,1859,GB
2020-04-18,229991,433526,36284,8835,18200,2224,GB
2020-04-19,238514,451672,37212,8523,18146,928,GB
2020-04-20,246920,467206,38359,8406,15534,1147,GB
2020-04-21,254825,481472,40768,7905,14266,2409,GB
2020-04-22,262759,498095,42463,7934,16623,1695,GB
2020-04-23,270760,515665,43885,8001,17570,1422,GB
2020-04-24,279503,536953,45822,8743,21288,1937,GB
2020-04-25,286771,613254,47497,7268,76301,1675,GB
2020-04-26,293075,641142,48308,6304,27888,811,GB
2020-04-27,300041,670188,48995,6966,29046,687,GB
2020-04-28,306741,702701,50868,6700,32513,1873,GB
2020-04-29,313738,739618,52418,6997,36917,1550,GB
2020-04-30,322494,797711,53736,8756,58093,1318,GB
2020-05-01,331191,876905,55211,8697,79194,1475,GB
2020-05-02,337744,944416,56421,6553,67511,1210,GB
2020-05-03,343335,1003261,57019,5591,58845,598,GB
2020-05-04,349293,1069501,57601,5958,66240,582,GB
2020-05-05,355698,1143196,59019,6405,73695,1418,GB
2020-05-06,363730,1204495,60350,8032,61299,1331,GB
2020-05-07,371232,1276187,61396,7502,71692,1046,GB
2020-05-08,377278,1347569,62627,6046,71382,1231,GB
2020-05-09,382379,1414497,63305,5101,66928,678,GB
2020-05-10,387359,1482123,63821,4980,67626,516,GB
2020-05-11,392863,1550994,64245,5504,68871,424,GB
2020-05-12,397701,1615094,65546,4838,64100,1301,GB
2020-05-13,402364,1681427,66537,4663,66333,991,GB
2020-05-14,407058,1757828,67376,4694,76401,839,GB
2020-05-15,411893,1832476,68161,4835,74648,785,GB
2020-05-16,416347,1916759,69100,4454,84283,939,GB
2020-05-17,420742,1997273,69410,4395,80514,310,GB
2020-05-18,424654,2069453,69733,3912,72180,323,GB
2020-05-19,179581,187030,70849,1333,4628,1116,GB
2020-05-20,428972,2189080,71599,2985,114999,750,GB
2020-05-21,432583,2262481,72261,3611,73401,662,GB
2020-05-22,436816,2348312,72961,4233,85831,700,GB
2020-05-23,440440,208934,73519,3624,5248,558,GB
2020-05-24,443369,212661,74405,2929,3727,886,GB
2020-05-25,445670,216806,74646,2301,4145,241,GB
2020-05-26,450382,221514,74928,4712,4708,282,GB
2020-05-27,453103,226795,75808,2721,5281,880,GB
2020-05-28,455599,232308,76642,2496,5513,834,GB
2020-05-29,458267,238014,77391,2668,5706,749,GB
2020-05-30,460328,242583,77853,2061,4569,462,GB
2020-05-31,462635,246013,78066,2307,3430,213,GB
2020-06-01,464748,250990,78284,2113,4977,218,GB
2020-06-02,467011,256744,78946,2263,5754,662,GB
2020-06-03,469423,262749,79665,2412,6005,719,GB
2020-06-04,471647,269889,79477,2224,7140,348,GB
2020-06-05,473712,276534,80734,2065,6645,721,GB
2020-06-06,475545,280870,81138,1833,4336,404,GB
2020-06-07,477123,284622,81288,1578,3752,150,GB
2020-06-08,478719,289855,81402,1596,5233,114,GB
2020-06-09,480847,294724,81982,2128,4869,580,GB
2020-06-10,482295,299998,82485,1448,5274,503,GB
2020-06-11,483907,304831,82783,1612,4833,298,GB
2020-06-12,485807,310223,83183,1900,5392,400,GB
2020-06-13,487573,314609,83551,1766,4386,368,GB
2020-06-14,489361,317969,83621,1788,3360,70,GB
2020-06-15,492940,394408,83698,3579,76439,77,GB
2020-06-16,494605,400053,84176,1665,5645,478,GB
2020-06-17,496076,405986,84539,1471,5933,363,GB
2020-06-18,497602,412213,84801,1526,6227,262,GB
2020-06-19,499337,417699,85152,1735,5486,351,GB
2020-06-20,500838,424926,85409,1501,7227,257,GB
2020-06-21,502268,430065,85496,1430,5139,87,GB
2020-06-22,503504,434925,85528,1236,4860,32,GB
2020-06-23,504787,439793,85871,1283,4868,343,GB
2020-06-24,505661,445074,86175,874,5281,304,GB
2020-06-25,507002,452173,86473,1341,7099,298,GB
2020-06-26,508566,460306,86843,1564,8133,370,GB
2020-06-27,509717,465450,87041,1151,5144,198,GB
2020-06-28,510706,470875,87112,989,5425,71,GB
2020-06-29,511607,475222,87159,901,4347,47,GB
2020-06-30,512324,477490,87469,717,2268,310,GB
2020-07-01,492506,263600,86297,837,3264,344,GB
